570
548
685445
935296
1028307
1308731
1400138
1400139
1400140
1400141
1400142
1400143
1400144
1400145
1439320
1439321
1439322
1439323
571
795470
883116
883117
883118
883119
883120
883122
883123
883124
883125
1127120
1134455
1168170
1218097
1226300
1255694
1256995
1256996
1256997
1328428
1328429
1328430
1328431
1333852
1348057
1350470
1409787
1421015
573
574
1218098
39831
667127
861365
72407
272620
484021
990925
1087440
1087441
1087442
1087443
1087444
1087445
1094167
1094168
1094169
1094170
1094171
1123862
1125630
1128946
1128947
1128948
1128949
1128950
1128951
1128952
1128953
1128954
1162296
1162297
1168062
1168063
1168064
1177153
1185418
1193292
1199150
1203544
1203545
1203546
1203547
1205678
1218099
1225181
1225182
1225183
1226115
1226680
1228988
1232392
1236531
1267512
1268974
1300166
1306950
1308539
1328324
1328325
1341693
1343063
1379687
1379688
1379689
1384549
1384550
1392499
1395574
1395575
1406314
1413252
1413253
1417983
1460422
1185419
1185420
1212766
507522
1037890
1037908
1049565
1074486
1087446
1087447
1124990
1173763
1221521
1236101
1236102
1244085
1250520
1263871
1267897
1269006
1276652
1276653
1279040
1284787
1284788
1284789
1284790
1284791
1284792
1284793
1284794
1284795
1284796
1284797
1284798
1284799
1284800
1284801
1284802
1284803
1284804
1284805
1284806
1284807
1284808
1284809
1284810
1284811
1284812
1284813
1284814
1284815
1284816
1284817
1284818
1284819
1284820
1284821
1284822
1284823
1284824
1284825
1284826
1284827
1284828
1284829
1284830
1284831
1284832
1284833
1284834
1285372
1285373
1290996
1294138
1294139
1294140
1294141
1294269
1304916
1304917
1304918
1304919
1304920
1304921
1304922
1304923
1304924
1308684
1308685
1308686
1308687
1308688
1310158
1310159
1316582
1316938
1316939
1328337
1328362
1328363
1328364
1328366
1328367
1328368
1328369
1328370
1328371
1328372
1328373
1328375
1328377
1328378
1328379
1328380
1328381
1328382
1328383
1328384
1328385
1328386
1328387
1328388
1328389
1328390
1328391
1328392
1328393
1328394
1328396
1328398
1328399
1328400
1328401
1328402
1328403
1328404
1328405
1328406
1328407
1328408
1328409
1328410
1328411
1328412
1328413
1328414
1328415
1328416
1328417
1328418
1328419
1328420
1328421
1328423
1328424
1328425
1328426
1328427
1329801
1329843
1345628
1345631
1348659
1352932
1352933
1357295
1365186
1380908
1381121
1389422
1392500
1400160
1400161
1400162
1400163
1400164
1400165
1400166
1400167
1400168
1400169
1400170
1400172
1400173
1400174
1400175
1400176
1400177
1400178
1400179
1400180
1400181
1400182
1400183
1400184
1400185
1409961
1409962
1409963
1409964
1409965
1409966
1411646
1420012
1420013
1427522
1431455
1432547
1432550
1432552
1432553
1432554
1432558
1432561
1438697
1438698
1438699
1438701
1438702
1438703
1438704
1438705
1438706
1438707
1438708
1438709
1438710
1438711
1438712
1438713
1438714
1438715
1438716
1438717
1438718
1438719
1438720
1438721
1438722
1438723
1438724
1438725
1438726
1438727
1438728
1438729
1438730
1438731
1438732
1438733
1438734
1438735
1438736
1438737
1438738
1438739
1438740
1438741
1438742
1438743
1438744
1438745
1438746
1438747
1438748
1438749
1438750
1438751
1438752
1438753
1438754
1438755
1438756
1438757
1438758
1438759
1438760
1438761
1438762
1438763
1438764
1438765
1438766
1438767
1438768
1438769
1438770
1438771
1438772
1438773
1438774
1438775
1438776
1438777
1438778
1438779
1438780
1438781
1438782
1438783
1438784
1438785
1438786
1438787
1438788
1438789
1438790
1438792
1438793
1438794
1438795
1438796
1438797
1438798
1438800
1438802
1438803
1438804
1438805
1438806
1438807
1438808
1438809
1438810
1438811
1449984
1449985
1451263
1453426
1455602
1455603
1455604
1455605
576
39824
95610
97470
97471
97472
101654
126340
126341
126342
126571
143776
160057
167956
178398
178402
204074
205476
205477
215145
215805
215806
216912
223378
223379
224636
225200
225201
231238
231240
231249
231505
236813
237597
237598
237599
238200
243632
244225
244366
640131
1328365
1328374
1328395
1400171
1438700
1438791
1438799
1438801
2489011
2489012
2489013
2489014
2489015
2489016
244368
254055
255068
260745
280474
284010
284011
591964
591965
591966
666709
691804
691805
703760
720763
720764
720765
720766
720767
720768
720769
720770
720771
720772
720773
720774
720775
720776
720777
720778
720779
720780
720781
720782
720783
720784
720785
720786
720787
720788
720789
720790
720791
720792
720793
720794
720795
720796
720797
720798
720799
720800
720801
720802
720803
720804
720805
720806
720807
720808
720809
720810
720811
720812
720813
720814
720815
752087
752088
752089
752090
752091
752092
763870
763871
763872
763873
763874
763875
763876
763877
763878
763879
887654
887655
887656
887657
887658
946042
1052256
1157303
1224238
1224239
1256027
1256028
1263083
1288399
1308786
1308787
1308788
1308789
1308790
1308791
1308792
1308793
1308794
1308795
1335606
1335607
1413111
1413112
1413113
1413114
1490265
1490266
1490267
1490268
1513483
1513484
1563410
1607799
1718052
1718053
1718054
288990
293879
295118
299703
299709
301430
301435
302622
305738
305739
305740
306238
307684
307789
307790
314321
314322
314323
314581
315611
315612
318429
321150
321208
321908
321909
324630
324631
324632
324636
324639
324640
324641
324642
324643
324645
324654
324661
324663
324667
324668
324669
324670
330197
336090
337059
338390
338391
339623
339645
347171
347172
347173
347174
348165
351736
352153
352154
352155
353498
354408
356910
356912
357510
357522
360058
360283
361302
361309
361310
361316
361711
362281
362282
362408
362536
362544
362553
362558
362560
362561
362562
362565
362566
362570
363637
363685
367837
369978
369979
373894
375438
380158
386329
386330
386331
386332
388368
390950
394941
394942
395955
395956
395957
396383
396856
398177
398357
399580
401461
404820
407047
407154
407225
408076
408077
408078
408958
409490
410355
411110
411124
417230
418650
419469
420993
427612
429735
436297
436298
437567
437568
437569
438551
439147
439148
443273
452312
460497
462948
466942
467595
467596
468562
473771
474576
474956
475049
475050
475837
477220
477685
478878
479580
480481
481783
483703
483704
483705
488116
488140
489627
490214
490215
490746
490747
492218
493910
497526
500336
501747
501748
501749
501750
501751
502070
505703
505708
507806
508174
511717
511718
512083
519887
519990
520108
520109
521457
527768
529097
529098
536642
538387
539252
545873
550786
550979
551325
554040
554557
554559
554560
554562
555792
559970
561136
561525
570192
572004
572005
575324
580133
582189
582849
588893
589011
589012
589013
591797
593070
595264
595265
595266
595267
595268
595269
595270
595271
595272
595273
595274
595275
595276
595277
595278
595279
595280
595281
595282
595283
595284
595513
595514
595515
595516
595517
595518
595519
595520
597357
598688
598689
599695
599696
599697
599698
599699
599700
599701
599702
604299
614060
614061
614062
619286
621164
621165
622522
622523
622524
622525
622526
623969
623970
626487
626488
626489
626537
627059
627060
627061
627062
627063
627064
627065
627066
627067
630190
638104
638105
638106
638107
638108
638109
638110
638111
638112
640050
640051
640052
640053
644040
644620
645758
646096
646356
646394
648890
649748
649749
649750
649751
650458
651831
652791
652842
655778
658432
662873
665558
665742
665944
672443
673552
673553
679002
682326
682327
682935
682937
684624
684625
685590
686401
692339
693217
701298
701299
701300
702301
702302
702683
706399
706400
706401
706997
707201
707202
707203
707204
707205
707568
709347
710644
712327
714660
714967
717991
722880
741153
742841
745303
745304
745305
745306
745307
746106
748334
748335
748336
748337
748338
748339
748340
748341
748342
748343
748344
748345
748346
748347
748348
749535
753531
753542
755264
756082
756490
756491
758573
759813
759815
759816
762878
765125
766763
857461
861213
861214
861230
861232
861234
862419
864413
867228
867870
870420
870421
870422
870423
870424
870425
870426
870530
871121
871234
871235
871353
871702
872953
872957
874310
875302
875796
875797
875798
875799
876701
877575
880314
888966
890031
903363
903364
903365
903366
903367
903368
903369
903370
903371
903372
903373
903374
903375
903376
903377
903378
903379
903380
903381
903382
903383
903384
903385
903386
903387
903388
903389
903390
903391
903392
903393
903394
904496
905794
907279
907280
907281
907682
908548
909551
911619
913966
913967
927198
927200
927201
927203
927204
927205
927207
927210
927211
927213
927214
927215
927216
927218
927219
927220
927222
927223
927224
927226
927227
927229
927230
927232
927237
927239
927240
930461
930462
930463
930464
930465
930466
930467
930468
930469
930470
930471
930472
930473
930474
930475
930476
930477
930478
933423
935996
935997
936564
936565
937613
937628
944012
944555
944988
945487
945488
947408
948315
948562
948606
952381
952382
952383
952384
979618
979679
980236
988768
992877
992878
997499
999364
999365
999366
999367
1000273
1000280
1005173
1005174
1005175
1005176
1005177
1005178
1005179
1005180
1005181
1005182
1005183
1005184
1005185
1005186
1005187
1005188
1005189
1005190
1005191
1005192
1005193
1005194
1005195
1005196
1005197
1005198
1005199
1005200
1005201
1005202
1005203
1005204
1005205
1005206
1005207
1005208
1005209
1005210
1005211
1005212
1005213
1005214
1005215
1005216
1005217
1005218
1005219
1005220
1005221
1005222
1005223
1005224
1005225
1005337
1005792
1009027
1027640
1029576
1029577
1030232
1030233
1030234
1030235
1030237
1030654
1034208
1034209
1037240
1038695
1038731
1040576
1040958
1042530
1042531
1042532
1048306
1048707
1052107
1052108
1052109
1052110
1052111
1052112
1052113
1052114
1052115
1052116
1052117
1068677
1069109
1071007
1071815
1071816
1074972
1087368
1089783
1089787
1090635
1093134
1093135
1093628
1093752
1093753
1095791
1101536
1101537
1101538
1101539
1101540
1101541
1101542
1101543
1101544
1101545
1101546
1101547
1101548
1101549
1101550
1101551
1101552
1101553
1101554
1101555
1107525
1113662
1113663
1114985
1115487
1117993
1118544
1120313
1124506
1124668
1126614
1127345
1128136
1133328
1134687
290336
290337
1006551
1191061
1308980
1416754
1138555
1140114
1141206
1144995
1145303
1145304
1156644
1157210
1157211
1157212
1159706
1160953
1160960
1160965
1162218
1163468
1165419
1167602
1167902
1167903
1169605
1169911
1172929
1172930
1172931
1172932
1172933
1172934
1172935
1172936
1172937
1172938
1172939
1172940
1172941
1172942
1172943
1172944
1172945
1172946
1172947
1173495
1173496
1181672
1181977
1182695
1182772
1182773
1191502
1195783
1196034
1197944
1197945
1197946
1197947
1197948
1198457
1198640
1200304
1200305
1200412
1200413
1200414
1200415
1200416
1201002
1201003
1201284
1201285
1203249
1206669
1208755
1208892
1208893
1209633
1212459
1212460
1213403
1215049
1216883
1219671
1219725
1219726
1220537
1220669
1221372
1221837
1225711
1225712
1225713
1229057
1230327
1232225
1233124
1233876
1233975
1235576
1235716
1235717
1238527
1238528
1238529
1238530
1242692
1242877
1245462
1246539
1248983
1249352
1249353
1249354
1249355
1249356
1249357
1249358
1256784
1257470
1257471
1257472
1259360
1261095
1268964
1269949
1271539
1271540
1273291
1274741
1282210
1282211
1282212
1282213
1282214
1282215
1282216
1282217
1282218
1282219
1282220
1282221
1282222
1283981
1283982
1283983
1283984
1284673
1291577
1293067
1293930
1293931
1293932
1293933
1293934
1293935
1293936
1293937
1293938
1293939
1293940
1293941
1293942
1293943
1293944
1293945
1293946
1293947
1293948
1293949
1293950
1293951
1293952
1293953
1293954
1295339
1298506
1298811
1298812
1299486
1301751
1303369
1304704
1304705
1304706
1304707
1304796
1306657
1307131
1310090
1312681
1313068
1318980
1318981
1318982
1318983
1318984
1318985
1318986
1318987
1318988
1318989
1318990
1318991
1318992
1318993
1318994
1318995
1318996
1318997
1318998
1318999
1319000
1319001
1319002
1319003
1319004
1319005
1319006
1319007
1319008
1319009
1319010
1319011
1319012
1319013
1319014
1319015
1319016
1319017
1319018
1319019
1319020
1319021
1319022
1319023
1319024
1319025
1319026
1319027
1319028
1319029
1319030
1319031
1319032
1319033
1319034
1319035
1319036
1319037
1319038
1319039
1319040
1319041
1319042
1319043
1319044
1319045
1319046
1319047
1319048
1319049
1319050
1319051
1319052
1319053
1319054
1319055
1319056
1319057
1319058
1319059
1319060
1319061
1319062
1319063
1319064
1319065
1319066
1319067
1319068
1319069
1319070
1323319
1323363
1327038
1331421
1331487
1331667
1332002
1332003
1332004
1332269
1333334
1336497
1339196
1339197
1339198
1339199
1339200
1339201
1339202
1341555
1343570
1343609
1345687
1348150
1348531
1348532
1353188
1356225
1356534
1356535
1356536
1356537
1356538
1356539
1356540
1356541
1365465
1365970
1365971
1366629
1366630
1366631
1370045
1372767
1378085
1379672
1380103
1380228
1381574
1381575
1381576
1381577
1383421
1389194
1390252
1393032
1393142
1393143
1393144
1393145
1394854
1397123
1397124
1397125
1397126
1397127
1397130
1397131
1398315
1398323
1398325
1398338
1406903
1413788
1416786
1416787
1419613
1419614
1419615
1420721
1420722
1425796
1427403
1432532
1432865
1432866
1432867
1433259
1433260
1435641
1439474
1439887
1448376
1449405
1455575
1456596
1456597
1456598
1456665
1456666
1458398
1458698
1460679
1460681
1461055
1461056
1461057
1461058
1461059
1461616
1462635
1462643
1463165
1463164
1328376
1667327
1328397
1470087
1472083
1473109
1473127
1473128
1473129
1473130
1473131
1473132
1473133
1473134
1473135
1473136
1473137
1473138
1473284
1474871
1474898
1474899
1474900
1476406
1476734
1477385
1477386
1477387
1478939
1478940
1479713
1480089
1480891
1481099
1482184
1482188
1482694
1482697
1482701
1484788
1487945
1494066
1497792
1497793
1497794
1497795
1497796
1497797
1497798
1497799
1497800
1497801
1497802
1497803
1497804
1497805
1497806
1497807
1497808
1497809
1497810
1497811
1497812
1497813
1497814
1497815
1497816
1497817
1497818
1497819
1497820
1497821
1497822
1497823
1497824
1497825
1497826
1497827
1497828
1497829
1497830
1497831
1497832
1497833
1497834
1497835
1497836
1497837
1497838
1497839
1497840
1497841
1497842
1497843
1497844
1498041
1500168
1500169
1500170
1500171
1500214
1506396
1507744
1507745
1507746
1507747
1507748
1507749
1507750
1507751
1507752
1507753
1507754
1507755
1507756
1507757
1507758
1507759
1509486
1511770
1513283
1514832
1514833
1518732
1518733
1518734
1519422
1519571
1519572
1519573
1519574
1519575
1519896
1520223
1520237
1522695
1525432
1525433
1527263
1529575
1529576
1530429
1532543
1532544
1532545
1532546
1534034
1534995
1534996
1534997
1534998
1535279
1536622
1536925
1538225
1538226
1538227
1538353
1538361
1538629
1539940
1540076
1540293
1541957
1541958
1542929
1543262
1543263
1543264
1543875
1543876
1545431
1545432
1545433
1545602
1545698
1546836
1546837
1546838
1547200
1547201
1547202
1551456
1555210
1559356
1561388
1563191
1564484
1565008
1565451
1565452
1565453
1565841
1566152
1566153
1566154
1566155
1566156
1566157
1566158
1566159
1566160
1566161
1566162
1566163
1566164
1566165
1566166
1566167
1566168
1566169
1566170
1566171
1566172
1566173
1566174
1566175
1566176
1566177
1566178
1566179
1566180
1566181
1566182
1566183
1566184
1566297
1570431
1570432
1570433
1572314
1573904
1573905
1573906
1573907
1573908
1573909
1573910
1576453
1576454
1577733
1577734
1579020
1579021
1581057
1581064
1581108
1581110
1581146
1582045
1604629
1607809
1608697
1610775
1610851
1612600
1616814
1616815
1617640
1618181
1619882
1630156
1631205
1633356
1639197
1639198
1640609
1640663
1640664
1640665
1641362
1641366
1641367
1641368
1643517
1643518
1645105
1645106
1645107
1645108
1645109
1645110
1645111
1645112
1645113
1645114
1645115
1645116
1645117
1645118
1645119
1645120
1645121
1645122
1645123
1645124
1645125
1645126
1645127
1645128
1645129
1645130
1645131
1645132
1645133
1645134
1645135
1645136
1645137
1645138
1645139
1645140
1645141
1645142
1645143
1645144
1645145
1645146
1645147
1645148
1645149
1645150
1645151
1645152
1645153
1645154
1645155
1645156
1645157
1645158
1645159
1645160
1645161
1645162
1645163
1645164
1645165
1645166
1645167
1645168
1645169
1645170
1645171
1645172
1645173
1645174
1645175
1645176
1645177
1645178
1645179
1645180
1645181
1645182
1645183
1645184
1645185
1645186
1645187
1645188
1645189
1645190
1645191
1645192
1645193
1645194
1645195
1645196
1645197
1645198
1645199
1645200
1645201
1645202
1645203
1647477
1647696
1647697
1648212
1649605
1649611
1652114
1654817
1654818
1657010
1661550
1661757
1662686
1662687
1662688
1662689
1662690
1662691
1662693
1663553
1663554
1672712
1672713
1673073
1673141
1673278
1673298
1674076
1675970
1676430
1676761
1676762
1676763
1676764
1676765
1677832
1677871
1678139
1679476
1679481
1679485
1680701
1680705
1680728
1680729
1681196
1681821
1683546
1683547
1684112
1684113
1685645
1685646
1685858
1685899
1686294
1688565
1688566
1688567
1688568
1688569
1688570
1688571
1688572
1688573
1688574
1689648
1690102
1690109
1690219
1690678
1697968
1698775
1699372
1699883
1704094
1704095
1704907
1704908
1705358
1710543
1714265
1716098
1716099
1716100
1716101
1716464
1716465
1716466
1716467
1721017
1727153
1729599
1729600
1729601
1729914
1734005
1734009
1734033
1737119
1737120
1737421
1737631
1738481
1738482
1740267
1743222
1751778
1751907
1752124
1755527
1755528
1755529
1755634
1756287
1756354
1756672
1756673
1756674
1756675
1761448
1762830
1763004
1763889
1768104
1769186
1770553
1770554
1770555
1770556
1770569
1770570
1770572
1772265
1773478
1773479
1773480
1773481
1774503
1776728
1777391
1777392
1777393
1777394
1777395
1777396
1777397
1777398
1777399
1777400
1778872
1778873
1778874
1778875
1788408
1789816
1794555
1795394
1795395
1795396
1795659
1795755
1804668
1806811
1806812
1806813
1806814
1806815
1806816
1806817
1806818
1806819
1806820
1806821
1806822
1806823
1806824
1806825
1806826
1808314
1808315
1809100
1809101
1809102
1809103
1809104
1809293
1809298
1809456
1812016
1812166
1812920
1812954
1814239
1814277
1826125
1826668
1827121
1834920
1835003
1836287
1836288
1836289
1836657
1836658
1837085
1839608
1839609
1839610
1839611
1839612
1841837
1846215
1847740
1847741
1847981
1848002
1848022
1848148
1848462
1848463
1848966
1848967
1850206
1850207
1853117
1854561
1857098
1859617
1859618
1859619
1860065
1862509
1862568
1864756
1864757
1864758
1874074
1874075
1874087
1874088
1874090
1874092
1874094
1874096
1905288
1908518
1910916
1928193
1934254
1972757
1976998
2015795
2022810
2026240
2042302
2043139
2044270
2054595
2054596
2054597
2054599
2054600
2054601
2054602
2054603
2054604
2054605
2054606
2054607
2054608
2057803
2057804
2057805
2058152
2070740
2071634
2126992
2153354
2163944
2172046
2203713
2267618
2315671
2315673
2315674
2315675
2488567
2489010
2561928
2563859
2563860
2563861
2563862
2563863
2563864
2563865
2563866
2563867
2563868
2563869
2563870
2563871
2563872
2563873
2563874
2563875
2563876
2563877

