CP029443.1	V00631;cluster_I;Klebsiella_pneumoniae	89.43	1769	5418306	165	19	3728896	3730654	1803	47	0.0	2211	minus	0
CP029443.1	AY242355;cluster_I;Klebsiella_pneumoniae_342	96.26	883	5418306	31	2	3729527	3730408	882	1	0.0	1447	minus	0
CP029443.1	KPNNIFH;cluster_I;Klebsiella_pneumoniae	91.36	891	5418306	75	2	3729519	3730408	890	1	0.0	1218	minus	0
CP029443.1	X96609;cluster_I;Alcaligenes_faecalis	82.49	868	5418306	144	8	3729539	3730402	1475	612	0.0	 754	minus	0
CP029443.1	AVIMONFE;cluster_I;Azotobacter_chroococcum	82.48	839	5418306	134	10	3729572	3730402	1077	244	0.0	 723	minus	0
CP029443.1	X03916;cluster_I;Azotobacter_chroococcum	81.75	833	5418306	146	6	3729572	3730401	1174	345	0.0	 691	minus	0
CP029443.1	FJ593769;cluster_I;Klebsiella_sp._P0646	97.94	389	5418306	8	0	3729936	3730324	389	1	0.0	 675	minus	0
CP029443.1	FJ593768;cluster_I;Klebsiella_sp._CRPV0611a	97.69	389	5418306	9	0	3729936	3730324	389	1	0.0	 669	minus	0
CP029443.1	FJ593767;cluster_I;Klebsiella_sp._P0643	97.43	389	5418306	10	0	3729936	3730324	389	1	0.0	 664	minus	0
CP029443.1	FJ593766;cluster_I;Klebsiella_sp._P0640	97.43	389	5418306	10	0	3729936	3730324	389	1	0.0	 664	minus	0
CP029443.1	FJ593765;cluster_I;Klebsiella_sp._P0638	97.43	389	5418306	10	0	3729936	3730324	389	1	0.0	 664	minus	0
CP029443.1	FJ593757;cluster_I;Klebsiella_sp._CRLS069a	97.43	389	5418306	10	0	3729936	3730324	389	1	0.0	 664	minus	0
CP029443.1	FJ593760;cluster_I;Klebsiella_sp._CRLS064	97.17	389	5418306	11	0	3729936	3730324	389	1	0.0	 658	minus	0
CP029443.1	FJ593763;cluster_I;Klebsiella_sp._CRLI0718a	97.17	389	5418306	11	0	3729936	3730324	389	1	0.0	 658	minus	0
CP029443.1	FJ593756;cluster_I;Klebsiella_sp._CRLI0715	97.17	389	5418306	11	0	3729936	3730324	389	1	0.0	 658	minus	0
CP029443.1	FJ593758;cluster_I;Klebsiella_sp._CRPV0610	97.17	389	5418306	11	0	3729936	3730324	389	1	0.0	 658	minus	0
CP029443.1	FJ593759;cluster_I;Klebsiella_sp._CRLS0617	97.17	389	5418306	11	0	3729936	3730324	389	1	0.0	 658	minus	0
CP029443.1	FJ593764;cluster_I;Klebsiella_sp._CRLI0713	97.17	389	5418306	11	0	3729936	3730324	389	1	0.0	 658	minus	0
CP029443.1	FJ593762;cluster_I;Klebsiella_sp._CRLI0728	97.17	389	5418306	11	0	3729936	3730324	389	1	0.0	 658	minus	0
CP029443.1	X13519;cluster_I;Azotobacter_vinelandii	81.06	834	5418306	150	7	3729572	3730401	1050	221	0.0	 658	minus	0
CP029443.1	FJ593866;cluster_I;Klebsiella_sp._AL060225_04	96.92	389	5418306	12	0	3729936	3730324	389	1	0.0	 652	minus	0
CP029443.1	FJ593865;cluster_I;Klebsiella_sp._AL050511_01	96.92	389	5418306	12	0	3729936	3730324	389	1	0.0	 652	minus	0
CP029443.1	FJ593860;cluster_I;Klebsiella_sp._MNS_801b	96.92	389	5418306	12	0	3729936	3730324	389	1	0.0	 652	minus	0
CP029443.1	FJ593864;cluster_I;Klebsiella_sp._MNFG_802	96.92	389	5418306	12	0	3729936	3730324	389	1	0.0	 652	minus	0
CP029443.1	FJ593861;cluster_I;Klebsiella_sp._MNS_801a	96.92	389	5418306	12	0	3729936	3730324	389	1	0.0	 652	minus	0
CP029443.1	FJ593862;cluster_I;Klebsiella_sp._MNW_801b	96.92	389	5418306	12	0	3729936	3730324	389	1	0.0	 652	minus	0
CP029443.1	FJ593863;cluster_I;Klebsiella_sp._MNFG_801b	96.92	389	5418306	12	0	3729936	3730324	389	1	0.0	 652	minus	0
CP029443.1	FJ593761;cluster_I;Klebsiella_sp._CRLI0730	96.92	389	5418306	12	0	3729936	3730324	389	1	0.0	 652	minus	0
CP029443.1	AY846276;cluster_I;Klebsiella_pneumoniae	96.16	391	5418306	14	1	3730002	3730391	10	400	4e-180	 638	plus	0
CP029443.1	AB189641;cluster_I;Halorhodospira_halophila	80.45	803	5418306	153	4	3729587	3730387	1031	231	8e-172	 610	minus	0
CP029443.1	EU938522;cluster_I;Burkholderia_sp._gx97	96.66	359	5418306	12	0	3729936	3730294	359	1	7e-168	 597	minus	0
CP029443.1	FJ822998;cluster_I;Klebsiella_sp._gx-3	96.38	359	5418306	13	0	3729936	3730294	4	362	3e-166	 592	plus	0
CP029443.1	AY367392;cluster_I;Klebsiella_variicola	98.21	336	5418306	6	0	3729959	3730294	337	2	4e-165	 588	minus	0
CP029443.1	FJ822994;cluster_I;Sinorhizobium_sp._gx-153	96.54	347	5418306	12	0	3729936	3730282	4	350	3e-161	 575	plus	0
CP029443.1	AY367394;cluster_I;Klebsiella_variicola	97.60	333	5418306	8	0	3729962	3730294	334	2	4e-160	 571	minus	0
CP029443.1	FJ593867;cluster_I;Klebsiella_sp._AL060224_03	92.80	389	5418306	28	0	3729936	3730324	389	1	7e-158	 564	minus	0
CP029443.1	DQ821722;cluster_I;Sphingomonas_sp._Y49	98.14	322	5418306	6	0	3729953	3730274	322	1	2e-157	 562	minus	0
CP029443.1	AY367393;cluster_I;Klebsiella_variicola	96.73	336	5418306	11	0	3729936	3730271	336	1	9e-157	 560	minus	0
CP029443.1	AY367395;cluster_I;Klebsiella_variicola	96.73	336	5418306	11	0	3729936	3730271	336	1	9e-157	 560	minus	0
CP029443.1	AJ563286;cluster_I;Dechloromonas_sp._SIUL	81.71	667	5418306	118	4	3729651	3730315	677	13	1e-154	 553	minus	0
CP029443.1	DQ821723;cluster_I;Klebsiella_sp._Y57	97.52	322	5418306	8	0	3729953	3730274	322	1	5e-154	 551	minus	0
CP029443.1	AB270756;cluster_I;Klebsiella_pneumoniae	97.49	319	5418306	8	0	3729977	3730295	360	42	2e-152	 545	minus	0
CP029443.1	DQ364801;cluster_I;Klebsiella_sp._BM92	96.88	320	5418306	10	0	3729978	3730297	320	1	1e-149	 536	minus	0
CP029443.1	KSU32183;cluster_I;Klebsiella_sp.	93.22	339	5418306	22	1	3730020	3730357	339	1	2e-142	 512	minus	0
CP029443.1	GQ381287;cluster_I;Klebsiella_sp._SZ7-2	90.25	359	5418306	32	2	3729936	3730294	356	1	2e-128	 466	minus	0
CP029443.1	AF031817;cluster_I;Rhodobacter_sphaeroides	76.95	820	5418306	165	19	3729584	3730391	1090	283	3e-122	 446	minus	0
CP029443.1	AY221827;cluster_I;Klebsiella_oxytoca_KCTC_1686	91.13	327	5418306	29	0	3729950	3730276	327	1	9e-122	 444	minus	0
CP029443.1	AY373368;cluster_I;Paenibacillus_sp._g2	90.83	327	5418306	30	0	3729971	3730297	327	1	4e-120	 438	minus	0
CP029443.1	FJ593777;cluster_I;Pantoea_sp._CRLI0725a	86.63	389	5418306	52	0	3729936	3730324	389	1	7e-118	 431	minus	0
CP029443.1	FJ593779;cluster_I;Pantoea_sp._A0305	86.63	389	5418306	52	0	3729936	3730324	389	1	7e-118	 431	minus	0
CP029443.1	FJ593780;cluster_I;Pantoea_sp._P0352	86.63	389	5418306	52	0	3729936	3730324	389	1	7e-118	 431	minus	0
CP029443.1	FJ593778;cluster_I;Pantoea_sp._P0359	86.63	389	5418306	52	0	3729936	3730324	389	1	7e-118	 431	minus	0
CP029443.1	AB542353;cluster_I;Azospirillum_sp._TSA36t	79.39	626	5418306	112	14	3729687	3730305	638	23	3e-116	 425	minus	0
CP029443.1	AY367396;cluster_I;Raoultella_terrigena	89.76	332	5418306	34	0	3729963	3730294	332	1	3e-116	 425	minus	0
CP029443.1	AY373369;cluster_I;Bacillus_cereus	89.91	327	5418306	33	0	3729971	3730297	331	5	4e-115	 422	minus	0
CP029443.1	FJ593869;cluster_I;Pantoea_sp._EC080527_02	86.12	389	5418306	54	0	3729936	3730324	389	1	2e-114	 420	minus	0
CP029443.1	FJ593776;cluster_I;Pantoea_sp._CRLI0712a	86.12	389	5418306	54	0	3729936	3730324	389	1	2e-114	 420	minus	0
CP029443.1	FJ593775;cluster_I;Pantoea_sp._CRLS0621	86.12	389	5418306	54	0	3729936	3730324	389	1	2e-114	 420	minus	0
CP029443.1	FJ593773;cluster_I;Pantoea_sp._P0356	86.12	389	5418306	54	0	3729936	3730324	389	1	2e-114	 420	minus	0
CP029443.1	AY373371;cluster_I;Bacillus_sp._w5	89.60	327	5418306	34	0	3729971	3730297	327	1	2e-113	 416	minus	0
CP029443.1	FJ593774;cluster_I;Pantoea_sp._A0310	85.86	389	5418306	55	0	3729936	3730324	389	1	7e-113	 414	minus	0
CP029443.1	EF199951;cluster_I;Halorhodospira_halophila	83.33	450	5418306	73	2	3729936	3730384	449	1	7e-113	 414	minus	0
CP029443.1	AY373365;cluster_I;Bacillus_megaterium	89.69	320	5418306	33	0	3729978	3730297	320	1	3e-111	 409	minus	0
CP029443.1	EF200511;cluster_I;Klebsiella_sp._TT001	90.79	304	5418306	28	0	3729961	3730264	304	1	1e-110	 407	minus	0
CP029443.1	EF200510;cluster_I;Klebsiella_sp._NTI31	90.79	304	5418306	28	0	3729961	3730264	304	1	1e-110	 407	minus	0
CP029443.1	DQ364804;cluster_I;Klebsiella_sp._JT42	89.02	328	5418306	34	2	3729971	3730297	327	1	4e-110	 405	minus	0
CP029443.1	GQ381290;cluster_I;Klebsiella_pneumoniae	89.41	321	5418306	32	2	3729936	3730256	331	13	2e-109	 403	minus	0
CP029443.1	AB542349;cluster_I;Azospirillum_sp._TSA20c	78.75	626	5418306	116	15	3729687	3730305	644	29	2e-109	 403	minus	0
CP029443.1	AB542346;cluster_I;Azospirillum_sp._TSA16	78.75	626	5418306	116	15	3729687	3730305	623	8	2e-109	 403	minus	0
CP029443.1	AB542338;cluster_I;Azospirillum_sp._TSA6c	78.72	625	5418306	116	15	3729688	3730305	643	29	6e-109	 401	minus	0
CP029443.1	AF545637;cluster_I;Pantoea_agglomerans	86.83	357	5418306	47	0	3730010	3730366	360	4	2e-108	 399	minus	0
CP029443.1	FJ032021;cluster_I;Klebsiella_sp._BN-4A	89.97	309	5418306	31	0	3730002	3730310	309	1	2e-108	 399	minus	0
CP029443.1	AY373366;cluster_I;Bacillus_sp._c6	88.69	327	5418306	37	0	3729971	3730297	327	1	2e-108	 399	minus	0
CP029443.1	FJ822999;cluster_I;Stenotrophomonas_sp._gx-44	86.50	363	5418306	47	2	3729933	3730294	1	362	7e-108	 398	plus	0
CP029443.1	FJ347449;cluster_I;Bradyrhizobium_sp._ORS_391	79.79	559	5418306	104	8	3729725	3730280	553	1	7e-108	 398	minus	0
CP029443.1	FJ347439;cluster_I;Bradyrhizobium_sp._ORS_331	79.79	559	5418306	104	8	3729725	3730280	553	1	7e-108	 398	minus	0
CP029443.1	GQ381289;cluster_I;Paenibacillus_sp._SZ002	89.10	321	5418306	32	3	3729936	3730256	327	10	3e-107	 396	minus	0
CP029443.1	HM047125;cluster_I;Bradyrhizobium_denitrificans	78.96	594	5418306	116	8	3729715	3730305	619	32	3e-107	 396	minus	0
CP029443.1	FJ347448;cluster_I;Bradyrhizobium_sp._ORS_377	79.43	559	5418306	106	8	3729725	3730280	553	1	1e-105	 390	minus	0
CP029443.1	FJ347438;cluster_I;Bradyrhizobium_sp._ORS_330	79.71	557	5418306	100	12	3729729	3730280	549	1	1e-105	 390	minus	0
CP029443.1	AB542360;cluster_I;Azospirillum_sp._TSH19	79.38	577	5418306	102	15	3729710	3730279	568	2	1e-105	 390	minus	0
CP029443.1	FJ347445;cluster_I;Bradyrhizobium_sp._ORS_361	79.11	560	5418306	106	10	3729725	3730280	553	1	4e-105	 388	minus	0
CP029443.1	AB542367;cluster_I;Azospirillum_sp._TSH100	79.34	576	5418306	102	15	3729710	3730278	566	1	4e-105	 388	minus	0
CP029443.1	FJ032022;cluster_I;Klebsiella_sp._AF-4C	89.32	309	5418306	33	0	3730002	3730310	311	3	4e-105	 388	minus	0
CP029443.1	X63352;cluster_I;Rhodobacter_capsulatus	75.48	840	5418306	183	17	3729573	3730399	2132	1303	4e-105	 388	minus	0
CP029443.1	FJ822996;cluster_I;Kluyvera_ascorbata	85.91	362	5418306	51	0	3729933	3730294	1	362	2e-104	 387	plus	0
CP029443.1	FJ347446;cluster_I;Bradyrhizobium_sp._ORS_372	79.35	557	5418306	102	12	3729729	3730280	549	1	2e-104	 387	minus	0
CP029443.1	FJ347430;cluster_I;Bradyrhizobium_sp._ORS_307	79.17	557	5418306	103	12	3729729	3730280	549	1	2e-104	 387	minus	0
CP029443.1	EU622788;cluster_I;Allochromatium_minutissimum	82.26	451	5418306	76	4	3729936	3730384	449	1	2e-104	 387	minus	0
CP029443.1	FJ347443;cluster_I;Bradyrhizobium_sp._ORS_356	78.93	560	5418306	107	10	3729725	3730280	553	1	6e-104	 385	minus	0
CP029443.1	FJ347418;cluster_I;Bradyrhizobium_sp._ORS_277	79.53	557	5418306	101	12	3729729	3730280	549	1	6e-104	 385	minus	0
CP029443.1	FJ347434;cluster_I;Bradyrhizobium_sp._ORS_318	78.96	556	5418306	106	10	3729729	3730280	549	1	2e-103	 383	minus	0
CP029443.1	FJ347422;cluster_I;Bradyrhizobium_sp._ORS_294	78.96	556	5418306	106	10	3729729	3730280	549	1	2e-103	 383	minus	0
CP029443.1	FJ347424;cluster_I;Bradyrhizobium_sp._ORS_298	78.60	570	5418306	111	10	3729715	3730280	563	1	2e-103	 383	minus	0
CP029443.1	X07866;cluster_I;Rhodobacter_capsulatus_SB_1003	75.36	840	5418306	184	17	3729573	3730399	934	105	2e-103	 383	minus	0
CP029443.1	FJ347427;cluster_I;Bradyrhizobium_sp._ORS_303	78.75	560	5418306	108	10	3729725	3730280	553	1	3e-102	 379	minus	0
CP029443.1	FJ347420;cluster_I;Bradyrhizobium_sp._ORS_285	78.98	571	5418306	107	12	3729715	3730280	563	1	3e-102	 379	minus	0
CP029443.1	FJ347441;cluster_I;Bradyrhizobium_sp._ORS_344	78.64	557	5418306	106	12	3729729	3730280	549	1	9e-102	 377	minus	0
CP029443.1	FJ347436;cluster_I;Bradyrhizobium_sp._ORS_327	78.81	571	5418306	108	12	3729715	3730280	563	1	9e-102	 377	minus	0
CP029443.1	FJ347423;cluster_I;Bradyrhizobium_sp._ORS_297	79.17	557	5418306	103	12	3729729	3730280	549	1	3e-101	 375	minus	0
CP029443.1	FJ347447;cluster_I;Bradyrhizobium_sp._ORS_375	78.46	557	5418306	107	12	3729729	3730280	549	1	1e-100	 374	minus	0
CP029443.1	FJ347426;cluster_I;Bradyrhizobium_sp._ORS_301	78.82	557	5418306	105	12	3729729	3730280	549	1	1e-100	 374	minus	0
CP029443.1	FJ347421;cluster_I;Bradyrhizobium_sp._ORS_287	78.82	557	5418306	105	12	3729729	3730280	549	1	1e-100	 374	minus	0
CP029443.1	FJ347451;cluster_I;Bradyrhizobium_sp._ORS_400	78.35	568	5418306	112	10	3729717	3730280	561	1	2e-98	 366	minus	0
CP029443.1	FJ347435;cluster_I;Bradyrhizobium_sp._ORS_324	78.60	556	5418306	108	10	3729729	3730280	549	1	2e-98	 366	minus	0
CP029443.1	GU001626;cluster_I;Bradyrhizobium_japonicum	77.73	633	5418306	116	22	3729715	3730336	57	675	7e-98	 364	plus	0
CP029443.1	GU001631;cluster_I;Bradyrhizobium_japonicum	77.73	633	5418306	116	22	3729715	3730336	57	675	7e-98	 364	plus	0
CP029443.1	GU001628;cluster_I;Bradyrhizobium_japonicum	77.73	633	5418306	116	22	3729715	3730336	57	675	7e-98	 364	plus	0
CP029443.1	FJ347437;cluster_I;Bradyrhizobium_sp._ORS_328	78.25	561	5418306	109	12	3729725	3730280	553	1	7e-98	 364	minus	0
CP029443.1	FJ347425;cluster_I;Bradyrhizobium_sp._ORS_300	78.43	561	5418306	108	12	3729725	3730280	553	1	3e-97	 363	minus	0
CP029443.1	FJ347433;cluster_I;Bradyrhizobium_sp._ORS_310	78.04	560	5418306	112	10	3729725	3730280	553	1	9e-97	 361	minus	0
CP029443.1	FJ347419;cluster_I;Bradyrhizobium_sp._ORS_279	78.07	561	5418306	110	12	3729725	3730280	553	1	3e-96	 359	minus	0
CP029443.1	AB542356;cluster_I;Azospirillum_sp._TSH2	78.50	572	5418306	106	14	3729715	3730279	562	1	3e-96	 359	minus	0
CP029443.1	EU938523;cluster_I;Erwinia_sp._gx104	84.68	359	5418306	55	0	3729936	3730294	359	1	3e-96	 359	minus	0
CP029443.1	EU693339;cluster_I;Bacillus_sp._Z7	83.33	390	5418306	63	2	3729918	3730306	427	39	3e-96	 359	minus	0
CP029443.1	EU693341;cluster_I;Acinetobacter_sp._Z21	83.33	390	5418306	63	2	3729918	3730306	429	41	3e-96	 359	minus	0
CP029443.1	EU693340;cluster_I;Bacillus_sp._Z19	82.37	414	5418306	69	4	3729918	3730330	428	18	1e-95	 357	minus	0
CP029443.1	AB542357;cluster_I;Azospirillum_sp._TSH5	78.42	570	5418306	106	14	3729715	3730277	560	1	4e-95	 355	minus	0
CP029443.1	AB542358;cluster_I;Azospirillum_sp._TSH6	78.42	570	5418306	106	14	3729715	3730277	560	1	4e-95	 355	minus	0
CP029443.1	AB542359;cluster_I;Azospirillum_sp._TSH10	78.42	570	5418306	106	14	3729715	3730277	560	1	4e-95	 355	minus	0
CP029443.1	GU001633;cluster_I;Bradyrhizobium_canariense	77.41	633	5418306	118	22	3729715	3730336	57	675	2e-94	 353	plus	0
CP029443.1	EU693338;cluster_I;Azotobacter_chroococcum	82.21	416	5418306	69	5	3729918	3730330	434	21	2e-94	 353	minus	0
CP029443.1	EU693342;cluster_I;Bacillus_sp._Z22	82.40	409	5418306	69	3	3729918	3730324	436	29	2e-94	 353	minus	0
CP029443.1	FJ822997;cluster_I;Pseudomonas_sp._gx-127	84.17	360	5418306	55	2	3729936	3730294	4	362	7e-93	 348	plus	0
CP029443.1	AB542337;cluster_I;Azospirillum_sp._TSA2s	77.27	616	5418306	123	14	3729665	3730273	610	5	3e-92	 346	minus	0
CP029443.1	AB542366;cluster_I;Azospirillum_sp._TSH96	78.19	564	5418306	106	14	3729717	3730273	557	4	9e-92	 344	minus	0
CP029443.1	AB542364;cluster_I;Azospirillum_sp._TSH78	78.07	570	5418306	108	14	3729717	3730279	561	2	9e-92	 344	minus	0
CP029443.1	AB542361;cluster_I;Azospirillum_sp._TSH21	77.80	581	5418306	112	14	3729710	3730283	571	1	3e-91	 342	minus	0
CP029443.1	GU001627;cluster_I;Bradyrhizobium_rifense	77.54	601	5418306	112	20	3729715	3730305	613	26	1e-90	 340	minus	0
CP029443.1	AB542347;cluster_I;Azospirillum_sp._TSA18	77.93	571	5418306	109	14	3729710	3730273	567	7	1e-90	 340	minus	0
CP029443.1	AB542344;cluster_I;Azospirillum_sp._TSA15c	77.93	571	5418306	109	14	3729710	3730273	565	5	1e-90	 340	minus	0
CP029443.1	AB542340;cluster_I;Azospirillum_sp._TSA11	77.93	571	5418306	109	14	3729710	3730273	567	7	1e-90	 340	minus	0
CP029443.1	AB542343;cluster_I;Azospirillum_sp._TSA14w	77.93	571	5418306	109	14	3729710	3730273	569	9	1e-90	 340	minus	0
CP029443.1	DQ821718;cluster_I;Enterobacter_sp._Y4	85.76	323	5418306	44	2	3729953	3730274	322	1	1e-90	 340	minus	0
CP029443.1	DQ821725;cluster_I;Micrococcus_sp._Y70	85.76	323	5418306	44	2	3729953	3730274	322	1	1e-90	 340	minus	0
CP029443.1	AB542348;cluster_I;Azospirillum_sp._TSA19	77.88	565	5418306	108	14	3729710	3730267	558	4	6e-89	 335	minus	0
CP029443.1	AB542341;cluster_I;Azospirillum_sp._TSA12	77.88	565	5418306	108	14	3729710	3730267	558	4	6e-89	 335	minus	0
CP029443.1	DQ821719;cluster_I;Enterobacter_sp._Y11	85.45	323	5418306	45	2	3729953	3730274	322	1	6e-89	 335	minus	0
CP029443.1	U97116;cluster_I;Azoarcus_communis	81.45	415	5418306	69	7	3729950	3730360	411	1	2e-88	 333	minus	0
CP029443.1	AF484657;cluster_I;Methylobacterium_sp._xct7	80.00	465	5418306	77	15	3729831	3730289	455	1	3e-87	 329	minus	0
CP029443.1	AB161454;cluster_I;Pleomorphomonas_oryzae	81.09	423	5418306	71	7	3729964	3730383	417	1	3e-87	 329	minus	0
CP029443.1	FJ822995;cluster_I;Agrobacterium_tumefaciens	83.06	360	5418306	59	2	3729936	3730294	4	362	3e-86	 326	plus	0
CP029443.1	DQ787333;cluster_I;Azospirillum_lipoferum	80.27	441	5418306	70	13	3729936	3730369	446	16	2e-83	 316	minus	0
CP029443.1	AB079621;cluster_I;Rhodobacter_azotoformans	79.82	456	5418306	75	14	3729936	3730384	458	13	2e-83	 316	minus	0
CP029443.1	DQ029203;cluster_I;Azonexus_caeni	85.15	303	5418306	43	2	3729948	3730249	307	6	3e-81	 309	minus	0
CP029443.1	EF626686;cluster_I;Azonexus_hydrophilus	83.38	337	5418306	52	4	3729948	3730282	335	1	3e-81	 309	minus	0
CP029443.1	GU256446;cluster_I;Azospirillum_canadense	81.75	378	5418306	60	6	3729956	3730330	375	4	1e-80	 307	minus	0
CP029443.1	DQ787331;cluster_I;Azospirillum_lipoferum	79.34	455	5418306	79	12	3729936	3730384	446	1	4e-80	 305	minus	0
CP029443.1	DQ787334;cluster_I;Azospirillum_lipoferum	79.77	440	5418306	74	12	3729936	3730369	446	16	4e-80	 305	minus	0
CP029443.1	DQ787332;cluster_I;Azospirillum_lipoferum	79.77	440	5418306	74	12	3729936	3730369	446	16	4e-80	 305	minus	0
CP029443.1	FJ687518;cluster_I;Pseudomonas_sp._IPPW-3	81.92	365	5418306	60	5	3729933	3730294	362	1	2e-79	 303	minus	0
CP029443.1	EF626684;cluster_I;Azonexus_hydrophilus_DSM_23864	83.09	337	5418306	53	4	3729948	3730282	335	1	2e-79	 303	minus	0
CP029443.1	EF626685;cluster_I;Azonexus_hydrophilus	83.09	337	5418306	53	4	3729948	3730282	335	1	2e-79	 303	minus	0
CP029443.1	EF199958;cluster_I;Thioalkalispira_microaerophila	81.79	357	5418306	63	2	3729963	3730318	383	28	7e-78	 298	minus	0
CP029443.1	AY351672;cluster_I;Azotobacter_chroococcum	83.28	323	5418306	50	4	3729956	3730276	321	1	1e-76	 294	minus	0
CP029443.1	AY768690;cluster_I;Azonexus_fungiphilus	83.28	323	5418306	50	4	3729956	3730276	321	1	1e-76	 294	minus	0
CP029443.1	AB182912;cluster_I;Pleomorphomonas_oryzae	79.95	409	5418306	73	7	3729964	3730369	407	5	3e-76	 292	minus	0
CP029443.1	AB430882;cluster_I;Azotobacter_chroococcum	82.97	323	5418306	53	2	3729953	3730274	322	1	1e-75	 291	minus	0
CP029443.1	AB079622;cluster_I;Rhodobacter_sp._AP-10	78.41	454	5418306	87	8	3729935	3730384	459	13	6e-74	 285	minus	0
CP029443.1	GQ161241;cluster_I;Azospirillum_brasilense	81.27	363	5418306	57	10	3729936	3730294	356	1	2e-73	 283	minus	0
CP029443.1	FN813553;cluster_I;Azospirillum_zeae	81.15	366	5418306	58	8	3729933	3730294	359	1	2e-73	 283	minus	0
CP029443.1	FN813552;cluster_I;Azospirillum_zeae	81.15	366	5418306	58	8	3729933	3730294	359	1	2e-73	 283	minus	0
CP029443.1	FN813561;cluster_I;Azospirillum_zeae	81.20	367	5418306	56	10	3729933	3730294	359	1	2e-73	 283	minus	0
CP029443.1	AB182913;cluster_I;Pleomorphomonas_oryzae	79.90	398	5418306	71	7	3729964	3730358	396	5	2e-73	 283	minus	0
CP029443.1	EF634041;cluster_I;Rhizobium_gallicum	82.32	328	5418306	55	3	3729962	3730288	1	326	7e-73	 281	plus	0
CP029443.1	DQ682472;cluster_I;Azospirillum_zeae	81.04	364	5418306	56	10	3729936	3730294	357	2	7e-73	 281	minus	0
CP029443.1	AB182911;cluster_I;Pleomorphomonas_oryzae	79.85	397	5418306	71	7	3729965	3730358	394	4	7e-73	 281	minus	0
CP029443.1	DQ029204;cluster_I;Azonexus_fungiphilus	84.70	281	5418306	41	2	3729948	3730227	307	28	3e-72	 279	minus	0
CP029443.1	AB182910;cluster_I;Pleomorphomonas_oryzae	79.60	402	5418306	73	7	3729971	3730369	400	5	3e-72	 279	minus	0
CP029443.1	FJ687521;cluster_I;Aeromonas_sp._IPPW-29	80.93	367	5418306	57	13	3729933	3730294	359	1	1e-71	 278	minus	0
CP029443.1	FJ687517;cluster_I;Pseudomonas_sp._IPPW-2	80.93	367	5418306	57	13	3729933	3730294	359	1	1e-71	 278	minus	0
CP029443.1	AY624581;Unclassified;Gluconacetobacter_azotocaptans	75.73	585	5418306	125	16	3728777	3729351	1257	680	1e-71	 278	minus	0
CP029443.1	DQ393890;cluster_I;Azospirillum_canadense	81.36	354	5418306	55	8	3729936	3730285	5	351	1e-71	 278	plus	0
CP029443.1	DQ682471;cluster_I;Azospirillum_zeae	81.16	361	5418306	55	10	3729936	3730291	353	1	1e-71	 278	minus	0
CP029443.1	AB079632;cluster_I;Rhodobacter_blasticus_DSM_2131	77.97	454	5418306	87	11	3729936	3730384	458	13	1e-70	 274	minus	0
CP029443.1	GU256453;cluster_I;Azospirillum_zeae	81.45	345	5418306	53	8	3729965	3730305	374	37	5e-70	 272	minus	0
CP029443.1	GQ503352;cluster_I;Mesorhizobium_ciceri	82.39	318	5418306	47	8	3729830	3730144	204	515	6e-69	 268	plus	0
CP029443.1	AB185395;cluster_I;Azospirillum_oryzae	79.12	407	5418306	72	10	3729956	3730357	408	10	6e-69	 268	minus	0
CP029443.1	EU386145;cluster_I;Rhizobium_sp._NGR181	77.17	473	5418306	95	11	3729743	3730210	508	44	3e-67	 263	minus	0
CP029443.1	AB079628;cluster_I;Rhodovulum_strictum	77.53	454	5418306	89	10	3729936	3730384	458	13	1e-66	 261	minus	0
CP029443.1	AB079629;cluster_I;Rhodovulum_strictum	77.36	455	5418306	90	10	3729935	3730384	459	13	1e-65	 257	minus	0
CP029443.1	GU256451;cluster_I;Azospirillum_picis	80.65	341	5418306	55	8	3729969	3730305	370	37	2e-64	 254	minus	0
CP029443.1	GU256450;cluster_I;Azospirillum_melinis	80.65	341	5418306	55	8	3729969	3730305	368	35	2e-64	 254	minus	0
CP029443.1	GQ411215;cluster_I;Bacillus_sp._SUND_LM2	87.91	215	5418306	25	1	3730083	3730297	314	101	6e-64	 252	minus	0
CP029443.1	GQ411209;cluster_I;Bacillus_megaterium	89.47	190	5418306	19	1	3730109	3730298	336	148	5e-60	 239	minus	0
CP029443.1	ADAF001432;cluster_I;Gluconacetobacter_diazotrophicus	81.17	308	5418306	49	7	3729990	3730294	302	1	5e-60	 239	minus	0
CP029443.1	AY079181;cluster_I;Rhizobium_tropici	77.49	391	5418306	83	5	3729710	3730099	387	1	3e-57	 230	minus	0
CP029443.1	AB191042;cluster_I;Heliobacterium_gestii	71.43	1029	5418306	246	43	3728344	3729351	2000	999	1e-56	 228	minus	0
CP029443.1	EF620478;cluster_I;Azotobacter_chroococcum	79.53	337	5418306	54	15	3729953	3730279	332	1	4e-56	 226	minus	0
CP029443.1	EU697999;cluster_I;Mesorhizobium_temperatum	83.33	240	5418306	35	5	3729831	3730069	236	1	2e-53	 217	minus	0
CP029443.1	DQ407288;cluster_I;Mesorhizobium_tianshanense	83.26	215	5418306	32	4	3729830	3730042	214	2	1e-46	 195	minus	0
CP029443.1	DQ315787;cluster_I;Anabaena_variabilis_ATCC_29413	72.37	684	5418306	165	21	3729712	3730384	704	34	1e-46	 195	minus	0
CP029443.1	AH000924;cluster_I;Rhizobium_sp.	73.40	594	5418306	125	24	3728375	3728947	773	192	1e-45	 191	minus	0
CP029443.1	DQ407287;cluster_I;Mesorhizobium_tianshanense	83.10	213	5418306	31	5	3729830	3730039	214	4	5e-45	 189	minus	0
CP029443.1	DQ407295;cluster_I;Mesorhizobium_ciceri	83.25	209	5418306	31	4	3729830	3730036	207	1	5e-45	 189	minus	0
CP029443.1	GQ289582;cluster_III;Bradyrhizobium_japonicum	81.67	240	5418306	30	10	3729918	3730147	1	236	2e-44	 187	plus	0
CP029443.1	GQ289573;cluster_III;Bradyrhizobium_japonicum	80.74	244	5418306	37	6	3729918	3730153	1	242	8e-43	 182	plus	0
CP029443.1	Z31716;cluster_I;Nostoc_sp._PCC_6720	71.04	694	5418306	177	22	3729708	3730390	1234	554	3e-32	 147	minus	0
CP029443.1	AVU89346;cluster_I;Anabaena_variabilis_ATCC_29413	70.91	691	5418306	183	16	3729708	3730390	1097	417	3e-32	 147	minus	0
CP029443.1	DQ364798;cluster_I;Paenibacillus_sp._GJ24	75.08	333	5418306	68	11	3729971	3730297	324	1	1e-30	 141	minus	0
CP029443.1	DQ364799;cluster_I;Paenibacillus_sp._GA12	80.23	177	5418306	32	2	3729971	3730147	324	151	3e-27	 130	minus	0
CP029443.1	AY373370;cluster_I;Paenibacillus_massiliensis	77.91	172	5418306	35	2	3729971	3730142	306	138	2e-19	 104	minus	0
CP029443.1	NOSGLBN;cluster_I;Nostoc_sp.	76.47	153	5418306	31	5	3730240	3730390	1184	1035	1e-11	78.7	minus	0
