CP022823.1	V00631;cluster_I;Klebsiella_pneumoniae	88.89	1773	5540188	169	24	1915251	1917010	1803	46	0.0	2158	minus	0
CP022823.1	AY242355;cluster_I;Klebsiella_pneumoniae_342	97.96	883	5540188	16	2	1915882	1916763	882	1	0.0	1530	minus	0
CP022823.1	KPNNIFH;cluster_I;Klebsiella_pneumoniae	91.36	891	5540188	75	2	1915874	1916763	890	1	0.0	1218	minus	0
CP022823.1	X96609;cluster_I;Alcaligenes_faecalis	82.70	867	5540188	144	6	1915894	1916757	1475	612	0.0	 765	minus	0
CP022823.1	AVIMONFE;cluster_I;Azotobacter_chroococcum	82.46	838	5540188	136	8	1915927	1916757	1077	244	0.0	 723	minus	0
CP022823.1	FJ593866;cluster_I;Klebsiella_sp._AL060225_04	99.23	389	5540188	3	0	1916291	1916679	389	1	0.0	 702	minus	0
CP022823.1	FJ593865;cluster_I;Klebsiella_sp._AL050511_01	99.23	389	5540188	3	0	1916291	1916679	389	1	0.0	 702	minus	0
CP022823.1	FJ593757;cluster_I;Klebsiella_sp._CRLS069a	99.23	389	5540188	3	0	1916291	1916679	389	1	0.0	 702	minus	0
CP022823.1	FJ593860;cluster_I;Klebsiella_sp._MNS_801b	98.97	389	5540188	4	0	1916291	1916679	389	1	0.0	 697	minus	0
CP022823.1	FJ593864;cluster_I;Klebsiella_sp._MNFG_802	98.97	389	5540188	4	0	1916291	1916679	389	1	0.0	 697	minus	0
CP022823.1	FJ593861;cluster_I;Klebsiella_sp._MNS_801a	98.97	389	5540188	4	0	1916291	1916679	389	1	0.0	 697	minus	0
CP022823.1	FJ593862;cluster_I;Klebsiella_sp._MNW_801b	98.97	389	5540188	4	0	1916291	1916679	389	1	0.0	 697	minus	0
CP022823.1	FJ593863;cluster_I;Klebsiella_sp._MNFG_801b	98.97	389	5540188	4	0	1916291	1916679	389	1	0.0	 697	minus	0
CP022823.1	FJ593756;cluster_I;Klebsiella_sp._CRLI0715	98.97	389	5540188	4	0	1916291	1916679	389	1	0.0	 697	minus	0
CP022823.1	X03916;cluster_I;Azotobacter_chroococcum	81.87	833	5540188	145	6	1915927	1916756	1174	345	0.0	 697	minus	0
CP022823.1	FJ593767;cluster_I;Klebsiella_sp._P0643	98.71	389	5540188	5	0	1916291	1916679	389	1	0.0	 691	minus	0
CP022823.1	FJ593766;cluster_I;Klebsiella_sp._P0640	98.71	389	5540188	5	0	1916291	1916679	389	1	0.0	 691	minus	0
CP022823.1	FJ593765;cluster_I;Klebsiella_sp._P0638	98.71	389	5540188	5	0	1916291	1916679	389	1	0.0	 691	minus	0
CP022823.1	FJ593760;cluster_I;Klebsiella_sp._CRLS064	98.46	389	5540188	6	0	1916291	1916679	389	1	0.0	 686	minus	0
CP022823.1	FJ593763;cluster_I;Klebsiella_sp._CRLI0718a	98.46	389	5540188	6	0	1916291	1916679	389	1	0.0	 686	minus	0
CP022823.1	FJ593758;cluster_I;Klebsiella_sp._CRPV0610	98.46	389	5540188	6	0	1916291	1916679	389	1	0.0	 686	minus	0
CP022823.1	FJ593759;cluster_I;Klebsiella_sp._CRLS0617	98.46	389	5540188	6	0	1916291	1916679	389	1	0.0	 686	minus	0
CP022823.1	FJ593764;cluster_I;Klebsiella_sp._CRLI0713	98.46	389	5540188	6	0	1916291	1916679	389	1	0.0	 686	minus	0
CP022823.1	FJ593762;cluster_I;Klebsiella_sp._CRLI0728	97.94	389	5540188	8	0	1916291	1916679	389	1	0.0	 675	minus	0
CP022823.1	X13519;cluster_I;Azotobacter_vinelandii	81.41	834	5540188	147	7	1915927	1916756	1050	221	0.0	 675	minus	0
CP022823.1	FJ593761;cluster_I;Klebsiella_sp._CRLI0730	97.69	389	5540188	9	0	1916291	1916679	389	1	0.0	 669	minus	0
CP022823.1	FJ593768;cluster_I;Klebsiella_sp._CRPV0611a	97.43	389	5540188	10	0	1916291	1916679	389	1	0.0	 664	minus	0
CP022823.1	FJ593769;cluster_I;Klebsiella_sp._P0646	96.92	389	5540188	12	0	1916291	1916679	389	1	0.0	 652	minus	0
CP022823.1	AY846276;cluster_I;Klebsiella_pneumoniae	95.91	391	5540188	15	1	1916357	1916746	10	400	2e-178	 632	plus	0
CP022823.1	FJ822998;cluster_I;Klebsiella_sp._gx-3	97.77	359	5540188	8	0	1916291	1916649	4	362	1e-174	 619	plus	0
CP022823.1	EU938522;cluster_I;Burkholderia_sp._gx97	97.21	359	5540188	10	0	1916291	1916649	359	1	3e-171	 608	minus	0
CP022823.1	FJ822994;cluster_I;Sinorhizobium_sp._gx-153	97.71	350	5540188	8	0	1916291	1916640	4	353	1e-169	 603	plus	0
CP022823.1	AY367394;cluster_I;Klebsiella_variicola	99.10	333	5540188	3	0	1916317	1916649	334	2	2e-168	 599	minus	0
CP022823.1	AY367395;cluster_I;Klebsiella_variicola	98.81	336	5540188	4	0	1916291	1916626	336	1	2e-168	 599	minus	0
CP022823.1	AY367392;cluster_I;Klebsiella_variicola	97.92	336	5540188	7	0	1916314	1916649	337	2	2e-163	 582	minus	0
CP022823.1	AY367393;cluster_I;Klebsiella_variicola	97.62	336	5540188	8	0	1916291	1916626	336	1	9e-162	 577	minus	0
CP022823.1	AB270756;cluster_I;Klebsiella_pneumoniae	98.43	319	5540188	5	0	1916332	1916650	360	42	2e-157	 562	minus	0
CP022823.1	FJ593867;cluster_I;Klebsiella_sp._AL060224_03	92.03	389	5540188	31	0	1916291	1916679	389	1	7e-153	 547	minus	0
CP022823.1	DQ364801;cluster_I;Klebsiella_sp._BM92	97.19	320	5540188	9	0	1916333	1916652	320	1	3e-151	 542	minus	0
CP022823.1	DQ821722;cluster_I;Sphingomonas_sp._Y49	96.89	322	5540188	10	0	1916308	1916629	322	1	1e-150	 540	minus	0
CP022823.1	AJ563286;cluster_I;Dechloromonas_sp._SIUL	81.32	669	5540188	117	7	1916006	1916670	677	13	1e-149	 536	minus	0
CP022823.1	KSU32183;cluster_I;Klebsiella_sp.	94.40	339	5540188	18	1	1916375	1916712	339	1	5e-149	 534	minus	0
CP022823.1	DQ821723;cluster_I;Klebsiella_sp._Y57	96.27	322	5540188	12	0	1916308	1916629	322	1	2e-147	 529	minus	0
CP022823.1	AF031817;cluster_I;Rhodobacter_sphaeroides	77.62	822	5540188	156	21	1915939	1916746	1090	283	1e-130	 473	minus	0
CP022823.1	GQ381287;cluster_I;Klebsiella_sp._SZ7-2	89.42	359	5540188	35	2	1916291	1916649	356	1	2e-123	 449	minus	0
CP022823.1	AB542353;cluster_I;Azospirillum_sp._TSA36t	79.61	623	5540188	116	9	1916042	1916660	638	23	2e-119	 436	minus	0
CP022823.1	EU622783;cluster_I;Thiocapsa_bogorovii	85.21	426	5540188	61	2	1916291	1916715	449	25	2e-119	 436	minus	0
CP022823.1	AY221827;cluster_I;Klebsiella_oxytoca_KCTC_1686	90.52	327	5540188	31	0	1916305	1916631	327	1	2e-118	 433	minus	0
CP022823.1	FJ593868;cluster_I;Enterobacter_sp._MTP_050512_17	86.63	389	5540188	52	0	1916291	1916679	389	1	7e-118	 431	minus	0
CP022823.1	AY373368;cluster_I;Paenibacillus_sp._g2	89.91	327	5540188	33	0	1916326	1916652	327	1	4e-115	 422	minus	0
CP022823.1	AY373369;cluster_I;Bacillus_cereus	89.60	327	5540188	34	0	1916326	1916652	331	5	2e-113	 416	minus	0
CP022823.1	X63352;cluster_I;Rhodobacter_capsulatus	76.13	842	5540188	174	20	1915928	1916754	2132	1303	2e-113	 416	minus	0
CP022823.1	AY373371;cluster_I;Bacillus_sp._w5	89.30	327	5540188	35	0	1916326	1916652	327	1	9e-112	 411	minus	0
CP022823.1	X07866;cluster_I;Rhodobacter_capsulatus_SB_1003	76.01	842	5540188	175	20	1915928	1916754	934	105	9e-112	 411	minus	0
CP022823.1	FJ347449;cluster_I;Bradyrhizobium_sp._ORS_391	80.14	559	5540188	102	8	1916080	1916635	553	1	3e-111	 409	minus	0
CP022823.1	FJ347439;cluster_I;Bradyrhizobium_sp._ORS_331	80.14	559	5540188	102	8	1916080	1916635	553	1	3e-111	 409	minus	0
CP022823.1	AB542349;cluster_I;Azospirillum_sp._TSA20c	78.81	623	5540188	121	9	1916042	1916660	644	29	3e-111	 409	minus	0
CP022823.1	AB542346;cluster_I;Azospirillum_sp._TSA16	78.81	623	5540188	121	9	1916042	1916660	623	8	3e-111	 409	minus	0
CP022823.1	FJ347438;cluster_I;Bradyrhizobium_sp._ORS_330	80.25	557	5540188	97	12	1916084	1916635	549	1	1e-110	 407	minus	0
CP022823.1	AB542360;cluster_I;Azospirillum_sp._TSH19	79.79	574	5540188	105	10	1916065	1916634	568	2	1e-110	 407	minus	0
CP022823.1	AB542338;cluster_I;Azospirillum_sp._TSA6c	78.78	622	5540188	121	9	1916043	1916660	643	29	1e-110	 407	minus	0
CP022823.1	EF200511;cluster_I;Klebsiella_sp._TT001	90.79	304	5540188	28	0	1916316	1916619	304	1	1e-110	 407	minus	0
CP022823.1	EF200510;cluster_I;Klebsiella_sp._NTI31	90.79	304	5540188	28	0	1916316	1916619	304	1	1e-110	 407	minus	0
CP022823.1	FJ347445;cluster_I;Bradyrhizobium_sp._ORS_361	79.64	560	5540188	103	10	1916080	1916635	553	1	4e-110	 405	minus	0
CP022823.1	FJ347430;cluster_I;Bradyrhizobium_sp._ORS_307	79.71	557	5540188	100	12	1916084	1916635	549	1	4e-110	 405	minus	0
CP022823.1	AB542367;cluster_I;Azospirillum_sp._TSH100	79.76	573	5540188	105	10	1916065	1916633	566	1	4e-110	 405	minus	0
CP022823.1	FJ032021;cluster_I;Klebsiella_sp._BN-4A	90.29	309	5540188	30	0	1916357	1916665	309	1	4e-110	 405	minus	0
CP022823.1	FJ593777;cluster_I;Pantoea_sp._CRLI0725a	85.35	389	5540188	57	0	1916291	1916679	389	1	2e-109	 403	minus	0
CP022823.1	FJ593779;cluster_I;Pantoea_sp._A0305	85.35	389	5540188	57	0	1916291	1916679	389	1	2e-109	 403	minus	0
CP022823.1	FJ593780;cluster_I;Pantoea_sp._P0352	85.35	389	5540188	57	0	1916291	1916679	389	1	2e-109	 403	minus	0
CP022823.1	FJ593778;cluster_I;Pantoea_sp._P0359	85.35	389	5540188	57	0	1916291	1916679	389	1	2e-109	 403	minus	0
CP022823.1	FJ347446;cluster_I;Bradyrhizobium_sp._ORS_372	79.89	557	5540188	99	12	1916084	1916635	549	1	2e-109	 403	minus	0
CP022823.1	FJ347434;cluster_I;Bradyrhizobium_sp._ORS_318	79.68	556	5540188	102	10	1916084	1916635	549	1	2e-109	 403	minus	0
CP022823.1	FJ347422;cluster_I;Bradyrhizobium_sp._ORS_294	79.68	556	5540188	102	10	1916084	1916635	549	1	2e-109	 403	minus	0
CP022823.1	FJ347424;cluster_I;Bradyrhizobium_sp._ORS_298	79.30	570	5540188	107	10	1916070	1916635	563	1	2e-109	 403	minus	0
CP022823.1	AY367396;cluster_I;Raoultella_terrigena	88.55	332	5540188	38	0	1916318	1916649	332	1	2e-109	 403	minus	0
CP022823.1	AY373365;cluster_I;Bacillus_megaterium	89.38	320	5540188	34	0	1916333	1916652	320	1	2e-109	 403	minus	0
CP022823.1	EU622788;cluster_I;Allochromatium_minutissimum	82.89	450	5540188	75	2	1916291	1916739	449	1	2e-109	 403	minus	0
CP022823.1	FJ347448;cluster_I;Bradyrhizobium_sp._ORS_377	79.79	559	5540188	104	8	1916080	1916635	553	1	6e-109	 401	minus	0
CP022823.1	FJ347443;cluster_I;Bradyrhizobium_sp._ORS_356	79.46	560	5540188	104	10	1916080	1916635	553	1	6e-109	 401	minus	0
CP022823.1	HM047125;cluster_I;Bradyrhizobium_denitrificans	79.12	594	5540188	115	8	1916070	1916660	619	32	6e-109	 401	minus	0
CP022823.1	FJ347427;cluster_I;Bradyrhizobium_sp._ORS_303	79.46	560	5540188	104	10	1916080	1916635	553	1	2e-108	 399	minus	0
CP022823.1	AF545637;cluster_I;Pantoea_agglomerans	86.83	357	5540188	47	0	1916365	1916721	360	4	2e-108	 399	minus	0
CP022823.1	FJ347435;cluster_I;Bradyrhizobium_sp._ORS_324	79.68	556	5540188	102	10	1916084	1916635	549	1	7e-108	 398	minus	0
CP022823.1	FJ347436;cluster_I;Bradyrhizobium_sp._ORS_327	79.51	571	5540188	104	12	1916070	1916635	563	1	7e-108	 398	minus	0
CP022823.1	FJ347418;cluster_I;Bradyrhizobium_sp._ORS_277	79.89	557	5540188	99	12	1916084	1916635	549	1	7e-108	 398	minus	0
CP022823.1	FJ347420;cluster_I;Bradyrhizobium_sp._ORS_285	79.51	571	5540188	104	12	1916070	1916635	563	1	3e-107	 396	minus	0
CP022823.1	AY373366;cluster_I;Bacillus_sp._c6	88.38	327	5540188	38	0	1916326	1916652	327	1	9e-107	 394	minus	0
CP022823.1	FJ347423;cluster_I;Bradyrhizobium_sp._ORS_297	79.71	557	5540188	100	12	1916084	1916635	549	1	3e-106	 392	minus	0
CP022823.1	FJ347426;cluster_I;Bradyrhizobium_sp._ORS_301	79.35	557	5540188	102	12	1916084	1916635	549	1	1e-105	 390	minus	0
CP022823.1	FJ347421;cluster_I;Bradyrhizobium_sp._ORS_287	79.35	557	5540188	102	12	1916084	1916635	549	1	1e-105	 390	minus	0
CP022823.1	FJ347441;cluster_I;Bradyrhizobium_sp._ORS_344	78.99	557	5540188	104	12	1916084	1916635	549	1	4e-105	 388	minus	0
CP022823.1	DQ364804;cluster_I;Klebsiella_sp._JT42	88.11	328	5540188	37	2	1916326	1916652	327	1	4e-105	 388	minus	0
CP022823.1	GQ381290;cluster_I;Klebsiella_pneumoniae	88.47	321	5540188	35	2	1916291	1916611	331	13	2e-104	 387	minus	0
CP022823.1	FJ593869;cluster_I;Pantoea_sp._EC080527_02	84.58	389	5540188	60	0	1916291	1916679	389	1	2e-104	 387	minus	0
CP022823.1	FJ593776;cluster_I;Pantoea_sp._CRLI0712a	84.58	389	5540188	60	0	1916291	1916679	389	1	2e-104	 387	minus	0
CP022823.1	FJ593775;cluster_I;Pantoea_sp._CRLS0621	84.58	389	5540188	60	0	1916291	1916679	389	1	2e-104	 387	minus	0
CP022823.1	FJ593773;cluster_I;Pantoea_sp._P0356	84.58	389	5540188	60	0	1916291	1916679	389	1	2e-104	 387	minus	0
CP022823.1	FJ347447;cluster_I;Bradyrhizobium_sp._ORS_375	78.82	557	5540188	105	12	1916084	1916635	549	1	6e-104	 385	minus	0
CP022823.1	FJ347437;cluster_I;Bradyrhizobium_sp._ORS_328	78.97	561	5540188	105	12	1916080	1916635	553	1	6e-104	 385	minus	0
CP022823.1	FJ347425;cluster_I;Bradyrhizobium_sp._ORS_300	79.14	561	5540188	104	12	1916080	1916635	553	1	2e-103	 383	minus	0
CP022823.1	FJ032022;cluster_I;Klebsiella_sp._AF-4C	89.00	309	5540188	34	0	1916357	1916665	311	3	2e-103	 383	minus	0
CP022823.1	GU001626;cluster_I;Bradyrhizobium_japonicum	78.20	633	5540188	113	22	1916070	1916691	57	675	7e-103	 381	plus	0
CP022823.1	GU001631;cluster_I;Bradyrhizobium_japonicum	78.20	633	5540188	113	22	1916070	1916691	57	675	7e-103	 381	plus	0
CP022823.1	GU001628;cluster_I;Bradyrhizobium_japonicum	78.20	633	5540188	113	22	1916070	1916691	57	675	7e-103	 381	plus	0
CP022823.1	FJ822999;cluster_I;Stenotrophomonas_sp._gx-44	85.64	362	5540188	52	0	1916288	1916649	1	362	7e-103	 381	plus	0
CP022823.1	FJ593774;cluster_I;Pantoea_sp._A0310	84.32	389	5540188	61	0	1916291	1916679	389	1	7e-103	 381	minus	0
CP022823.1	GU001618;cluster_I;Bradyrhizobium_cytisi	78.63	599	5540188	109	17	1916070	1916660	613	26	3e-102	 379	minus	0
CP022823.1	GQ381289;cluster_I;Paenibacillus_sp._SZ002	88.16	321	5540188	35	3	1916291	1916611	327	10	3e-102	 379	minus	0
CP022823.1	FJ347451;cluster_I;Bradyrhizobium_sp._ORS_400	78.70	568	5540188	110	10	1916072	1916635	561	1	3e-102	 379	minus	0
CP022823.1	FJ347419;cluster_I;Bradyrhizobium_sp._ORS_279	78.61	561	5540188	107	12	1916080	1916635	553	1	3e-101	 375	minus	0
CP022823.1	GU001633;cluster_I;Bradyrhizobium_canariense	77.88	633	5540188	115	22	1916070	1916691	57	675	2e-99	 370	plus	0
CP022823.1	AB542356;cluster_I;Azospirillum_sp._TSH2	78.85	572	5540188	104	13	1916070	1916634	562	1	2e-99	 370	minus	0
CP022823.1	EU693339;cluster_I;Bacillus_sp._Z7	83.67	392	5540188	64	0	1916273	1916664	427	36	2e-99	 370	minus	0
CP022823.1	EU693340;cluster_I;Bacillus_sp._Z19	82.81	413	5540188	69	2	1916273	1916685	428	18	6e-99	 368	minus	0
CP022823.1	FJ347433;cluster_I;Bradyrhizobium_sp._ORS_310	78.21	560	5540188	111	10	1916080	1916635	553	1	2e-98	 366	minus	0
CP022823.1	AB542357;cluster_I;Azospirillum_sp._TSH5	78.77	570	5540188	104	13	1916070	1916632	560	1	2e-98	 366	minus	0
CP022823.1	AB542358;cluster_I;Azospirillum_sp._TSH6	78.77	570	5540188	104	13	1916070	1916632	560	1	2e-98	 366	minus	0
CP022823.1	AB542359;cluster_I;Azospirillum_sp._TSH10	78.77	570	5540188	104	13	1916070	1916632	560	1	2e-98	 366	minus	0
CP022823.1	AB542337;cluster_I;Azospirillum_sp._TSA2s	78.17	591	5540188	118	9	1916042	1916628	588	5	2e-98	 366	minus	0
CP022823.1	GQ289574;cluster_I/IA;Bradyrhizobium_japonicum	81.03	464	5540188	82	6	1916273	1916733	1	461	7e-98	 364	plus	0
CP022823.1	FJ822997;cluster_I;Pseudomonas_sp._gx-127	85.00	360	5540188	52	2	1916291	1916649	4	362	7e-98	 364	plus	0
CP022823.1	FJ822996;cluster_I;Kluyvera_ascorbata	84.81	362	5540188	55	0	1916288	1916649	1	362	7e-98	 364	plus	0
CP022823.1	EU693338;cluster_I;Azotobacter_chroococcum	82.65	415	5540188	69	3	1916273	1916685	434	21	7e-98	 364	minus	0
CP022823.1	EU693341;cluster_I;Acinetobacter_sp._Z21	83.55	389	5540188	64	0	1916273	1916661	429	41	7e-98	 364	minus	0
CP022823.1	AB542361;cluster_I;Azospirillum_sp._TSH21	78.52	568	5540188	111	9	1916065	1916628	571	11	3e-97	 363	minus	0
CP022823.1	AB542347;cluster_I;Azospirillum_sp._TSA18	78.52	568	5540188	111	9	1916065	1916628	567	7	3e-97	 363	minus	0
CP022823.1	AB542344;cluster_I;Azospirillum_sp._TSA15c	78.52	568	5540188	111	9	1916065	1916628	565	5	3e-97	 363	minus	0
CP022823.1	AB542340;cluster_I;Azospirillum_sp._TSA11	78.52	568	5540188	111	9	1916065	1916628	567	7	3e-97	 363	minus	0
CP022823.1	AB542343;cluster_I;Azospirillum_sp._TSA14w	78.52	568	5540188	111	9	1916065	1916628	569	9	3e-97	 363	minus	0
CP022823.1	EU693342;cluster_I;Bacillus_sp._Z22	82.60	408	5540188	70	1	1916273	1916679	436	29	3e-96	 359	minus	0
CP022823.1	GU001627;cluster_I;Bradyrhizobium_rifense	78.04	601	5540188	109	20	1916070	1916660	613	26	1e-95	 357	minus	0
CP022823.1	GU001619;cluster_I;Bradyrhizobium_cytisi	78.04	601	5540188	109	20	1916070	1916660	613	26	1e-95	 357	minus	0
CP022823.1	AB542348;cluster_I;Azospirillum_sp._TSA19	78.47	562	5540188	110	9	1916065	1916622	558	4	1e-95	 357	minus	0
CP022823.1	AB542341;cluster_I;Azospirillum_sp._TSA12	78.47	562	5540188	110	9	1916065	1916622	558	4	1e-95	 357	minus	0
CP022823.1	AB542366;cluster_I;Azospirillum_sp._TSH96	78.55	564	5540188	104	13	1916072	1916628	557	4	4e-95	 355	minus	0
CP022823.1	AB542364;cluster_I;Azospirillum_sp._TSH78	78.25	570	5540188	107	13	1916072	1916634	561	2	2e-93	 350	minus	0
CP022823.1	EU938523;cluster_I;Erwinia_sp._gx104	83.84	359	5540188	58	0	1916291	1916649	359	1	3e-91	 342	minus	0
CP022823.1	EF199950;cluster_I;Halorhodospira_halochloris	80.40	449	5540188	88	0	1916291	1916739	449	1	3e-91	 342	minus	0
CP022823.1	FJ822995;cluster_I;Agrobacterium_tumefaciens	83.29	359	5540188	60	0	1916291	1916649	4	362	7e-88	 331	plus	0
CP022823.1	GQ289580;cluster_I/IA;Bradyrhizobium_japonicum	79.53	464	5540188	89	6	1916273	1916733	1	461	3e-86	 326	plus	0
CP022823.1	U97116;cluster_I;Azoarcus_communis	80.92	414	5540188	73	5	1916305	1916715	411	1	5e-85	 322	minus	0
CP022823.1	DQ787333;cluster_I;Azospirillum_lipoferum	80.27	441	5540188	70	12	1916291	1916724	446	16	2e-83	 316	minus	0
CP022823.1	AB079621;cluster_I;Rhodobacter_azotoformans	79.82	456	5540188	75	13	1916291	1916739	458	13	2e-83	 316	minus	0
CP022823.1	FJ687522;cluster_I;Aeromonas_sp._IPPW-33a	82.37	363	5540188	62	2	1916288	1916649	362	1	8e-83	 315	minus	0
CP022823.1	V01215;cluster_I;Sinorhizobium_meliloti	76.95	577	5540188	118	15	1916186	1916756	736	169	8e-83	 315	minus	0
CP022823.1	AF484657;cluster_I;Methylobacterium_sp._xct7	79.35	460	5540188	83	10	1916189	1916644	452	1	3e-82	 313	minus	0
CP022823.1	DQ787331;cluster_I;Azospirillum_lipoferum	79.47	453	5540188	82	9	1916291	1916739	446	1	1e-81	 311	minus	0
CP022823.1	DQ787334;cluster_I;Azospirillum_lipoferum	79.91	438	5540188	77	9	1916291	1916724	446	16	1e-81	 311	minus	0
CP022823.1	DQ787332;cluster_I;Azospirillum_lipoferum	79.91	438	5540188	77	9	1916291	1916724	446	16	1e-81	 311	minus	0
CP022823.1	AB161454;cluster_I;Pleomorphomonas_oryzae	80.14	423	5540188	75	6	1916319	1916738	417	1	1e-80	 307	minus	0
CP022823.1	EF626686;cluster_I;Azonexus_hydrophilus	82.89	339	5540188	56	2	1916300	1916637	338	1	2e-79	 303	minus	0
CP022823.1	DQ029203;cluster_I;Azonexus_caeni	84.44	302	5540188	47	0	1916303	1916604	307	6	8e-78	 298	minus	0
CP022823.1	EF626684;cluster_I;Azonexus_hydrophilus_DSM_23864	82.60	339	5540188	57	2	1916300	1916637	338	1	8e-78	 298	minus	0
CP022823.1	EF626685;cluster_I;Azonexus_hydrophilus	82.60	339	5540188	57	2	1916300	1916637	338	1	8e-78	 298	minus	0
CP022823.1	FJ643446;cluster_I;Sinorhizobium_meliloti	76.61	560	5540188	117	14	1916186	1916739	187	738	3e-77	 296	plus	0
CP022823.1	AB430882;cluster_I;Azotobacter_chroococcum	83.28	323	5540188	52	2	1916308	1916629	322	1	3e-77	 296	minus	0
CP022823.1	AY351672;cluster_I;Azotobacter_chroococcum	83.23	322	5540188	52	2	1916311	1916631	321	1	1e-76	 294	minus	0
CP022823.1	AB079622;cluster_I;Rhodobacter_sp._AP-10	78.63	454	5540188	86	7	1916290	1916739	459	13	1e-75	 291	minus	0
CP022823.1	FN813553;cluster_I;Azospirillum_zeae	81.32	364	5540188	61	5	1916288	1916649	359	1	5e-75	 289	minus	0
CP022823.1	FN813552;cluster_I;Azospirillum_zeae	81.32	364	5540188	61	5	1916288	1916649	359	1	5e-75	 289	minus	0
CP022823.1	FN813561;cluster_I;Azospirillum_zeae	81.37	365	5540188	59	7	1916288	1916649	359	1	5e-75	 289	minus	0
CP022823.1	DQ682472;cluster_I;Azospirillum_zeae	81.22	362	5540188	59	7	1916291	1916649	357	2	2e-74	 287	minus	0
CP022823.1	AY768690;cluster_I;Azonexus_fungiphilus	82.61	322	5540188	54	2	1916311	1916631	321	1	2e-73	 283	minus	0
CP022823.1	DQ682471;cluster_I;Azospirillum_zeae	81.34	359	5540188	58	7	1916291	1916646	353	1	2e-73	 283	minus	0
CP022823.1	DQ413016;cluster_I;Sinorhizobium_meliloti	77.80	473	5540188	96	9	1916186	1916655	513	47	2e-73	 283	minus	0
CP022823.1	EU252599;cluster_I;Sinorhizobium_meliloti	77.80	473	5540188	96	9	1916186	1916655	505	39	2e-73	 283	minus	0
CP022823.1	GQ503352;cluster_I;Mesorhizobium_ciceri	75.59	594	5540188	132	13	1916070	1916658	89	674	8e-73	 281	plus	0
CP022823.1	EF634041;cluster_I;Rhizobium_gallicum	82.26	327	5540188	57	1	1916317	1916643	1	326	8e-73	 281	plus	0
CP022823.1	EF199958;cluster_I;Thioalkalispira_microaerophila	80.90	356	5540188	68	0	1916318	1916673	383	28	8e-73	 281	minus	0
CP022823.1	AB489139;cluster_I;Paenibacillus_abekawaensis	77.66	479	5540188	94	11	1916030	1916503	903	433	3e-72	 279	minus	0
CP022823.1	AY934874;cluster_I;Sinorhizobium_sp._CCBAU_33036A	77.68	475	5540188	95	10	1916185	1916655	522	55	3e-72	 279	minus	0
CP022823.1	Z95214;cluster_I;Sinorhizobium_arboris_LMG_14919	78.86	421	5540188	83	6	1916072	1916491	416	1	3e-72	 279	minus	0
CP022823.1	FJ687521;cluster_I;Aeromonas_sp._IPPW-29	80.82	365	5540188	61	9	1916288	1916649	359	1	1e-71	 278	minus	0
CP022823.1	FJ687517;cluster_I;Pseudomonas_sp._IPPW-2	80.82	365	5540188	61	9	1916288	1916649	359	1	1e-71	 278	minus	0
CP022823.1	EF153400;cluster_I;Sinorhizobium_meliloti	77.59	473	5540188	97	9	1916186	1916655	506	40	1e-71	 278	minus	0
CP022823.1	AY934877;cluster_I;Sinorhizobium_sp._CCBAU_53044B	77.59	473	5540188	97	9	1916186	1916655	522	56	1e-71	 278	minus	0
CP022823.1	EU707160;cluster_I;Sinorhizobium_meliloti	77.59	473	5540188	97	9	1916186	1916655	484	18	1e-71	 278	minus	0
CP022823.1	EU252600;cluster_I;Sinorhizobium_sp._CCBAU_83317	77.59	473	5540188	97	9	1916186	1916655	506	40	1e-71	 278	minus	0
CP022823.1	AB182912;cluster_I;Pleomorphomonas_oryzae	79.22	409	5540188	76	6	1916319	1916724	407	5	4e-71	 276	minus	0
CP022823.1	GU256453;cluster_I;Azospirillum_zeae	81.34	343	5540188	57	5	1916320	1916660	374	37	5e-70	 272	minus	0
CP022823.1	GQ161241;cluster_I;Azospirillum_brasilense	80.72	363	5540188	59	8	1916291	1916649	356	1	5e-70	 272	minus	0
CP022823.1	EU418418;cluster_I;Sinorhizobium_meliloti	77.38	473	5540188	98	9	1916186	1916655	500	34	5e-70	 272	minus	0
CP022823.1	EU386145;cluster_I;Rhizobium_sp._NGR181	79.80	391	5540188	66	10	1916180	1916565	426	44	5e-70	 272	minus	0
CP022823.1	DQ029204;cluster_I;Azonexus_fungiphilus	83.05	295	5540188	50	0	1916302	1916596	308	14	6e-69	 268	minus	0
CP022823.1	AB185395;cluster_I;Azospirillum_oryzae	79.01	405	5540188	76	7	1916311	1916712	408	10	6e-69	 268	minus	0
CP022823.1	EF070145;cluster_I;Sinorhizobium_meliloti	78.74	414	5540188	79	9	1916245	1916655	416	9	6e-69	 268	minus	0
CP022823.1	AB182913;cluster_I;Pleomorphomonas_oryzae	79.15	398	5540188	74	6	1916319	1916713	396	5	2e-68	 267	minus	0
CP022823.1	AB079632;cluster_I;Rhodobacter_blasticus_DSM_2131	77.53	454	5540188	89	9	1916291	1916739	458	13	8e-68	 265	minus	0
CP022823.1	AB182911;cluster_I;Pleomorphomonas_oryzae	79.09	397	5540188	74	6	1916320	1916713	394	4	8e-68	 265	minus	0
CP022823.1	AB182910;cluster_I;Pleomorphomonas_oryzae	78.86	402	5540188	76	6	1916326	1916724	400	5	3e-67	 263	minus	0
CP022823.1	EF158046;cluster_I;Azospira_restricta	84.01	269	5540188	43	0	1916300	1916568	269	1	4e-66	 259	minus	0
CP022823.1	GU256450;cluster_I;Azospirillum_melinis	80.53	339	5540188	59	5	1916324	1916660	368	35	2e-64	 254	minus	0
CP022823.1	GQ411215;cluster_I;Bacillus_sp._SUND_LM2	87.44	215	5540188	26	1	1916438	1916652	314	101	3e-62	 246	minus	0
CP022823.1	GU256451;cluster_I;Azospirillum_picis	80.06	341	5540188	57	7	1916324	1916660	370	37	4e-61	 243	minus	0
CP022823.1	AB079628;cluster_I;Rhodovulum_strictum	76.65	454	5540188	93	9	1916291	1916739	458	13	5e-60	 239	minus	0
CP022823.1	AB079629;cluster_I;Rhodovulum_strictum	76.48	455	5540188	94	9	1916290	1916739	459	13	6e-59	 235	minus	0
CP022823.1	GQ411209;cluster_I;Bacillus_megaterium	88.48	191	5540188	22	0	1916463	1916653	338	148	8e-58	 231	minus	0
CP022823.1	EU177583;cluster_I;Sinorhizobium_meliloti	75.09	554	5540188	105	26	1916186	1916733	231	757	1e-56	 228	plus	0
CP022823.1	AY079181;cluster_I;Rhizobium_tropici	77.24	391	5540188	84	4	1916065	1916454	387	1	1e-55	 224	minus	0
CP022823.1	EF620478;cluster_I;Azotobacter_chroococcum	79.23	337	5540188	55	15	1916308	1916634	332	1	2e-54	 220	minus	0
CP022823.1	AB191042;cluster_I;Heliobacterium_gestii	71.12	1025	5540188	256	36	1914699	1915706	2000	999	2e-53	 217	minus	0
CP022823.1	EU697999;cluster_I;Mesorhizobium_temperatum	85.78	204	5540188	27	2	1916189	1916391	233	31	8e-53	 215	minus	0
CP022823.1	DQ315787;cluster_I;Anabaena_variabilis_ATCC_29413	72.74	686	5540188	159	23	1916067	1916739	704	34	5e-50	 206	minus	0
CP022823.1	DQ407288;cluster_I;Mesorhizobium_tianshanense	77.95	331	5540188	67	6	1916070	1916397	329	2	6e-49	 202	minus	0
CP022823.1	DQ407287;cluster_I;Mesorhizobium_tianshanense	77.81	329	5540188	66	7	1916070	1916394	329	4	3e-47	 196	minus	0
CP022823.1	DQ407295;cluster_I;Mesorhizobium_ciceri	77.85	325	5540188	66	6	1916070	1916391	322	1	3e-47	 196	minus	0
CP022823.1	AH000924;cluster_I;Rhizobium_sp.	79.85	268	5540188	50	4	1914930	1915195	573	308	4e-46	 193	minus	0
CP022823.1	AH000924;cluster_I;Rhizobium_sp.	86.42	81	5540188	8	3	1913856	1913934	116	37	6e-14	86.1	minus	0
CP022823.1	AVU89346;cluster_I;Anabaena_variabilis_ATCC_29413	71.64	691	5540188	178	16	1916063	1916745	1097	417	1e-40	 174	minus	0
CP022823.1	Z31716;cluster_I;Nostoc_sp._PCC_6720	71.49	691	5540188	179	16	1916063	1916745	1234	554	6e-39	 169	minus	0
CP022823.1	FJ712276;cluster_I;Rhizobium_petrolearium	76.74	301	5540188	63	7	1916357	1916655	331	36	1e-36	 161	minus	0
CP022823.1	AB264111;cluster_I;Cyanothece_sp._SKTU126	79.34	213	5540188	41	2	1916287	1916499	359	150	3e-32	 147	minus	0
CP022823.1	AB264107;cluster_I;Gloeothece_sp._KO11DG	78.87	213	5540188	42	2	1916287	1916499	359	150	1e-30	 141	minus	0
CP022823.1	EF560698;cluster_III;Chlorobaculum_macestae	78.07	228	5540188	44	3	1916291	1916512	449	222	5e-30	 139	minus	0
CP022823.1	AB264110;cluster_I;Gloeothece_sp._KO68DGA	78.40	213	5540188	43	2	1916287	1916499	359	150	6e-29	 135	minus	0
CP022823.1	AY768416;cluster_I;Lyngbya_aestuarii_PCC_7419	83.22	143	5540188	21	3	1916312	1916454	326	187	1e-26	 128	minus	0
CP022823.1	DQ364798;cluster_I;Paenibacillus_sp._GJ24	78.53	177	5540188	35	2	1916326	1916502	324	151	3e-22	 113	minus	0
CP022823.1	DQ364799;cluster_I;Paenibacillus_sp._GA12	77.97	177	5540188	36	2	1916326	1916502	324	151	1e-20	 108	minus	0
CP022823.1	AY373370;cluster_I;Paenibacillus_massiliensis	76.74	172	5540188	37	2	1916326	1916497	306	138	4e-16	93.5	minus	0
CP022823.1	NOSGLBN;cluster_I;Nostoc_sp.	77.12	153	5540188	30	5	1916595	1916745	1184	1035	2e-13	84.2	minus	0
CP022823.1	RHMNIFHA;cluster_I;Sinorhizobium_meliloti	92.68	41	5540188	3	0	1916615	1916655	44	4	4e-06	60.2	minus	0
