CP008788.1	V00631;cluster_I;Klebsiella_pneumoniae	95.63	1809	6152190	77	2	4019839	4021647	1	1807	0.0	2902	plus	0
CP008788.1	KPNNIFH;cluster_I;Klebsiella_pneumoniae	96.53	894	6152190	31	0	4020131	4021024	1	894	0.0	1480	plus	0
CP008788.1	AY242355;cluster_I;Klebsiella_pneumoniae_342	90.61	884	6152190	79	4	4020131	4021012	1	882	0.0	1170	plus	0
CP008788.1	X03916;cluster_I;Azotobacter_chroococcum	82.95	833	6152190	136	6	4020138	4020967	345	1174	0.0	 747	plus	0
CP008788.1	FJ593867;cluster_I;Klebsiella_sp._AL060224_03	99.49	389	6152190	2	0	4020215	4020603	1	389	0.0	 708	plus	0
CP008788.1	AY221827;cluster_I;Klebsiella_oxytoca_KCTC_1686	99.39	327	6152190	2	0	4020263	4020589	1	327	1e-166	 593	plus	0
CP008788.1	AY373368;cluster_I;Paenibacillus_sp._g2	98.78	327	6152190	4	0	4020242	4020568	1	327	2e-163	 582	plus	0
CP008788.1	AB189641;cluster_I;Halorhodospira_halophila	79.50	800	6152190	160	4	4020155	4020952	234	1031	2e-158	 566	plus	0
CP008788.1	FJ593769;cluster_I;Klebsiella_sp._P0646	92.29	389	6152190	30	0	4020215	4020603	1	389	2e-154	 553	plus	0
CP008788.1	GQ381287;cluster_I;Klebsiella_sp._SZ7-2	94.43	359	6152190	17	2	4020245	4020603	1	356	2e-153	 549	plus	0
CP008788.1	FJ593860;cluster_I;Klebsiella_sp._MNS_801b	92.03	389	6152190	31	0	4020215	4020603	1	389	8e-153	 547	plus	0
CP008788.1	FJ593864;cluster_I;Klebsiella_sp._MNFG_802	92.03	389	6152190	31	0	4020215	4020603	1	389	8e-153	 547	plus	0
CP008788.1	FJ593861;cluster_I;Klebsiella_sp._MNS_801a	92.03	389	6152190	31	0	4020215	4020603	1	389	8e-153	 547	plus	0
CP008788.1	FJ593862;cluster_I;Klebsiella_sp._MNW_801b	92.03	389	6152190	31	0	4020215	4020603	1	389	8e-153	 547	plus	0
CP008788.1	FJ593863;cluster_I;Klebsiella_sp._MNFG_801b	92.03	389	6152190	31	0	4020215	4020603	1	389	8e-153	 547	plus	0
CP008788.1	DQ364804;cluster_I;Klebsiella_sp._JT42	96.65	328	6152190	9	2	4020242	4020568	1	327	1e-151	 544	plus	0
CP008788.1	FJ593866;cluster_I;Klebsiella_sp._AL060225_04	91.77	389	6152190	32	0	4020215	4020603	1	389	4e-151	 542	plus	0
CP008788.1	FJ593865;cluster_I;Klebsiella_sp._AL050511_01	91.77	389	6152190	32	0	4020215	4020603	1	389	4e-151	 542	plus	0
CP008788.1	FJ593768;cluster_I;Klebsiella_sp._CRPV0611a	91.77	389	6152190	32	0	4020215	4020603	1	389	4e-151	 542	plus	0
CP008788.1	FJ593767;cluster_I;Klebsiella_sp._P0643	91.77	389	6152190	32	0	4020215	4020603	1	389	4e-151	 542	plus	0
CP008788.1	FJ593766;cluster_I;Klebsiella_sp._P0640	91.77	389	6152190	32	0	4020215	4020603	1	389	4e-151	 542	plus	0
CP008788.1	FJ593765;cluster_I;Klebsiella_sp._P0638	91.77	389	6152190	32	0	4020215	4020603	1	389	4e-151	 542	plus	0
CP008788.1	FJ593757;cluster_I;Klebsiella_sp._CRLS069a	91.77	389	6152190	32	0	4020215	4020603	1	389	4e-151	 542	plus	0
CP008788.1	FJ593760;cluster_I;Klebsiella_sp._CRLS064	91.52	389	6152190	33	0	4020215	4020603	1	389	2e-149	 536	plus	0
CP008788.1	FJ593763;cluster_I;Klebsiella_sp._CRLI0718a	91.52	389	6152190	33	0	4020215	4020603	1	389	2e-149	 536	plus	0
CP008788.1	FJ593756;cluster_I;Klebsiella_sp._CRLI0715	91.52	389	6152190	33	0	4020215	4020603	1	389	2e-149	 536	plus	0
CP008788.1	FJ593758;cluster_I;Klebsiella_sp._CRPV0610	91.52	389	6152190	33	0	4020215	4020603	1	389	2e-149	 536	plus	0
CP008788.1	FJ593759;cluster_I;Klebsiella_sp._CRLS0617	91.52	389	6152190	33	0	4020215	4020603	1	389	2e-149	 536	plus	0
CP008788.1	FJ593764;cluster_I;Klebsiella_sp._CRLI0713	91.52	389	6152190	33	0	4020215	4020603	1	389	2e-149	 536	plus	0
CP008788.1	FJ593762;cluster_I;Klebsiella_sp._CRLI0728	91.26	389	6152190	34	0	4020215	4020603	1	389	8e-148	 531	plus	0
CP008788.1	EF200511;cluster_I;Klebsiella_sp._TT001	98.03	304	6152190	6	0	4020275	4020578	1	304	3e-147	 529	plus	0
CP008788.1	EF200510;cluster_I;Klebsiella_sp._NTI31	98.03	304	6152190	6	0	4020275	4020578	1	304	3e-147	 529	plus	0
CP008788.1	AY373371;cluster_I;Bacillus_sp._w5	95.72	327	6152190	14	0	4020242	4020568	1	327	1e-146	 527	plus	0
CP008788.1	FJ032021;cluster_I;Klebsiella_sp._BN-4A	97.41	309	6152190	8	0	4020229	4020537	1	309	1e-146	 527	plus	0
CP008788.1	AY373369;cluster_I;Bacillus_cereus	95.72	327	6152190	14	0	4020242	4020568	5	331	1e-146	 527	plus	0
CP008788.1	FJ593761;cluster_I;Klebsiella_sp._CRLI0730	91.00	389	6152190	35	0	4020215	4020603	1	389	4e-146	 525	plus	0
CP008788.1	AJ563286;cluster_I;Dechloromonas_sp._SIUL	81.02	669	6152190	117	9	4020224	4020887	13	676	1e-145	 523	plus	0
CP008788.1	AY373365;cluster_I;Bacillus_megaterium	95.94	320	6152190	13	0	4020242	4020561	1	320	2e-144	 520	plus	0
CP008788.1	AY373366;cluster_I;Bacillus_sp._c6	94.80	327	6152190	17	0	4020242	4020568	1	327	1e-141	 510	plus	0
CP008788.1	FJ032022;cluster_I;Klebsiella_sp._AF-4C	96.12	309	6152190	12	0	4020229	4020537	3	311	5e-140	 505	plus	0
CP008788.1	EU938522;cluster_I;Burkholderia_sp._gx97	91.36	359	6152190	31	0	4020245	4020603	1	359	4e-136	 492	plus	0
CP008788.1	GQ381290;cluster_I;Klebsiella_pneumoniae	93.87	326	6152190	17	3	4020278	4020603	9	331	5e-135	 488	plus	0
CP008788.1	FJ822998;cluster_I;Klebsiella_sp._gx-3	90.81	359	6152190	33	0	4020245	4020603	362	4	8e-133	 481	minus	0
CP008788.1	GQ381289;cluster_I;Paenibacillus_sp._SZ002	93.77	321	6152190	17	3	4020283	4020603	10	327	3e-132	 479	plus	0
CP008788.1	AY846276;cluster_I;Klebsiella_pneumoniae	88.49	391	6152190	44	1	4020148	4020537	400	10	5e-130	 472	minus	0
CP008788.1	AY367396;cluster_I;Raoultella_terrigena	91.87	332	6152190	27	0	4020245	4020576	1	332	8e-128	 464	plus	0
CP008788.1	AY367392;cluster_I;Klebsiella_variicola	91.07	336	6152190	30	0	4020245	4020580	2	337	5e-125	 455	plus	0
CP008788.1	AY367394;cluster_I;Klebsiella_variicola	91.29	333	6152190	29	0	4020245	4020577	2	334	5e-125	 455	plus	0
CP008788.1	AY367395;cluster_I;Klebsiella_variicola	91.07	336	6152190	30	0	4020268	4020603	1	336	5e-125	 455	plus	0
CP008788.1	FJ822994;cluster_I;Sinorhizobium_sp._gx-153	90.20	347	6152190	34	0	4020257	4020603	350	4	2e-124	 453	minus	0
CP008788.1	AY367393;cluster_I;Klebsiella_variicola	90.77	336	6152190	31	0	4020268	4020603	1	336	2e-123	 449	plus	0
CP008788.1	AF031817;cluster_I;Rhodobacter_sphaeroides	76.92	819	6152190	167	19	4020148	4020955	283	1090	3e-122	 446	plus	0
CP008788.1	FJ593779;cluster_I;Pantoea_sp._A0305	86.89	389	6152190	51	0	4020215	4020603	1	389	2e-119	 436	plus	0
CP008788.1	FJ593780;cluster_I;Pantoea_sp._P0352	86.89	389	6152190	51	0	4020215	4020603	1	389	2e-119	 436	plus	0
CP008788.1	FJ593778;cluster_I;Pantoea_sp._P0359	86.89	389	6152190	51	0	4020215	4020603	1	389	2e-119	 436	plus	0
CP008788.1	FJ593777;cluster_I;Pantoea_sp._CRLI0725a	86.63	389	6152190	52	0	4020215	4020603	1	389	8e-118	 431	plus	0
CP008788.1	DQ821722;cluster_I;Sphingomonas_sp._Y49	90.68	322	6152190	30	0	4020265	4020586	1	322	3e-117	 429	plus	0
CP008788.1	FJ593868;cluster_I;Enterobacter_sp._MTP_050512_17	86.38	389	6152190	53	0	4020215	4020603	1	389	4e-116	 425	plus	0
CP008788.1	DQ821723;cluster_I;Klebsiella_sp._Y57	90.06	322	6152190	32	0	4020265	4020586	1	322	6e-114	 418	plus	0
CP008788.1	AB270756;cluster_I;Klebsiella_pneumoniae	90.28	319	6152190	31	0	4020244	4020562	42	360	6e-114	 418	plus	0
CP008788.1	HM047125;cluster_I;Bradyrhizobium_denitrificans	78.11	667	6152190	131	13	4020205	4020865	3	660	4e-111	 409	plus	0
CP008788.1	DQ364801;cluster_I;Klebsiella_sp._BM92	89.69	320	6152190	33	0	4020242	4020561	1	320	4e-111	 409	plus	0
CP008788.1	EU622783;cluster_I;Thiocapsa_bogorovii	84.04	426	6152190	66	2	4020179	4020603	25	449	4e-111	 409	plus	0
CP008788.1	AF545637;cluster_I;Pantoea_agglomerans	87.29	354	6152190	45	0	4020176	4020529	7	360	5e-110	 405	plus	0
CP008788.1	X07866;cluster_I;Rhodobacter_capsulatus_SB_1003	75.88	825	6152190	176	19	4020155	4020966	120	934	2e-108	 399	plus	0
CP008788.1	X63352;cluster_I;Rhodobacter_capsulatus	75.76	825	6152190	177	19	4020155	4020966	1318	2132	1e-106	 394	plus	0
CP008788.1	AB542360;cluster_I;Azospirillum_sp._TSH19	79.30	575	6152190	107	10	4020260	4020830	2	568	4e-106	 392	plus	0
CP008788.1	EU622788;cluster_I;Allochromatium_minutissimum	82.44	450	6152190	77	2	4020155	4020603	1	449	4e-106	 392	plus	0
CP008788.1	FJ347420;cluster_I;Bradyrhizobium_sp._ORS_285	79.33	571	6152190	105	12	4020259	4020824	1	563	1e-105	 390	plus	0
CP008788.1	AB542367;cluster_I;Azospirillum_sp._TSH100	79.27	574	6152190	107	10	4020261	4020830	1	566	1e-105	 390	plus	0
CP008788.1	FJ347446;cluster_I;Bradyrhizobium_sp._ORS_372	79.35	557	6152190	102	12	4020259	4020810	1	549	2e-104	 387	plus	0
CP008788.1	EF199951;cluster_I;Halorhodospira_halophila	82.18	449	6152190	80	0	4020155	4020603	1	449	2e-104	 387	plus	0
CP008788.1	FJ347435;cluster_I;Bradyrhizobium_sp._ORS_324	79.14	556	6152190	105	10	4020259	4020810	1	549	8e-103	 381	plus	0
CP008788.1	FJ347418;cluster_I;Bradyrhizobium_sp._ORS_277	79.35	557	6152190	102	12	4020259	4020810	1	549	8e-103	 381	plus	0
CP008788.1	FJ347436;cluster_I;Bradyrhizobium_sp._ORS_327	79.17	557	6152190	103	12	4020259	4020810	1	549	3e-102	 379	plus	0
CP008788.1	FJ347434;cluster_I;Bradyrhizobium_sp._ORS_318	78.96	556	6152190	106	10	4020259	4020810	1	549	3e-102	 379	plus	0
CP008788.1	FJ347422;cluster_I;Bradyrhizobium_sp._ORS_294	78.96	556	6152190	106	10	4020259	4020810	1	549	3e-102	 379	plus	0
CP008788.1	FJ347438;cluster_I;Bradyrhizobium_sp._ORS_330	78.98	571	6152190	107	12	4020259	4020824	1	563	1e-101	 377	plus	0
CP008788.1	FJ347427;cluster_I;Bradyrhizobium_sp._ORS_303	78.78	556	6152190	107	10	4020259	4020810	1	549	1e-101	 377	plus	0
CP008788.1	AB542364;cluster_I;Azospirillum_sp._TSH78	79.09	569	6152190	104	13	4020260	4020822	2	561	1e-101	 377	plus	0
CP008788.1	FJ347445;cluster_I;Bradyrhizobium_sp._ORS_361	78.78	556	6152190	107	10	4020259	4020810	1	549	4e-101	 375	plus	0
CP008788.1	FJ347443;cluster_I;Bradyrhizobium_sp._ORS_356	78.78	556	6152190	107	10	4020259	4020810	1	549	4e-101	 375	plus	0
CP008788.1	FJ347424;cluster_I;Bradyrhizobium_sp._ORS_298	78.78	556	6152190	107	10	4020259	4020810	1	549	4e-101	 375	plus	0
CP008788.1	FJ347430;cluster_I;Bradyrhizobium_sp._ORS_307	78.64	557	6152190	106	12	4020259	4020810	1	549	5e-100	 372	plus	0
CP008788.1	FJ347423;cluster_I;Bradyrhizobium_sp._ORS_297	78.99	557	6152190	104	12	4020259	4020810	1	549	2e-99	 370	plus	0
CP008788.1	AB542356;cluster_I;Azospirillum_sp._TSH2	78.81	571	6152190	106	13	4020260	4020824	1	562	2e-99	 370	plus	0
CP008788.1	AB542337;cluster_I;Azospirillum_sp._TSA2s	77.81	613	6152190	125	9	4020266	4020874	5	610	6e-99	 368	plus	0
CP008788.1	FJ347447;cluster_I;Bradyrhizobium_sp._ORS_375	77.97	572	6152190	111	13	4020259	4020824	1	563	2e-98	 366	plus	0
CP008788.1	FJ347441;cluster_I;Bradyrhizobium_sp._ORS_344	77.93	571	6152190	113	12	4020259	4020824	1	563	2e-98	 366	plus	0
CP008788.1	FJ347426;cluster_I;Bradyrhizobium_sp._ORS_301	78.28	571	6152190	111	12	4020259	4020824	1	563	2e-98	 366	plus	0
CP008788.1	AB542357;cluster_I;Azospirillum_sp._TSH5	78.73	569	6152190	106	13	4020262	4020824	1	560	2e-98	 366	plus	0
CP008788.1	AB542358;cluster_I;Azospirillum_sp._TSH6	78.73	569	6152190	106	13	4020262	4020824	1	560	2e-98	 366	plus	0
CP008788.1	AB542359;cluster_I;Azospirillum_sp._TSH10	78.73	569	6152190	106	13	4020262	4020824	1	560	2e-98	 366	plus	0
CP008788.1	GQ289562;cluster_I;Bradyrhizobium_japonicum	80.99	463	6152190	81	6	4020161	4020621	458	1	1e-96	 361	minus	0
CP008788.1	FJ347437;cluster_I;Bradyrhizobium_sp._ORS_328	78.10	557	6152190	109	12	4020259	4020810	1	549	5e-95	 355	plus	0
CP008788.1	AB542366;cluster_I;Azospirillum_sp._TSH96	78.51	563	6152190	106	13	4020266	4020822	4	557	5e-95	 355	plus	0
CP008788.1	FJ347433;cluster_I;Bradyrhizobium_sp._ORS_310	77.70	556	6152190	113	10	4020259	4020810	1	549	2e-93	 350	plus	0
CP008788.1	AB542361;cluster_I;Azospirillum_sp._TSH21	77.89	579	6152190	116	10	4020256	4020830	1	571	2e-93	 350	plus	0
CP008788.1	AB542347;cluster_I;Azospirillum_sp._TSA18	78.03	569	6152190	113	10	4020266	4020830	7	567	8e-93	 348	plus	0
CP008788.1	AB542344;cluster_I;Azospirillum_sp._TSA15c	78.03	569	6152190	113	10	4020266	4020830	5	565	8e-93	 348	plus	0
CP008788.1	AB542340;cluster_I;Azospirillum_sp._TSA11	78.03	569	6152190	113	10	4020266	4020830	7	567	8e-93	 348	plus	0
CP008788.1	AB542343;cluster_I;Azospirillum_sp._TSA14w	78.03	569	6152190	113	10	4020266	4020830	9	569	8e-93	 348	plus	0
CP008788.1	EF199953;cluster_I;Ectothiorhodospira_shaposhnikovii	80.67	450	6152190	85	2	4020155	4020603	1	449	8e-93	 348	plus	0
CP008788.1	AB542348;cluster_I;Azospirillum_sp._TSA19	77.92	566	6152190	113	10	4020269	4020830	1	558	4e-91	 342	plus	0
CP008788.1	AB542341;cluster_I;Azospirillum_sp._TSA12	77.92	566	6152190	113	10	4020269	4020830	1	558	4e-91	 342	plus	0
CP008788.1	EF199954;cluster_I;Ectothiorhodospira_mobilis	80.44	450	6152190	86	2	4020155	4020603	1	449	4e-91	 342	plus	0
CP008788.1	DQ787333;cluster_I;Azospirillum_lipoferum	81.09	439	6152190	70	11	4020170	4020603	16	446	5e-90	 339	plus	0
CP008788.1	AF484657;cluster_I;Methylobacterium_sp._xct7	80.00	460	6152190	80	10	4020250	4020705	1	452	3e-87	 329	plus	0
CP008788.1	GQ161239;cluster_I;Azospirillum_brasilense	83.38	361	6152190	53	6	4020245	4020603	1	356	1e-86	 327	plus	0
CP008788.1	AF059648;cluster_I;Marichromatium_purpuratum	84.92	325	6152190	47	2	4020266	4020589	4	327	1e-86	 327	plus	0
CP008788.1	GQ411215;cluster_I;Bacillus_sp._SUND_LM2	93.98	216	6152190	12	1	4020242	4020457	101	315	4e-86	 326	plus	0
CP008788.1	GQ289571;cluster_I;Bradyrhizobium_japonicum	79.66	467	6152190	83	11	4020161	4020621	461	1	4e-86	 326	minus	0
CP008788.1	FSU53362;cluster_I;Frankia_sp._EuIK1	72.07	1278	6152190	294	53	4021188	4022435	1286	2530	1e-85	 324	plus	0
CP008788.1	FN813553;cluster_I;Azospirillum_zeae	82.69	364	6152190	56	5	4020245	4020606	1	359	2e-83	 316	plus	0
CP008788.1	FN813552;cluster_I;Azospirillum_zeae	82.69	364	6152190	56	5	4020245	4020606	1	359	2e-83	 316	plus	0
CP008788.1	FN813561;cluster_I;Azospirillum_zeae	82.74	365	6152190	54	7	4020245	4020606	1	359	2e-83	 316	plus	0
CP008788.1	GQ289577;cluster_I;Bradyrhizobium_japonicum	79.45	472	6152190	75	17	4020161	4020621	461	1	8e-83	 315	minus	0
CP008788.1	EU672874;cluster_I;Methylogaea_oryzae_JCM_16910	84.94	312	6152190	45	2	4020293	4020603	1	311	8e-83	 315	plus	0
CP008788.1	GQ161241;cluster_I;Azospirillum_brasilense	82.60	362	6152190	54	7	4020245	4020603	1	356	1e-81	 311	plus	0
CP008788.1	AB191041;cluster_I;Heliobacterium_chlorum	74.23	776	6152190	182	17	4020200	4020966	1	767	4e-81	 309	plus	0
CP008788.1	AB079621;cluster_I;Rhodobacter_azotoformans	79.43	457	6152190	79	13	4020153	4020603	11	458	4e-81	 309	plus	0
CP008788.1	GU256446;cluster_I;Azospirillum_canadense	81.94	371	6152190	60	5	4020215	4020583	10	375	1e-80	 307	plus	0
CP008788.1	FJ687518;cluster_I;Pseudomonas_sp._IPPW-3	81.82	363	6152190	64	2	4020245	4020606	1	362	2e-79	 303	plus	0
CP008788.1	DQ682472;cluster_I;Azospirillum_zeae	82.04	362	6152190	56	7	4020245	4020603	2	357	2e-79	 303	plus	0
CP008788.1	DQ029203;cluster_I;Azonexus_caeni	86.07	280	6152190	39	0	4020312	4020591	28	307	7e-79	 302	plus	0
CP008788.1	DQ682471;cluster_I;Azospirillum_zeae	82.17	359	6152190	55	7	4020248	4020603	1	353	2e-78	 300	plus	0
CP008788.1	FJ687522;cluster_I;Aeromonas_sp._IPPW-33a	81.54	363	6152190	65	2	4020245	4020606	1	362	8e-78	 298	plus	0
CP008788.1	EU770978;cluster_I;Rhizobium_leguminosarum	76.73	563	6152190	112	17	4020155	4020709	1	552	3e-77	 296	plus	0
CP008788.1	GQ411209;cluster_I;Bacillus_megaterium	94.71	189	6152190	10	0	4020241	4020429	148	336	1e-76	 294	plus	0
CP008788.1	DQ393890;cluster_I;Azospirillum_canadense	82.15	353	6152190	54	7	4020254	4020603	351	5	1e-76	 294	minus	0
CP008788.1	GU256453;cluster_I;Azospirillum_zeae	81.02	374	6152190	64	5	4020203	4020574	6	374	1e-75	 291	plus	0
CP008788.1	AB185395;cluster_I;Azospirillum_oryzae	80.68	383	6152190	67	5	4020203	4020583	31	408	1e-75	 291	plus	0
CP008788.1	EU418412;cluster_I;Rhizobium_mongolense	76.49	570	6152190	113	18	4020236	4020796	37	594	1e-75	 291	plus	0
CP008788.1	EU418411;cluster_I;Rhizobium_gallicum	76.49	570	6152190	113	18	4020236	4020796	37	594	1e-75	 291	plus	0
CP008788.1	EU770979;cluster_I;Rhizobium_leguminosarum	76.38	563	6152190	114	17	4020155	4020709	1	552	7e-74	 285	plus	0
CP008788.1	FJ687521;cluster_I;Aeromonas_sp._IPPW-29	81.10	365	6152190	60	8	4020245	4020606	1	359	2e-73	 283	plus	0
CP008788.1	FJ687517;cluster_I;Pseudomonas_sp._IPPW-2	81.10	365	6152190	60	8	4020245	4020606	1	359	2e-73	 283	plus	0
CP008788.1	AY768690;cluster_I;Azonexus_fungiphilus	82.66	323	6152190	52	4	4020263	4020583	1	321	2e-73	 283	plus	0
CP008788.1	EF158046;cluster_I;Azospira_restricta	85.13	269	6152190	40	0	4020326	4020594	1	269	4e-71	 276	plus	0
CP008788.1	AB079628;cluster_I;Rhodovulum_strictum	78.12	457	6152190	85	13	4020153	4020603	11	458	4e-71	 276	plus	0
CP008788.1	GU256445;cluster_I;Nitrospirillum_amazonense	80.66	362	6152190	61	8	4020236	4020594	18	373	5e-70	 272	plus	0
CP008788.1	AB079629;cluster_I;Rhodovulum_strictum	77.95	458	6152190	86	13	4020153	4020604	11	459	5e-70	 272	plus	0
CP008788.1	GU256451;cluster_I;Azospirillum_picis	81.47	340	6152190	54	7	4020234	4020570	37	370	2e-69	 270	plus	0
CP008788.1	EF634050;cluster_I;Azotobacter_chroococcum	82.79	308	6152190	47	5	4020296	4020600	1	305	2e-69	 270	plus	0
CP008788.1	EU291983;cluster_I;Ensifer_mexicanus	77.22	474	6152190	99	7	4020404	4020874	1	468	7e-69	 268	plus	0
CP008788.1	EU291980;cluster_I;Sinorhizobium_chiapanecum	77.17	473	6152190	101	5	4020404	4020874	1	468	7e-69	 268	plus	0
CP008788.1	DQ413015;cluster_I;Rhizobium_leguminosarum_bv._viciae	77.78	459	6152190	87	13	4020236	4020688	44	493	7e-69	 268	plus	0
CP008788.1	EF634053;cluster_I;Azotobacter_chroococcum	82.22	315	6152190	48	7	4020293	4020602	15	326	9e-68	 265	plus	0
CP008788.1	AB191042;cluster_I;Heliobacterium_gestii	72.04	1030	6152190	238	41	4021188	4022195	999	2000	1e-66	 261	plus	0
CP008788.1	GQ289563;cluster_I;Bradyrhizobium_japonicum	76.71	468	6152190	95	12	4020161	4020621	461	1	9e-63	 248	minus	0
CP008788.1	AB191043;cluster_I;Heliobacterium_modesticaldum_Ice1	71.32	1147	6152190	271	47	4021188	4022308	1093	2207	4e-61	 243	plus	0
CP008788.1	EF634055;cluster_I;Azotobacter_chroococcum	82.56	281	6152190	43	5	4020325	4020602	11	288	4e-61	 243	plus	0
CP008788.1	AY644349;cluster_I;Azomonas_macrocytogenes	78.65	356	6152190	76	0	4020248	4020603	7	362	1e-60	 241	plus	0
CP008788.1	DQ411938;cluster_I;Ensifer_mexicanus	76.92	429	6152190	90	7	4020449	4020874	10	432	7e-59	 235	plus	0
CP008788.1	DQ411939;cluster_I;Ensifer_mexicanus	76.92	429	6152190	90	7	4020449	4020874	10	432	7e-59	 235	plus	0
CP008788.1	ADAF001432;cluster_I;Gluconacetobacter_diazotrophicus	80.92	304	6152190	51	5	4020245	4020546	1	299	2e-58	 233	plus	0
CP008788.1	GQ289567;cluster_III;Bradyrhizobium_japonicum	75.81	463	6152190	92	17	4020169	4020621	453	1	2e-53	 217	minus	0
CP008788.1	AB100830;cluster_I;Heliobacterium_chlorum	76.60	359	6152190	78	6	4020248	4020603	4	359	4e-46	 193	plus	0
CP008788.1	GQ289582;cluster_III;Bradyrhizobium_japonicum	80.25	243	6152190	42	2	4020385	4020621	243	1	1e-41	 178	minus	0
CP008788.1	GQ289566;cluster_III;Bradyrhizobium_japonicum	79.32	237	6152190	41	4	4020392	4020621	236	1	4e-36	 159	minus	0
CP008788.1	GQ289573;cluster_III;Bradyrhizobium_japonicum	78.90	237	6152190	42	5	4020392	4020621	236	1	2e-34	 154	minus	0
