CP022348.1	V00631;cluster_I;Klebsiella_pneumoniae	95.74	1809	6139574	75	2	1503254	1505062	1	1807	0.0	2913	plus	0
CP022348.1	KPNNIFH;cluster_I;Klebsiella_pneumoniae	96.76	894	6139574	29	0	1503546	1504439	1	894	0.0	1491	plus	0
CP022348.1	AY242355;cluster_I;Klebsiella_pneumoniae_342	90.72	884	6139574	78	4	1503546	1504427	1	882	0.0	1175	plus	0
CP022348.1	X03916;cluster_I;Azotobacter_chroococcum	83.07	833	6139574	135	6	1503553	1504382	345	1174	0.0	 752	plus	0
CP022348.1	FJ593867;cluster_I;Klebsiella_sp._AL060224_03	99.49	389	6139574	2	0	1503630	1504018	1	389	0.0	 708	plus	0
CP022348.1	AY221827;cluster_I;Klebsiella_oxytoca_KCTC_1686	99.39	327	6139574	2	0	1503678	1504004	1	327	1e-166	 593	plus	0
CP022348.1	AY373368;cluster_I;Paenibacillus_sp._g2	98.78	327	6139574	4	0	1503657	1503983	1	327	2e-163	 582	plus	0
CP022348.1	AB189641;cluster_I;Halorhodospira_halophila	79.75	800	6139574	158	4	1503570	1504367	234	1031	1e-161	 577	plus	0
CP022348.1	FJ593769;cluster_I;Klebsiella_sp._P0646	92.29	389	6139574	30	0	1503630	1504018	1	389	2e-154	 553	plus	0
CP022348.1	GQ381287;cluster_I;Klebsiella_sp._SZ7-2	94.43	359	6139574	17	2	1503660	1504018	1	356	2e-153	 549	plus	0
CP022348.1	FJ593860;cluster_I;Klebsiella_sp._MNS_801b	92.03	389	6139574	31	0	1503630	1504018	1	389	8e-153	 547	plus	0
CP022348.1	FJ593864;cluster_I;Klebsiella_sp._MNFG_802	92.03	389	6139574	31	0	1503630	1504018	1	389	8e-153	 547	plus	0
CP022348.1	FJ593861;cluster_I;Klebsiella_sp._MNS_801a	92.03	389	6139574	31	0	1503630	1504018	1	389	8e-153	 547	plus	0
CP022348.1	FJ593862;cluster_I;Klebsiella_sp._MNW_801b	92.03	389	6139574	31	0	1503630	1504018	1	389	8e-153	 547	plus	0
CP022348.1	FJ593863;cluster_I;Klebsiella_sp._MNFG_801b	92.03	389	6139574	31	0	1503630	1504018	1	389	8e-153	 547	plus	0
CP022348.1	DQ364804;cluster_I;Klebsiella_sp._JT42	96.65	328	6139574	9	2	1503657	1503983	1	327	1e-151	 544	plus	0
CP022348.1	FJ593866;cluster_I;Klebsiella_sp._AL060225_04	91.77	389	6139574	32	0	1503630	1504018	1	389	4e-151	 542	plus	0
CP022348.1	FJ593865;cluster_I;Klebsiella_sp._AL050511_01	91.77	389	6139574	32	0	1503630	1504018	1	389	4e-151	 542	plus	0
CP022348.1	FJ593768;cluster_I;Klebsiella_sp._CRPV0611a	91.77	389	6139574	32	0	1503630	1504018	1	389	4e-151	 542	plus	0
CP022348.1	FJ593767;cluster_I;Klebsiella_sp._P0643	91.77	389	6139574	32	0	1503630	1504018	1	389	4e-151	 542	plus	0
CP022348.1	FJ593766;cluster_I;Klebsiella_sp._P0640	91.77	389	6139574	32	0	1503630	1504018	1	389	4e-151	 542	plus	0
CP022348.1	FJ593765;cluster_I;Klebsiella_sp._P0638	91.77	389	6139574	32	0	1503630	1504018	1	389	4e-151	 542	plus	0
CP022348.1	FJ593757;cluster_I;Klebsiella_sp._CRLS069a	91.77	389	6139574	32	0	1503630	1504018	1	389	4e-151	 542	plus	0
CP022348.1	FJ593760;cluster_I;Klebsiella_sp._CRLS064	91.52	389	6139574	33	0	1503630	1504018	1	389	2e-149	 536	plus	0
CP022348.1	FJ593763;cluster_I;Klebsiella_sp._CRLI0718a	91.52	389	6139574	33	0	1503630	1504018	1	389	2e-149	 536	plus	0
CP022348.1	FJ593756;cluster_I;Klebsiella_sp._CRLI0715	91.52	389	6139574	33	0	1503630	1504018	1	389	2e-149	 536	plus	0
CP022348.1	FJ593758;cluster_I;Klebsiella_sp._CRPV0610	91.52	389	6139574	33	0	1503630	1504018	1	389	2e-149	 536	plus	0
CP022348.1	FJ593759;cluster_I;Klebsiella_sp._CRLS0617	91.52	389	6139574	33	0	1503630	1504018	1	389	2e-149	 536	plus	0
CP022348.1	FJ593764;cluster_I;Klebsiella_sp._CRLI0713	91.52	389	6139574	33	0	1503630	1504018	1	389	2e-149	 536	plus	0
CP022348.1	FJ593762;cluster_I;Klebsiella_sp._CRLI0728	91.26	389	6139574	34	0	1503630	1504018	1	389	8e-148	 531	plus	0
CP022348.1	EF200511;cluster_I;Klebsiella_sp._TT001	98.03	304	6139574	6	0	1503690	1503993	1	304	3e-147	 529	plus	0
CP022348.1	EF200510;cluster_I;Klebsiella_sp._NTI31	98.03	304	6139574	6	0	1503690	1503993	1	304	3e-147	 529	plus	0
CP022348.1	AY373371;cluster_I;Bacillus_sp._w5	95.72	327	6139574	14	0	1503657	1503983	1	327	1e-146	 527	plus	0
CP022348.1	FJ032021;cluster_I;Klebsiella_sp._BN-4A	97.41	309	6139574	8	0	1503644	1503952	1	309	1e-146	 527	plus	0
CP022348.1	AY373369;cluster_I;Bacillus_cereus	95.72	327	6139574	14	0	1503657	1503983	5	331	1e-146	 527	plus	0
CP022348.1	FJ593761;cluster_I;Klebsiella_sp._CRLI0730	91.00	389	6139574	35	0	1503630	1504018	1	389	4e-146	 525	plus	0
CP022348.1	AJ563286;cluster_I;Dechloromonas_sp._SIUL	81.02	669	6139574	117	9	1503639	1504302	13	676	1e-145	 523	plus	0
CP022348.1	AY373365;cluster_I;Bacillus_megaterium	95.94	320	6139574	13	0	1503657	1503976	1	320	2e-144	 520	plus	0
CP022348.1	AY373366;cluster_I;Bacillus_sp._c6	94.80	327	6139574	17	0	1503657	1503983	1	327	1e-141	 510	plus	0
CP022348.1	FJ032022;cluster_I;Klebsiella_sp._AF-4C	96.12	309	6139574	12	0	1503644	1503952	3	311	5e-140	 505	plus	0
CP022348.1	EU938522;cluster_I;Burkholderia_sp._gx97	91.36	359	6139574	31	0	1503660	1504018	1	359	4e-136	 492	plus	0
CP022348.1	GQ381290;cluster_I;Klebsiella_pneumoniae	93.87	326	6139574	17	3	1503693	1504018	9	331	5e-135	 488	plus	0
CP022348.1	FJ822998;cluster_I;Klebsiella_sp._gx-3	90.81	359	6139574	33	0	1503660	1504018	362	4	8e-133	 481	minus	0
CP022348.1	GQ381289;cluster_I;Paenibacillus_sp._SZ002	93.77	321	6139574	17	3	1503698	1504018	10	327	3e-132	 479	plus	0
CP022348.1	AY846276;cluster_I;Klebsiella_pneumoniae	88.75	391	6139574	43	1	1503563	1503952	400	10	1e-131	 477	minus	0
CP022348.1	AY367396;cluster_I;Raoultella_terrigena	91.87	332	6139574	27	0	1503660	1503991	1	332	8e-128	 464	plus	0
CP022348.1	AY367392;cluster_I;Klebsiella_variicola	91.07	336	6139574	30	0	1503660	1503995	2	337	5e-125	 455	plus	0
CP022348.1	AY367394;cluster_I;Klebsiella_variicola	91.29	333	6139574	29	0	1503660	1503992	2	334	5e-125	 455	plus	0
CP022348.1	AY367395;cluster_I;Klebsiella_variicola	91.07	336	6139574	30	0	1503683	1504018	1	336	5e-125	 455	plus	0
CP022348.1	FJ822994;cluster_I;Sinorhizobium_sp._gx-153	90.20	347	6139574	34	0	1503672	1504018	350	4	2e-124	 453	minus	0
CP022348.1	AF031817;cluster_I;Rhodobacter_sphaeroides	77.05	819	6139574	166	19	1503563	1504370	283	1090	6e-124	 451	plus	0
CP022348.1	AY367393;cluster_I;Klebsiella_variicola	90.77	336	6139574	31	0	1503683	1504018	1	336	2e-123	 449	plus	0
CP022348.1	FJ593779;cluster_I;Pantoea_sp._A0305	86.89	389	6139574	51	0	1503630	1504018	1	389	2e-119	 436	plus	0
CP022348.1	FJ593780;cluster_I;Pantoea_sp._P0352	86.89	389	6139574	51	0	1503630	1504018	1	389	2e-119	 436	plus	0
CP022348.1	FJ593778;cluster_I;Pantoea_sp._P0359	86.89	389	6139574	51	0	1503630	1504018	1	389	2e-119	 436	plus	0
CP022348.1	FJ593777;cluster_I;Pantoea_sp._CRLI0725a	86.63	389	6139574	52	0	1503630	1504018	1	389	8e-118	 431	plus	0
CP022348.1	DQ821722;cluster_I;Sphingomonas_sp._Y49	90.68	322	6139574	30	0	1503680	1504001	1	322	3e-117	 429	plus	0
CP022348.1	FJ593868;cluster_I;Enterobacter_sp._MTP_050512_17	86.38	389	6139574	53	0	1503630	1504018	1	389	4e-116	 425	plus	0
CP022348.1	DQ821723;cluster_I;Klebsiella_sp._Y57	90.06	322	6139574	32	0	1503680	1504001	1	322	6e-114	 418	plus	0
CP022348.1	AB270756;cluster_I;Klebsiella_pneumoniae	90.28	319	6139574	31	0	1503659	1503977	42	360	6e-114	 418	plus	0
CP022348.1	EU622783;cluster_I;Thiocapsa_bogorovii	84.27	426	6139574	65	2	1503594	1504018	25	449	8e-113	 414	plus	0
CP022348.1	AF545637;cluster_I;Pantoea_agglomerans	87.57	354	6139574	44	0	1503591	1503944	7	360	1e-111	 411	plus	0
CP022348.1	X07866;cluster_I;Rhodobacter_capsulatus_SB_1003	76.12	825	6139574	174	19	1503570	1504381	120	934	1e-111	 411	plus	0
CP022348.1	HM047125;cluster_I;Bradyrhizobium_denitrificans	78.11	667	6139574	131	13	1503620	1504280	3	660	4e-111	 409	plus	0
CP022348.1	DQ364801;cluster_I;Klebsiella_sp._BM92	89.69	320	6139574	33	0	1503657	1503976	1	320	4e-111	 409	plus	0
CP022348.1	X63352;cluster_I;Rhodobacter_capsulatus	76.00	825	6139574	175	19	1503570	1504381	1318	2132	5e-110	 405	plus	0
CP022348.1	EU622788;cluster_I;Allochromatium_minutissimum	82.67	450	6139574	76	2	1503570	1504018	1	449	8e-108	 398	plus	0
CP022348.1	AB542360;cluster_I;Azospirillum_sp._TSH19	79.30	575	6139574	107	10	1503675	1504245	2	568	4e-106	 392	plus	0
CP022348.1	EF199951;cluster_I;Halorhodospira_halophila	82.41	449	6139574	79	0	1503570	1504018	1	449	4e-106	 392	plus	0
CP022348.1	FJ347420;cluster_I;Bradyrhizobium_sp._ORS_285	79.33	571	6139574	105	12	1503674	1504239	1	563	1e-105	 390	plus	0
CP022348.1	AB542367;cluster_I;Azospirillum_sp._TSH100	79.27	574	6139574	107	10	1503676	1504245	1	566	1e-105	 390	plus	0
CP022348.1	FJ347446;cluster_I;Bradyrhizobium_sp._ORS_372	79.35	557	6139574	102	12	1503674	1504225	1	549	2e-104	 387	plus	0
CP022348.1	FJ347435;cluster_I;Bradyrhizobium_sp._ORS_324	79.14	556	6139574	105	10	1503674	1504225	1	549	8e-103	 381	plus	0
CP022348.1	FJ347418;cluster_I;Bradyrhizobium_sp._ORS_277	79.35	557	6139574	102	12	1503674	1504225	1	549	8e-103	 381	plus	0
CP022348.1	FJ347436;cluster_I;Bradyrhizobium_sp._ORS_327	79.17	557	6139574	103	12	1503674	1504225	1	549	3e-102	 379	plus	0
CP022348.1	FJ347434;cluster_I;Bradyrhizobium_sp._ORS_318	78.96	556	6139574	106	10	1503674	1504225	1	549	3e-102	 379	plus	0
CP022348.1	FJ347422;cluster_I;Bradyrhizobium_sp._ORS_294	78.96	556	6139574	106	10	1503674	1504225	1	549	3e-102	 379	plus	0
CP022348.1	FJ347438;cluster_I;Bradyrhizobium_sp._ORS_330	78.98	571	6139574	107	12	1503674	1504239	1	563	1e-101	 377	plus	0
CP022348.1	FJ347427;cluster_I;Bradyrhizobium_sp._ORS_303	78.78	556	6139574	107	10	1503674	1504225	1	549	1e-101	 377	plus	0
CP022348.1	AB542364;cluster_I;Azospirillum_sp._TSH78	79.09	569	6139574	104	13	1503675	1504237	2	561	1e-101	 377	plus	0
CP022348.1	FJ347445;cluster_I;Bradyrhizobium_sp._ORS_361	78.78	556	6139574	107	10	1503674	1504225	1	549	4e-101	 375	plus	0
CP022348.1	FJ347443;cluster_I;Bradyrhizobium_sp._ORS_356	78.78	556	6139574	107	10	1503674	1504225	1	549	4e-101	 375	plus	0
CP022348.1	FJ347424;cluster_I;Bradyrhizobium_sp._ORS_298	78.78	556	6139574	107	10	1503674	1504225	1	549	4e-101	 375	plus	0
CP022348.1	FJ347430;cluster_I;Bradyrhizobium_sp._ORS_307	78.64	557	6139574	106	12	1503674	1504225	1	549	5e-100	 372	plus	0
CP022348.1	FJ347423;cluster_I;Bradyrhizobium_sp._ORS_297	78.99	557	6139574	104	12	1503674	1504225	1	549	2e-99	 370	plus	0
CP022348.1	AB542356;cluster_I;Azospirillum_sp._TSH2	78.81	571	6139574	106	13	1503675	1504239	1	562	2e-99	 370	plus	0
CP022348.1	AB542337;cluster_I;Azospirillum_sp._TSA2s	77.81	613	6139574	125	9	1503681	1504289	5	610	6e-99	 368	plus	0
CP022348.1	GQ289562;cluster_I;Bradyrhizobium_japonicum	81.21	463	6139574	80	6	1503576	1504036	458	1	2e-98	 366	minus	0
CP022348.1	FJ347447;cluster_I;Bradyrhizobium_sp._ORS_375	77.97	572	6139574	111	13	1503674	1504239	1	563	2e-98	 366	plus	0
CP022348.1	FJ347441;cluster_I;Bradyrhizobium_sp._ORS_344	77.93	571	6139574	113	12	1503674	1504239	1	563	2e-98	 366	plus	0
CP022348.1	FJ347426;cluster_I;Bradyrhizobium_sp._ORS_301	78.28	571	6139574	111	12	1503674	1504239	1	563	2e-98	 366	plus	0
CP022348.1	AB542357;cluster_I;Azospirillum_sp._TSH5	78.73	569	6139574	106	13	1503677	1504239	1	560	2e-98	 366	plus	0
CP022348.1	AB542358;cluster_I;Azospirillum_sp._TSH6	78.73	569	6139574	106	13	1503677	1504239	1	560	2e-98	 366	plus	0
CP022348.1	AB542359;cluster_I;Azospirillum_sp._TSH10	78.73	569	6139574	106	13	1503677	1504239	1	560	2e-98	 366	plus	0
CP022348.1	FJ347437;cluster_I;Bradyrhizobium_sp._ORS_328	78.10	557	6139574	109	12	1503674	1504225	1	549	5e-95	 355	plus	0
CP022348.1	AB542366;cluster_I;Azospirillum_sp._TSH96	78.51	563	6139574	106	13	1503681	1504237	4	557	5e-95	 355	plus	0
CP022348.1	EF199953;cluster_I;Ectothiorhodospira_shaposhnikovii	80.89	450	6139574	84	2	1503570	1504018	1	449	2e-94	 353	plus	0
CP022348.1	FJ347433;cluster_I;Bradyrhizobium_sp._ORS_310	77.70	556	6139574	113	10	1503674	1504225	1	549	2e-93	 350	plus	0
CP022348.1	AB542361;cluster_I;Azospirillum_sp._TSH21	77.89	579	6139574	116	10	1503671	1504245	1	571	2e-93	 350	plus	0
CP022348.1	AB542347;cluster_I;Azospirillum_sp._TSA18	78.03	569	6139574	113	10	1503681	1504245	7	567	8e-93	 348	plus	0
CP022348.1	AB542344;cluster_I;Azospirillum_sp._TSA15c	78.03	569	6139574	113	10	1503681	1504245	5	565	8e-93	 348	plus	0
CP022348.1	AB542340;cluster_I;Azospirillum_sp._TSA11	78.03	569	6139574	113	10	1503681	1504245	7	567	8e-93	 348	plus	0
CP022348.1	AB542343;cluster_I;Azospirillum_sp._TSA14w	78.03	569	6139574	113	10	1503681	1504245	9	569	8e-93	 348	plus	0
CP022348.1	EF199954;cluster_I;Ectothiorhodospira_mobilis	80.67	450	6139574	85	2	1503570	1504018	1	449	8e-93	 348	plus	0
CP022348.1	DQ787333;cluster_I;Azospirillum_lipoferum	81.32	439	6139574	69	11	1503585	1504018	16	446	1e-91	 344	plus	0
CP022348.1	AB542348;cluster_I;Azospirillum_sp._TSA19	77.92	566	6139574	113	10	1503684	1504245	1	558	4e-91	 342	plus	0
CP022348.1	AB542341;cluster_I;Azospirillum_sp._TSA12	77.92	566	6139574	113	10	1503684	1504245	1	558	4e-91	 342	plus	0
CP022348.1	EF199952;cluster_I;Halorhodospira_abdelmalekii	80.44	450	6139574	86	2	1503570	1504018	1	449	4e-91	 342	plus	0
CP022348.1	FSU53362;cluster_I;Frankia_sp._EuIK1	72.14	1278	6139574	293	53	1504603	1505850	1286	2530	3e-87	 329	plus	0
CP022348.1	AF484657;cluster_I;Methylobacterium_sp._xct7	80.00	460	6139574	80	10	1503665	1504120	1	452	3e-87	 329	plus	0
CP022348.1	GQ161239;cluster_I;Azospirillum_brasilense	83.38	361	6139574	53	6	1503660	1504018	1	356	1e-86	 327	plus	0
CP022348.1	AF059648;cluster_I;Marichromatium_purpuratum	84.92	325	6139574	47	2	1503681	1504004	4	327	1e-86	 327	plus	0
CP022348.1	GQ411215;cluster_I;Bacillus_sp._SUND_LM2	93.98	216	6139574	12	1	1503657	1503872	101	315	4e-86	 326	plus	0
CP022348.1	GQ289571;cluster_I;Bradyrhizobium_japonicum	79.66	467	6139574	83	11	1503576	1504036	461	1	4e-86	 326	minus	0
CP022348.1	FN813553;cluster_I;Azospirillum_zeae	82.69	364	6139574	56	5	1503660	1504021	1	359	2e-83	 316	plus	0
CP022348.1	FN813552;cluster_I;Azospirillum_zeae	82.69	364	6139574	56	5	1503660	1504021	1	359	2e-83	 316	plus	0
CP022348.1	FN813561;cluster_I;Azospirillum_zeae	82.74	365	6139574	54	7	1503660	1504021	1	359	2e-83	 316	plus	0
CP022348.1	GQ289577;cluster_I;Bradyrhizobium_japonicum	79.45	472	6139574	75	17	1503576	1504036	461	1	8e-83	 315	minus	0
CP022348.1	EU672874;cluster_I;Methylogaea_oryzae_JCM_16910	84.94	312	6139574	45	2	1503708	1504018	1	311	8e-83	 315	plus	0
CP022348.1	AB079621;cluster_I;Rhodobacter_azotoformans	79.65	457	6139574	78	13	1503568	1504018	11	458	8e-83	 315	plus	0
CP022348.1	GQ161241;cluster_I;Azospirillum_brasilense	82.60	362	6139574	54	7	1503660	1504018	1	356	1e-81	 311	plus	0
CP022348.1	GU256446;cluster_I;Azospirillum_canadense	81.94	371	6139574	60	5	1503630	1503998	10	375	1e-80	 307	plus	0
CP022348.1	FJ687518;cluster_I;Pseudomonas_sp._IPPW-3	81.82	363	6139574	64	2	1503660	1504021	1	362	2e-79	 303	plus	0
CP022348.1	AB191041;cluster_I;Heliobacterium_chlorum	74.10	776	6139574	183	17	1503615	1504381	1	767	2e-79	 303	plus	0
CP022348.1	DQ682472;cluster_I;Azospirillum_zeae	82.04	362	6139574	56	7	1503660	1504018	2	357	2e-79	 303	plus	0
CP022348.1	DQ029203;cluster_I;Azonexus_caeni	86.07	280	6139574	39	0	1503727	1504006	28	307	7e-79	 302	plus	0
CP022348.1	DQ682471;cluster_I;Azospirillum_zeae	82.17	359	6139574	55	7	1503663	1504018	1	353	2e-78	 300	plus	0
CP022348.1	FJ687522;cluster_I;Aeromonas_sp._IPPW-33a	81.54	363	6139574	65	2	1503660	1504021	1	362	8e-78	 298	plus	0
CP022348.1	AB185395;cluster_I;Azospirillum_oryzae	80.25	405	6139574	71	7	1503597	1503998	10	408	3e-77	 296	plus	0
CP022348.1	EU770978;cluster_I;Rhizobium_leguminosarum	76.73	563	6139574	112	17	1503570	1504124	1	552	3e-77	 296	plus	0
CP022348.1	GQ411209;cluster_I;Bacillus_megaterium	94.71	189	6139574	10	0	1503656	1503844	148	336	1e-76	 294	plus	0
CP022348.1	DQ393890;cluster_I;Azospirillum_canadense	82.15	353	6139574	54	7	1503669	1504018	351	5	1e-76	 294	minus	0
CP022348.1	GU256453;cluster_I;Azospirillum_zeae	81.02	374	6139574	64	5	1503618	1503989	6	374	1e-75	 291	plus	0
CP022348.1	EU418412;cluster_I;Rhizobium_mongolense	76.49	570	6139574	113	18	1503651	1504211	37	594	1e-75	 291	plus	0
CP022348.1	EU418411;cluster_I;Rhizobium_gallicum	76.49	570	6139574	113	18	1503651	1504211	37	594	1e-75	 291	plus	0
CP022348.1	EU770979;cluster_I;Rhizobium_leguminosarum	76.38	563	6139574	114	17	1503570	1504124	1	552	7e-74	 285	plus	0
CP022348.1	FJ687521;cluster_I;Aeromonas_sp._IPPW-29	81.10	365	6139574	60	8	1503660	1504021	1	359	2e-73	 283	plus	0
CP022348.1	FJ687517;cluster_I;Pseudomonas_sp._IPPW-2	81.10	365	6139574	60	8	1503660	1504021	1	359	2e-73	 283	plus	0
CP022348.1	AY768690;cluster_I;Azonexus_fungiphilus	82.66	323	6139574	52	4	1503678	1503998	1	321	2e-73	 283	plus	0
CP022348.1	AB079628;cluster_I;Rhodovulum_strictum	78.34	457	6139574	84	13	1503568	1504018	11	458	8e-73	 281	plus	0
CP022348.1	AB079629;cluster_I;Rhodovulum_strictum	78.17	458	6139574	85	13	1503568	1504019	11	459	1e-71	 278	plus	0
CP022348.1	EF158046;cluster_I;Azospira_restricta	85.13	269	6139574	40	0	1503741	1504009	1	269	4e-71	 276	plus	0
CP022348.1	GU256445;cluster_I;Nitrospirillum_amazonense	80.66	362	6139574	61	8	1503651	1504009	18	373	5e-70	 272	plus	0
CP022348.1	GU256451;cluster_I;Azospirillum_picis	81.47	340	6139574	54	7	1503649	1503985	37	370	2e-69	 270	plus	0
CP022348.1	EF634050;cluster_I;Azotobacter_chroococcum	82.79	308	6139574	47	5	1503711	1504015	1	305	2e-69	 270	plus	0
CP022348.1	EU291983;cluster_I;Ensifer_mexicanus	77.22	474	6139574	99	7	1503819	1504289	1	468	7e-69	 268	plus	0
CP022348.1	EU291980;cluster_I;Sinorhizobium_chiapanecum	77.17	473	6139574	101	5	1503819	1504289	1	468	7e-69	 268	plus	0
CP022348.1	DQ413015;cluster_I;Rhizobium_leguminosarum_bv._viciae	77.78	459	6139574	87	13	1503651	1504103	44	493	7e-69	 268	plus	0
CP022348.1	AB191042;cluster_I;Heliobacterium_gestii	72.11	1029	6139574	239	38	1504603	1505610	999	2000	2e-68	 267	plus	0
CP022348.1	EF634053;cluster_I;Azotobacter_chroococcum	82.22	315	6139574	48	7	1503708	1504017	15	326	9e-68	 265	plus	0
CP022348.1	GQ289563;cluster_I;Bradyrhizobium_japonicum	76.71	468	6139574	95	12	1503576	1504036	461	1	9e-63	 248	minus	0
CP022348.1	AB191043;cluster_I;Heliobacterium_modesticaldum_Ice1	71.40	1147	6139574	270	47	1504603	1505723	1093	2207	9e-63	 248	plus	0
CP022348.1	EF634055;cluster_I;Azotobacter_chroococcum	82.56	281	6139574	43	5	1503740	1504017	11	288	4e-61	 243	plus	0
CP022348.1	AY644349;cluster_I;Azomonas_macrocytogenes	78.65	356	6139574	76	0	1503663	1504018	7	362	1e-60	 241	plus	0
CP022348.1	DQ411938;cluster_I;Ensifer_mexicanus	76.92	429	6139574	90	7	1503864	1504289	10	432	7e-59	 235	plus	0
CP022348.1	DQ411939;cluster_I;Ensifer_mexicanus	76.92	429	6139574	90	7	1503864	1504289	10	432	7e-59	 235	plus	0
CP022348.1	ADAF001432;cluster_I;Gluconacetobacter_diazotrophicus	80.92	304	6139574	51	5	1503660	1503961	1	299	2e-58	 233	plus	0
CP022348.1	GQ289567;cluster_III;Bradyrhizobium_japonicum	76.03	463	6139574	91	17	1503584	1504036	453	1	5e-55	 222	minus	0
CP022348.1	AB100830;cluster_I;Heliobacterium_chlorum	76.60	359	6139574	78	6	1503663	1504018	4	359	4e-46	 193	plus	0
CP022348.1	GQ289582;cluster_III;Bradyrhizobium_japonicum	80.25	243	6139574	42	2	1503800	1504036	243	1	1e-41	 178	minus	0
CP022348.1	GQ289570;Unclassified;Bradyrhizobium_japonicum	73.49	464	6139574	111	9	1503576	1504036	455	1	9e-38	 165	minus	0
CP022348.1	GQ289566;cluster_III;Bradyrhizobium_japonicum	79.32	237	6139574	41	4	1503807	1504036	236	1	4e-36	 159	minus	0
CP022348.1	GQ289573;cluster_III;Bradyrhizobium_japonicum	78.90	237	6139574	42	5	1503807	1504036	236	1	2e-34	 154	minus	0
