CP017450.1	V00631;cluster_I;Klebsiella_pneumoniae	95.52	1809	6174401	79	2	4103369	4105177	1	1807	0.0	2891	plus	0
CP017450.1	KPNNIFH;cluster_I;Klebsiella_pneumoniae	96.20	894	6174401	34	0	4103661	4104554	1	894	0.0	1463	plus	0
CP017450.1	AY242355;cluster_I;Klebsiella_pneumoniae_342	90.16	884	6174401	83	4	4103661	4104542	1	882	0.0	1147	plus	0
CP017450.1	X03916;cluster_I;Azotobacter_chroococcum	82.59	833	6174401	139	6	4103668	4104497	345	1174	0.0	 730	plus	0
CP017450.1	FJ593867;cluster_I;Klebsiella_sp._AL060224_03	98.20	389	6174401	7	0	4103745	4104133	1	389	0.0	 680	plus	0
CP017450.1	AB189641;cluster_I;Halorhodospira_halophila	79.53	816	6174401	161	6	4103685	4104497	234	1046	1e-161	 577	plus	0
CP017450.1	AY221827;cluster_I;Klebsiella_oxytoca_KCTC_1686	98.17	327	6174401	6	0	4103793	4104119	1	327	5e-160	 571	plus	0
CP017450.1	AY373368;cluster_I;Paenibacillus_sp._g2	97.55	327	6174401	8	0	4103772	4104098	1	327	1e-156	 560	plus	0
CP017450.1	DQ364804;cluster_I;Klebsiella_sp._JT42	96.65	328	6174401	9	2	4103772	4104098	1	327	1e-151	 544	plus	0
CP017450.1	FJ593769;cluster_I;Klebsiella_sp._P0646	91.26	389	6174401	34	0	4103745	4104133	1	389	8e-148	 531	plus	0
CP017450.1	GQ381287;cluster_I;Klebsiella_sp._SZ7-2	93.31	359	6174401	21	2	4103775	4104133	1	356	1e-146	 527	plus	0
CP017450.1	FJ593866;cluster_I;Klebsiella_sp._AL060225_04	91.00	389	6174401	35	0	4103745	4104133	1	389	4e-146	 525	plus	0
CP017450.1	FJ593865;cluster_I;Klebsiella_sp._AL050511_01	91.00	389	6174401	35	0	4103745	4104133	1	389	4e-146	 525	plus	0
CP017450.1	FJ593767;cluster_I;Klebsiella_sp._P0643	91.00	389	6174401	35	0	4103745	4104133	1	389	4e-146	 525	plus	0
CP017450.1	FJ593766;cluster_I;Klebsiella_sp._P0640	91.00	389	6174401	35	0	4103745	4104133	1	389	4e-146	 525	plus	0
CP017450.1	FJ593765;cluster_I;Klebsiella_sp._P0638	91.00	389	6174401	35	0	4103745	4104133	1	389	4e-146	 525	plus	0
CP017450.1	FJ593757;cluster_I;Klebsiella_sp._CRLS069a	91.00	389	6174401	35	0	4103745	4104133	1	389	4e-146	 525	plus	0
CP017450.1	FJ593860;cluster_I;Klebsiella_sp._MNS_801b	90.75	389	6174401	36	0	4103745	4104133	1	389	2e-144	 520	plus	0
CP017450.1	FJ593864;cluster_I;Klebsiella_sp._MNFG_802	90.75	389	6174401	36	0	4103745	4104133	1	389	2e-144	 520	plus	0
CP017450.1	FJ593861;cluster_I;Klebsiella_sp._MNS_801a	90.75	389	6174401	36	0	4103745	4104133	1	389	2e-144	 520	plus	0
CP017450.1	FJ593862;cluster_I;Klebsiella_sp._MNW_801b	90.75	389	6174401	36	0	4103745	4104133	1	389	2e-144	 520	plus	0
CP017450.1	FJ593863;cluster_I;Klebsiella_sp._MNFG_801b	90.75	389	6174401	36	0	4103745	4104133	1	389	2e-144	 520	plus	0
CP017450.1	FJ593760;cluster_I;Klebsiella_sp._CRLS064	90.75	389	6174401	36	0	4103745	4104133	1	389	2e-144	 520	plus	0
CP017450.1	FJ593763;cluster_I;Klebsiella_sp._CRLI0718a	90.75	389	6174401	36	0	4103745	4104133	1	389	2e-144	 520	plus	0
CP017450.1	FJ593756;cluster_I;Klebsiella_sp._CRLI0715	90.75	389	6174401	36	0	4103745	4104133	1	389	2e-144	 520	plus	0
CP017450.1	FJ593758;cluster_I;Klebsiella_sp._CRPV0610	90.75	389	6174401	36	0	4103745	4104133	1	389	2e-144	 520	plus	0
CP017450.1	FJ593759;cluster_I;Klebsiella_sp._CRLS0617	90.75	389	6174401	36	0	4103745	4104133	1	389	2e-144	 520	plus	0
CP017450.1	FJ593764;cluster_I;Klebsiella_sp._CRLI0713	90.75	389	6174401	36	0	4103745	4104133	1	389	2e-144	 520	plus	0
CP017450.1	FJ593768;cluster_I;Klebsiella_sp._CRPV0611a	90.49	389	6174401	37	0	4103745	4104133	1	389	8e-143	 514	plus	0
CP017450.1	FJ593762;cluster_I;Klebsiella_sp._CRLI0728	90.49	389	6174401	37	0	4103745	4104133	1	389	8e-143	 514	plus	0
CP017450.1	FJ032021;cluster_I;Klebsiella_sp._BN-4A	96.44	309	6174401	11	0	4103759	4104067	1	309	1e-141	 510	plus	0
CP017450.1	FJ593761;cluster_I;Klebsiella_sp._CRLI0730	90.23	389	6174401	38	0	4103745	4104133	1	389	4e-141	 508	plus	0
CP017450.1	EF200511;cluster_I;Klebsiella_sp._TT001	96.71	304	6174401	10	0	4103805	4104108	1	304	1e-140	 507	plus	0
CP017450.1	EF200510;cluster_I;Klebsiella_sp._NTI31	96.71	304	6174401	10	0	4103805	4104108	1	304	1e-140	 507	plus	0
CP017450.1	AJ563286;cluster_I;Dechloromonas_sp._SIUL	80.63	666	6174401	119	9	4103757	4104417	16	676	1e-140	 507	plus	0
CP017450.1	AY373371;cluster_I;Bacillus_sp._w5	94.50	327	6174401	18	0	4103772	4104098	1	327	5e-140	 505	plus	0
CP017450.1	AY373369;cluster_I;Bacillus_cereus	94.50	327	6174401	18	0	4103772	4104098	5	331	5e-140	 505	plus	0
CP017450.1	AY373365;cluster_I;Bacillus_megaterium	94.69	320	6174401	17	0	4103772	4104091	1	320	8e-138	 497	plus	0
CP017450.1	AY373366;cluster_I;Bacillus_sp._c6	93.58	327	6174401	21	0	4103772	4104098	1	327	5e-135	 488	plus	0
CP017450.1	FJ032022;cluster_I;Klebsiella_sp._AF-4C	95.15	309	6174401	15	0	4103759	4104067	3	311	5e-135	 488	plus	0
CP017450.1	EU938522;cluster_I;Burkholderia_sp._gx97	90.81	359	6174401	33	0	4103775	4104133	1	359	8e-133	 481	plus	0
CP017450.1	FJ822998;cluster_I;Klebsiella_sp._gx-3	90.25	359	6174401	35	0	4103775	4104133	362	4	2e-129	 470	minus	0
CP017450.1	GQ381290;cluster_I;Klebsiella_pneumoniae	92.64	326	6174401	21	3	4103808	4104133	9	331	2e-128	 466	plus	0
CP017450.1	GQ381289;cluster_I;Paenibacillus_sp._SZ002	92.83	321	6174401	20	3	4103813	4104133	10	327	3e-127	 462	plus	0
CP017450.1	GU433547;cluster_I;Bradyrhizobium_japonicum	79.54	655	6174401	121	12	4103764	4104413	20	666	5e-125	 455	plus	0
CP017450.1	AY367396;cluster_I;Raoultella_terrigena	91.27	332	6174401	29	0	4103775	4104106	1	332	2e-124	 453	plus	0
CP017450.1	AY846276;cluster_I;Klebsiella_pneumoniae	87.47	391	6174401	48	1	4103678	4104067	400	10	2e-123	 449	minus	0
CP017450.1	AY367392;cluster_I;Klebsiella_variicola	90.48	336	6174401	32	0	4103775	4104110	2	337	1e-121	 444	plus	0
CP017450.1	AY367395;cluster_I;Klebsiella_variicola	90.48	336	6174401	32	0	4103798	4104133	1	336	1e-121	 444	plus	0
CP017450.1	FJ822994;cluster_I;Sinorhizobium_sp._gx-153	89.63	347	6174401	36	0	4103787	4104133	350	4	4e-121	 442	minus	0
CP017450.1	AY367393;cluster_I;Klebsiella_variicola	90.18	336	6174401	33	0	4103798	4104133	1	336	5e-120	 438	plus	0
CP017450.1	FJ593779;cluster_I;Pantoea_sp._A0305	86.38	389	6174401	53	0	4103745	4104133	1	389	4e-116	 425	plus	0
CP017450.1	FJ593780;cluster_I;Pantoea_sp._P0352	86.38	389	6174401	53	0	4103745	4104133	1	389	4e-116	 425	plus	0
CP017450.1	FJ593778;cluster_I;Pantoea_sp._P0359	86.38	389	6174401	53	0	4103745	4104133	1	389	4e-116	 425	plus	0
CP017450.1	AF031817;cluster_I;Rhodobacter_sphaeroides	76.43	819	6174401	171	19	4103678	4104485	283	1090	1e-115	 424	plus	0
CP017450.1	FJ593777;cluster_I;Pantoea_sp._CRLI0725a	86.12	389	6174401	54	0	4103745	4104133	1	389	2e-114	 420	plus	0
CP017450.1	FJ593868;cluster_I;Enterobacter_sp._MTP_050512_17	85.86	389	6174401	55	0	4103745	4104133	1	389	8e-113	 414	plus	0
CP017450.1	X07866;cluster_I;Rhodobacter_capsulatus_SB_1003	76.03	822	6174401	177	17	4103685	4104496	120	931	4e-111	 409	plus	0
CP017450.1	DQ821722;cluster_I;Sphingomonas_sp._Y49	89.44	322	6174401	34	0	4103795	4104116	1	322	1e-110	 407	plus	0
CP017450.1	HM047125;cluster_I;Bradyrhizobium_denitrificans	77.96	667	6174401	132	13	4103735	4104395	3	660	2e-109	 403	plus	0
CP017450.1	X63352;cluster_I;Rhodobacter_capsulatus	75.91	822	6174401	178	17	4103685	4104496	1318	2129	2e-109	 403	plus	0
CP017450.1	AF545637;cluster_I;Pantoea_agglomerans	87.01	354	6174401	46	0	4103706	4104059	7	360	2e-108	 399	plus	0
CP017450.1	DQ364801;cluster_I;Klebsiella_sp._BM92	89.06	320	6174401	35	0	4103772	4104091	1	320	8e-108	 398	plus	0
CP017450.1	EU622783;cluster_I;Thiocapsa_bogorovii	83.57	426	6174401	68	2	4103709	4104133	25	449	8e-108	 398	plus	0
CP017450.1	AB542336;cluster_I;Bradyrhizobium_sp._TSA1	78.41	630	6174401	121	14	4103764	4104387	27	647	3e-107	 396	plus	0
CP017450.1	AB542360;cluster_I;Azospirillum_sp._TSH19	78.96	575	6174401	109	10	4103790	4104360	2	568	8e-103	 381	plus	0
CP017450.1	AB542345;cluster_I;Bradyrhizobium_sp._TSA15y	79.12	570	6174401	106	12	4103776	4104340	1	562	8e-103	 381	plus	0
CP017450.1	EU622788;cluster_I;Allochromatium_minutissimum	82.00	450	6174401	79	2	4103685	4104133	1	449	8e-103	 381	plus	0
CP017450.1	FJ347420;cluster_I;Bradyrhizobium_sp._ORS_285	79.02	572	6174401	105	14	4103789	4104354	1	563	3e-102	 379	plus	0
CP017450.1	AB542367;cluster_I;Azospirillum_sp._TSH100	78.92	574	6174401	109	10	4103791	4104360	1	566	3e-102	 379	plus	0
CP017450.1	AB542364;cluster_I;Azospirillum_sp._TSH78	79.09	569	6174401	104	13	4103790	4104352	2	561	1e-101	 377	plus	0
CP017450.1	FJ347446;cluster_I;Bradyrhizobium_sp._ORS_372	79.03	558	6174401	102	14	4103789	4104340	1	549	4e-101	 375	plus	0
CP017450.1	EF199951;cluster_I;Halorhodospira_halophila	81.78	450	6174401	80	2	4103685	4104133	1	449	4e-101	 375	plus	0
CP017450.1	FJ347434;cluster_I;Bradyrhizobium_sp._ORS_318	78.82	557	6174401	105	12	4103789	4104340	1	549	1e-100	 374	plus	0
CP017450.1	FJ347422;cluster_I;Bradyrhizobium_sp._ORS_294	78.82	557	6174401	105	12	4103789	4104340	1	549	1e-100	 374	plus	0
CP017450.1	AB542351;cluster_I;Bradyrhizobium_sp._TSA27b	77.99	618	6174401	121	14	4103776	4104387	1	609	1e-100	 374	plus	0
CP017450.1	FJ347438;cluster_I;Bradyrhizobium_sp._ORS_330	78.85	572	6174401	106	14	4103789	4104354	1	563	5e-100	 372	plus	0
CP017450.1	FJ347445;cluster_I;Bradyrhizobium_sp._ORS_361	78.64	557	6174401	106	12	4103789	4104340	1	549	2e-99	 370	plus	0
CP017450.1	FJ347443;cluster_I;Bradyrhizobium_sp._ORS_356	78.64	557	6174401	106	12	4103789	4104340	1	549	2e-99	 370	plus	0
CP017450.1	FJ347435;cluster_I;Bradyrhizobium_sp._ORS_324	78.82	557	6174401	105	12	4103789	4104340	1	549	2e-99	 370	plus	0
CP017450.1	FJ347418;cluster_I;Bradyrhizobium_sp._ORS_277	79.03	558	6174401	102	14	4103789	4104340	1	549	2e-99	 370	plus	0
CP017450.1	AB542352;cluster_I;Bradyrhizobium_sp._TSA27s	77.92	616	6174401	121	14	4103778	4104387	1	607	2e-99	 370	plus	0
CP017450.1	FJ347436;cluster_I;Bradyrhizobium_sp._ORS_327	78.85	558	6174401	103	14	4103789	4104340	1	549	6e-99	 368	plus	0
CP017450.1	AB542337;cluster_I;Azospirillum_sp._TSA2s	77.81	613	6174401	125	9	4103796	4104404	5	610	6e-99	 368	plus	0
CP017450.1	FJ347447;cluster_I;Bradyrhizobium_sp._ORS_375	77.84	573	6174401	110	15	4103789	4104354	1	563	1e-96	 361	plus	0
CP017450.1	FJ347441;cluster_I;Bradyrhizobium_sp._ORS_344	77.80	572	6174401	112	14	4103789	4104354	1	563	1e-96	 361	plus	0
CP017450.1	FJ347430;cluster_I;Bradyrhizobium_sp._ORS_307	78.32	558	6174401	106	14	4103789	4104340	1	549	1e-96	 361	plus	0
CP017450.1	FJ347426;cluster_I;Bradyrhizobium_sp._ORS_301	78.15	572	6174401	110	14	4103789	4104354	1	563	1e-96	 361	plus	0
CP017450.1	FJ347427;cluster_I;Bradyrhizobium_sp._ORS_303	78.28	557	6174401	108	12	4103789	4104340	1	549	1e-96	 361	plus	0
CP017450.1	FJ347423;cluster_I;Bradyrhizobium_sp._ORS_297	78.67	558	6174401	104	14	4103789	4104340	1	549	4e-96	 359	plus	0
CP017450.1	FJ347424;cluster_I;Bradyrhizobium_sp._ORS_298	78.28	557	6174401	108	12	4103789	4104340	1	549	4e-96	 359	plus	0
CP017450.1	AB542356;cluster_I;Azospirillum_sp._TSH2	78.46	571	6174401	108	13	4103790	4104354	1	562	4e-96	 359	plus	0
CP017450.1	AB542366;cluster_I;Azospirillum_sp._TSH96	78.51	563	6174401	106	13	4103796	4104352	4	557	5e-95	 355	plus	0
CP017450.1	AB542357;cluster_I;Azospirillum_sp._TSH5	78.38	569	6174401	108	13	4103792	4104354	1	560	5e-95	 355	plus	0
CP017450.1	AB542358;cluster_I;Azospirillum_sp._TSH6	78.38	569	6174401	108	13	4103792	4104354	1	560	5e-95	 355	plus	0
CP017450.1	AB542359;cluster_I;Azospirillum_sp._TSH10	78.38	569	6174401	108	13	4103792	4104354	1	560	5e-95	 355	plus	0
CP017450.1	FJ347437;cluster_I;Bradyrhizobium_sp._ORS_328	77.96	558	6174401	108	14	4103789	4104340	1	549	2e-93	 350	plus	0
CP017450.1	AB542354;cluster_I;Bradyrhizobium_sp._TSA43	77.41	611	6174401	123	14	4103784	4104387	2	604	2e-93	 350	plus	0
CP017450.1	AB542361;cluster_I;Azospirillum_sp._TSH21	77.89	579	6174401	116	10	4103786	4104360	1	571	2e-93	 350	plus	0
CP017450.1	AB542355;cluster_I;Bradyrhizobium_sp._TSA44	77.34	609	6174401	125	12	4103784	4104387	3	603	8e-93	 348	plus	0
CP017450.1	AB542347;cluster_I;Azospirillum_sp._TSA18	78.03	569	6174401	113	10	4103796	4104360	7	567	8e-93	 348	plus	0
CP017450.1	AB542344;cluster_I;Azospirillum_sp._TSA15c	78.03	569	6174401	113	10	4103796	4104360	5	565	8e-93	 348	plus	0
CP017450.1	AB542340;cluster_I;Azospirillum_sp._TSA11	78.03	569	6174401	113	10	4103796	4104360	7	567	8e-93	 348	plus	0
CP017450.1	AB542343;cluster_I;Azospirillum_sp._TSA14w	78.03	569	6174401	113	10	4103796	4104360	9	569	8e-93	 348	plus	0
CP017450.1	GQ289562;cluster_I;Bradyrhizobium_japonicum	80.39	464	6174401	82	8	4103691	4104151	458	1	1e-91	 344	minus	0
CP017450.1	FJ347433;cluster_I;Bradyrhizobium_sp._ORS_310	77.56	557	6174401	112	12	4103789	4104340	1	549	1e-91	 344	plus	0
CP017450.1	AB542348;cluster_I;Azospirillum_sp._TSA19	77.92	566	6174401	113	10	4103799	4104360	1	558	4e-91	 342	plus	0
CP017450.1	AB542341;cluster_I;Azospirillum_sp._TSA12	77.92	566	6174401	113	10	4103799	4104360	1	558	4e-91	 342	plus	0
CP017450.1	FSU53362;cluster_I;Frankia_sp._EuIK1	72.14	1278	6174401	293	53	4104718	4105965	1286	2530	3e-87	 329	plus	0
CP017450.1	AF484657;cluster_I;Methylobacterium_sp._xct7	80.00	460	6174401	80	10	4103780	4104235	1	452	3e-87	 329	plus	0
CP017450.1	AF059648;cluster_I;Marichromatium_purpuratum	84.92	325	6174401	47	2	4103796	4104119	4	327	1e-86	 327	plus	0
CP017450.1	EF199953;cluster_I;Ectothiorhodospira_shaposhnikovii	79.78	450	6174401	89	2	4103685	4104133	1	449	4e-86	 326	plus	0
CP017450.1	AB542350;cluster_I;Bradyrhizobium_sp._TSA26	77.62	554	6174401	111	12	4103792	4104340	1	546	1e-85	 324	plus	0
CP017450.1	DQ787333;cluster_I;Azospirillum_lipoferum	80.41	439	6174401	73	11	4103700	4104133	16	446	5e-85	 322	plus	0
CP017450.1	EF199954;cluster_I;Ectothiorhodospira_mobilis	79.60	451	6174401	88	4	4103685	4104133	1	449	2e-84	 320	plus	0
CP017450.1	GQ161239;cluster_I;Azospirillum_brasilense	82.83	361	6174401	55	6	4103775	4104133	1	356	2e-83	 316	plus	0
CP017450.1	GQ411215;cluster_I;Bacillus_sp._SUND_LM2	93.06	216	6174401	14	1	4103772	4103987	101	315	8e-83	 315	plus	0
CP017450.1	GQ289571;cluster_I;Bradyrhizobium_japonicum	79.23	467	6174401	85	11	4103691	4104151	461	1	8e-83	 315	minus	0
CP017450.1	FJ347444;cluster_I;Bradyrhizobium_sp._ORS_358	76.48	591	6174401	126	12	4103789	4104374	1	583	4e-81	 309	plus	0
CP017450.1	FJ347431;cluster_I;Bradyrhizobium_sp._ORS_309	76.48	591	6174401	126	12	4103789	4104374	1	583	4e-81	 309	plus	0
CP017450.1	FN813553;cluster_I;Azospirillum_zeae	82.14	364	6174401	58	5	4103775	4104136	1	359	5e-80	 305	plus	0
CP017450.1	FN813552;cluster_I;Azospirillum_zeae	82.14	364	6174401	58	5	4103775	4104136	1	359	5e-80	 305	plus	0
CP017450.1	FN813561;cluster_I;Azospirillum_zeae	82.19	365	6174401	56	7	4103775	4104136	1	359	5e-80	 305	plus	0
CP017450.1	GQ161241;cluster_I;Azospirillum_brasilense	82.04	362	6174401	56	7	4103775	4104133	1	356	2e-78	 300	plus	0
CP017450.1	GQ289577;cluster_I;Bradyrhizobium_japonicum	78.81	472	6174401	78	17	4103691	4104151	461	1	8e-78	 298	minus	0
CP017450.1	EU672874;cluster_I;Methylogaea_oryzae_JCM_16910	84.03	313	6174401	46	4	4103823	4104133	1	311	8e-78	 298	plus	0
CP017450.1	DQ682472;cluster_I;Azospirillum_zeae	81.49	362	6174401	58	7	4103775	4104133	2	357	4e-76	 292	plus	0
CP017450.1	GU256446;cluster_I;Azospirillum_canadense	81.13	371	6174401	63	5	4103745	4104113	10	375	1e-75	 291	plus	0
CP017450.1	DQ029203;cluster_I;Azonexus_caeni	85.36	280	6174401	41	0	4103842	4104121	28	307	1e-75	 291	plus	0
CP017450.1	DQ682471;cluster_I;Azospirillum_zeae	81.62	359	6174401	57	7	4103778	4104133	1	353	5e-75	 289	plus	0
CP017450.1	EU035273;cluster_I;Paracoccus_sp._4bc	78.05	492	6174401	83	19	4103790	4104280	7	474	2e-74	 287	plus	0
CP017450.1	EU291980;cluster_I;Sinorhizobium_chiapanecum	77.80	473	6174401	98	5	4103934	4104404	1	468	7e-74	 285	plus	0
CP017450.1	GQ411209;cluster_I;Bacillus_megaterium	93.65	189	6174401	12	0	4103771	4103959	148	336	2e-73	 283	plus	0
CP017450.1	DQ393890;cluster_I;Azospirillum_canadense	81.59	353	6174401	56	7	4103784	4104133	351	5	2e-73	 283	minus	0
CP017450.1	FJ687518;cluster_I;Pseudomonas_sp._IPPW-3	80.72	363	6174401	68	2	4103775	4104136	1	362	9e-73	 281	plus	0
CP017450.1	AB079621;cluster_I;Rhodobacter_azotoformans	78.34	457	6174401	84	13	4103683	4104133	11	458	9e-73	 281	plus	0
CP017450.1	AB185395;cluster_I;Azospirillum_oryzae	81.25	352	6174401	59	5	4103764	4104113	62	408	1e-71	 278	plus	0
CP017450.1	FJ687522;cluster_I;Aeromonas_sp._IPPW-33a	80.44	363	6174401	69	2	4103775	4104136	1	362	4e-71	 276	plus	0
CP017450.1	GU256453;cluster_I;Azospirillum_zeae	80.21	374	6174401	67	5	4103733	4104104	6	374	1e-70	 274	plus	0
CP017450.1	EU291983;cluster_I;Ensifer_mexicanus	77.43	474	6174401	98	7	4103934	4104404	1	468	1e-70	 274	plus	0
CP017450.1	FJ687521;cluster_I;Aeromonas_sp._IPPW-29	80.55	365	6174401	62	8	4103775	4104136	1	359	5e-70	 272	plus	0
CP017450.1	FJ687517;cluster_I;Pseudomonas_sp._IPPW-2	80.55	365	6174401	62	8	4103775	4104136	1	359	5e-70	 272	plus	0
CP017450.1	AY768690;cluster_I;Azonexus_fungiphilus	82.04	323	6174401	54	4	4103793	4104113	1	321	5e-70	 272	plus	0
CP017450.1	EU035272;cluster_I;Oceanimonas_sp._5a	77.71	480	6174401	82	19	4103802	4104280	1	456	2e-69	 270	plus	0
CP017450.1	EU035275;cluster_I;Vibrio_sp._9b	77.92	462	6174401	77	18	4103820	4104280	1	438	9e-68	 265	plus	0
CP017450.1	AB191042;cluster_I;Heliobacterium_gestii	72.01	1029	6174401	240	38	4104718	4105725	999	2000	1e-66	 261	plus	0
CP017450.1	GU256451;cluster_I;Azospirillum_picis	80.88	340	6174401	56	7	4103764	4104100	37	370	4e-66	 259	plus	0
CP017450.1	EU035277;cluster_I;Arthrobacter_sp._61k	75.29	599	6174401	119	20	4103685	4104280	1	573	4e-66	 259	plus	0
CP017450.1	AB079628;cluster_I;Rhodovulum_strictum	79.68	374	6174401	65	9	4103764	4104133	92	458	4e-66	 259	plus	0
CP017450.1	AB079629;cluster_I;Rhodovulum_strictum	79.47	375	6174401	66	9	4103764	4104134	92	459	5e-65	 255	plus	0
CP017450.1	EF158046;cluster_I;Azospira_restricta	83.83	266	6174401	43	0	4103859	4104124	4	269	2e-64	 254	plus	0
CP017450.1	AY644349;cluster_I;Azomonas_macrocytogenes	79.21	356	6174401	74	0	4103778	4104133	7	362	7e-64	 252	plus	0
CP017450.1	EF634050;cluster_I;Azotobacter_chroococcum	81.49	308	6174401	51	5	4103826	4104130	1	305	9e-63	 248	plus	0
CP017450.1	DQ411938;cluster_I;Ensifer_mexicanus	77.39	429	6174401	88	7	4103979	4104404	10	432	3e-62	 246	plus	0
CP017450.1	DQ411939;cluster_I;Ensifer_mexicanus	77.39	429	6174401	88	7	4103979	4104404	10	432	3e-62	 246	plus	0
CP017450.1	GQ289563;cluster_I;Bradyrhizobium_japonicum	76.50	468	6174401	96	12	4103691	4104151	461	1	4e-61	 243	minus	0
CP017450.1	AB191043;cluster_I;Heliobacterium_modesticaldum_Ice1	71.32	1147	6174401	271	47	4104718	4105838	1093	2207	4e-61	 243	plus	0
CP017450.1	EF634053;cluster_I;Azotobacter_chroococcum	80.95	315	6174401	52	7	4103823	4104132	15	326	4e-61	 243	plus	0
CP017450.1	EU035276;cluster_I;Corynebacterium_sp._12a	79.17	360	6174401	63	8	4103922	4104280	225	573	5e-60	 239	plus	0
CP017450.1	ADAF001432;cluster_I;Gluconacetobacter_diazotrophicus	80.92	304	6174401	51	5	4103775	4104076	1	299	2e-58	 233	plus	0
CP017450.1	EF634055;cluster_I;Azotobacter_chroococcum	82.26	265	6174401	41	5	4103871	4104132	27	288	1e-55	 224	plus	0
CP017450.1	GQ289567;cluster_III;Bradyrhizobium_japonicum	74.89	462	6174401	98	15	4103699	4104151	453	1	1e-46	 195	minus	0
CP017450.1	GQ289566;cluster_III;Bradyrhizobium_japonicum	79.66	236	6174401	42	2	4103922	4104151	236	1	9e-38	 165	minus	0
CP017450.1	GQ289582;cluster_III;Bradyrhizobium_japonicum	79.18	245	6174401	41	6	4103915	4104151	243	1	1e-36	 161	minus	0
CP017450.1	GQ289573;cluster_III;Bradyrhizobium_japonicum	77.54	236	6174401	47	3	4103922	4104151	236	1	2e-29	 137	minus	0
