CP004887.1	V00631;cluster_I;Klebsiella_pneumoniae	95.52	1809	5914407	79	2	2678362	2680170	1807	1	0.0	2891	minus	0
CP004887.1	KPNNIFH;cluster_I;Klebsiella_pneumoniae	96.31	894	5914407	33	0	2678985	2679878	894	1	0.0	1469	minus	0
CP004887.1	AY242355;cluster_I;Klebsiella_pneumoniae_342	90.50	884	5914407	80	4	2678997	2679878	882	1	0.0	1164	minus	0
CP004887.1	X03916;cluster_I;Azotobacter_chroococcum	82.95	833	5914407	136	6	2679042	2679871	1174	345	0.0	 747	minus	0
CP004887.1	FJ593867;cluster_I;Klebsiella_sp._AL060224_03	99.23	389	5914407	3	0	2679406	2679794	389	1	0.0	 702	minus	0
CP004887.1	AY221827;cluster_I;Klebsiella_oxytoca_KCTC_1686	99.69	327	5914407	1	0	2679420	2679746	327	1	2e-168	 599	minus	0
CP004887.1	AY373368;cluster_I;Paenibacillus_sp._g2	98.47	327	5914407	5	0	2679441	2679767	327	1	9e-162	 577	minus	0
CP004887.1	AB189641;cluster_I;Halorhodospira_halophila	79.38	800	5914407	161	4	2679057	2679854	1031	234	9e-157	 560	minus	0
CP004887.1	FJ593769;cluster_I;Klebsiella_sp._P0646	92.03	389	5914407	31	0	2679406	2679794	389	1	7e-153	 547	minus	0
CP004887.1	GQ381287;cluster_I;Klebsiella_sp._SZ7-2	94.15	359	5914407	18	2	2679406	2679764	356	1	9e-152	 544	minus	0
CP004887.1	FJ593860;cluster_I;Klebsiella_sp._MNS_801b	91.77	389	5914407	32	0	2679406	2679794	389	1	3e-151	 542	minus	0
CP004887.1	FJ593864;cluster_I;Klebsiella_sp._MNFG_802	91.77	389	5914407	32	0	2679406	2679794	389	1	3e-151	 542	minus	0
CP004887.1	FJ593861;cluster_I;Klebsiella_sp._MNS_801a	91.77	389	5914407	32	0	2679406	2679794	389	1	3e-151	 542	minus	0
CP004887.1	FJ593862;cluster_I;Klebsiella_sp._MNW_801b	91.77	389	5914407	32	0	2679406	2679794	389	1	3e-151	 542	minus	0
CP004887.1	FJ593863;cluster_I;Klebsiella_sp._MNFG_801b	91.77	389	5914407	32	0	2679406	2679794	389	1	3e-151	 542	minus	0
CP004887.1	DQ364804;cluster_I;Klebsiella_sp._JT42	96.34	328	5914407	10	2	2679441	2679767	327	1	4e-150	 538	minus	0
CP004887.1	FJ593866;cluster_I;Klebsiella_sp._AL060225_04	91.52	389	5914407	33	0	2679406	2679794	389	1	2e-149	 536	minus	0
CP004887.1	FJ593865;cluster_I;Klebsiella_sp._AL050511_01	91.52	389	5914407	33	0	2679406	2679794	389	1	2e-149	 536	minus	0
CP004887.1	FJ593768;cluster_I;Klebsiella_sp._CRPV0611a	91.52	389	5914407	33	0	2679406	2679794	389	1	2e-149	 536	minus	0
CP004887.1	FJ593767;cluster_I;Klebsiella_sp._P0643	91.52	389	5914407	33	0	2679406	2679794	389	1	2e-149	 536	minus	0
CP004887.1	FJ593766;cluster_I;Klebsiella_sp._P0640	91.52	389	5914407	33	0	2679406	2679794	389	1	2e-149	 536	minus	0
CP004887.1	FJ593765;cluster_I;Klebsiella_sp._P0638	91.52	389	5914407	33	0	2679406	2679794	389	1	2e-149	 536	minus	0
CP004887.1	FJ593757;cluster_I;Klebsiella_sp._CRLS069a	91.52	389	5914407	33	0	2679406	2679794	389	1	2e-149	 536	minus	0
CP004887.1	FJ593760;cluster_I;Klebsiella_sp._CRLS064	91.26	389	5914407	34	0	2679406	2679794	389	1	7e-148	 531	minus	0
CP004887.1	FJ593763;cluster_I;Klebsiella_sp._CRLI0718a	91.26	389	5914407	34	0	2679406	2679794	389	1	7e-148	 531	minus	0
CP004887.1	FJ593756;cluster_I;Klebsiella_sp._CRLI0715	91.26	389	5914407	34	0	2679406	2679794	389	1	7e-148	 531	minus	0
CP004887.1	FJ593758;cluster_I;Klebsiella_sp._CRPV0610	91.26	389	5914407	34	0	2679406	2679794	389	1	7e-148	 531	minus	0
CP004887.1	FJ593759;cluster_I;Klebsiella_sp._CRLS0617	91.26	389	5914407	34	0	2679406	2679794	389	1	7e-148	 531	minus	0
CP004887.1	FJ593764;cluster_I;Klebsiella_sp._CRLI0713	91.26	389	5914407	34	0	2679406	2679794	389	1	7e-148	 531	minus	0
CP004887.1	FJ032021;cluster_I;Klebsiella_sp._BN-4A	97.41	309	5914407	8	0	2679472	2679780	309	1	1e-146	 527	minus	0
CP004887.1	FJ593762;cluster_I;Klebsiella_sp._CRLI0728	91.00	389	5914407	35	0	2679406	2679794	389	1	3e-146	 525	minus	0
CP004887.1	EF200511;cluster_I;Klebsiella_sp._TT001	97.70	304	5914407	7	0	2679431	2679734	304	1	1e-145	 523	minus	0
CP004887.1	EF200510;cluster_I;Klebsiella_sp._NTI31	97.70	304	5914407	7	0	2679431	2679734	304	1	1e-145	 523	minus	0
CP004887.1	AJ563286;cluster_I;Dechloromonas_sp._SIUL	81.02	669	5914407	117	9	2679122	2679785	676	13	1e-145	 523	minus	0
CP004887.1	AY373371;cluster_I;Bacillus_sp._w5	95.41	327	5914407	15	0	2679441	2679767	327	1	4e-145	 521	minus	0
CP004887.1	AY373369;cluster_I;Bacillus_cereus	95.41	327	5914407	15	0	2679441	2679767	331	5	4e-145	 521	minus	0
CP004887.1	FJ593761;cluster_I;Klebsiella_sp._CRLI0730	90.75	389	5914407	36	0	2679406	2679794	389	1	2e-144	 520	minus	0
CP004887.1	AY373365;cluster_I;Bacillus_megaterium	95.62	320	5914407	14	0	2679448	2679767	320	1	7e-143	 514	minus	0
CP004887.1	AY373366;cluster_I;Bacillus_sp._c6	94.50	327	5914407	18	0	2679441	2679767	327	1	4e-140	 505	minus	0
CP004887.1	FJ032022;cluster_I;Klebsiella_sp._AF-4C	96.12	309	5914407	12	0	2679472	2679780	311	3	4e-140	 505	minus	0
CP004887.1	EU938522;cluster_I;Burkholderia_sp._gx97	91.09	359	5914407	32	0	2679406	2679764	359	1	2e-134	 486	minus	0
CP004887.1	GQ381290;cluster_I;Klebsiella_pneumoniae	93.56	326	5914407	18	3	2679406	2679731	331	9	2e-133	 483	minus	0
CP004887.1	FJ822998;cluster_I;Klebsiella_sp._gx-3	90.53	359	5914407	34	0	2679406	2679764	4	362	3e-131	 475	plus	0
CP004887.1	GQ381289;cluster_I;Paenibacillus_sp._SZ002	93.46	321	5914407	18	3	2679406	2679726	327	10	1e-130	 473	minus	0
CP004887.1	AY846276;cluster_I;Klebsiella_pneumoniae	88.49	391	5914407	44	1	2679472	2679861	10	400	5e-130	 472	plus	0
CP004887.1	AY367396;cluster_I;Raoultella_terrigena	92.17	332	5914407	26	0	2679433	2679764	332	1	2e-129	 470	minus	0
CP004887.1	AY367392;cluster_I;Klebsiella_variicola	90.77	336	5914407	31	0	2679429	2679764	337	2	2e-123	 449	minus	0
CP004887.1	AY367394;cluster_I;Klebsiella_variicola	90.99	333	5914407	30	0	2679432	2679764	334	2	2e-123	 449	minus	0
CP004887.1	AY367395;cluster_I;Klebsiella_variicola	90.77	336	5914407	31	0	2679406	2679741	336	1	2e-123	 449	minus	0
CP004887.1	FJ822994;cluster_I;Sinorhizobium_sp._gx-153	89.91	347	5914407	35	0	2679406	2679752	4	350	8e-123	 448	plus	0
CP004887.1	AY367393;cluster_I;Klebsiella_variicola	90.48	336	5914407	32	0	2679406	2679741	336	1	1e-121	 444	minus	0
CP004887.1	FJ593779;cluster_I;Pantoea_sp._A0305	87.15	389	5914407	50	0	2679406	2679794	389	1	4e-121	 442	minus	0
CP004887.1	FJ593780;cluster_I;Pantoea_sp._P0352	87.15	389	5914407	50	0	2679406	2679794	389	1	4e-121	 442	minus	0
CP004887.1	FJ593778;cluster_I;Pantoea_sp._P0359	87.15	389	5914407	50	0	2679406	2679794	389	1	4e-121	 442	minus	0
CP004887.1	FJ593777;cluster_I;Pantoea_sp._CRLI0725a	86.89	389	5914407	51	0	2679406	2679794	389	1	2e-119	 436	minus	0
CP004887.1	AF031817;cluster_I;Rhodobacter_sphaeroides	76.68	819	5914407	169	19	2679054	2679861	1090	283	6e-119	 435	minus	0
CP004887.1	DQ821722;cluster_I;Sphingomonas_sp._Y49	90.37	322	5914407	31	0	2679423	2679744	322	1	1e-115	 424	minus	0
CP004887.1	FJ593868;cluster_I;Enterobacter_sp._MTP_050512_17	86.12	389	5914407	54	0	2679406	2679794	389	1	2e-114	 420	minus	0
CP004887.1	HM047125;cluster_I;Bradyrhizobium_denitrificans	78.41	667	5914407	129	13	2679144	2679804	660	3	2e-114	 420	minus	0
CP004887.1	DQ821723;cluster_I;Klebsiella_sp._Y57	89.75	322	5914407	33	0	2679423	2679744	322	1	3e-112	 412	minus	0
CP004887.1	AB270756;cluster_I;Klebsiella_pneumoniae	89.97	319	5914407	32	0	2679447	2679765	360	42	3e-112	 412	minus	0
CP004887.1	X07866;cluster_I;Rhodobacter_capsulatus_SB_1003	76.12	825	5914407	174	19	2679043	2679854	934	120	1e-111	 411	minus	0
CP004887.1	AF545637;cluster_I;Pantoea_agglomerans	87.29	354	5914407	45	0	2679480	2679833	360	7	5e-110	 405	minus	0
CP004887.1	X63352;cluster_I;Rhodobacter_capsulatus	76.00	825	5914407	175	19	2679043	2679854	2132	1318	5e-110	 405	minus	0
CP004887.1	DQ364801;cluster_I;Klebsiella_sp._BM92	89.38	320	5914407	34	0	2679448	2679767	320	1	2e-109	 403	minus	0
CP004887.1	EU622783;cluster_I;Thiocapsa_bogorovii	83.80	426	5914407	67	2	2679406	2679830	449	25	2e-109	 403	minus	0
CP004887.1	FJ347420;cluster_I;Bradyrhizobium_sp._ORS_285	79.33	571	5914407	105	12	2679185	2679750	563	1	1e-105	 390	minus	0
CP004887.1	AB542360;cluster_I;Azospirillum_sp._TSH19	79.13	575	5914407	108	10	2679179	2679749	568	2	2e-104	 387	minus	0
CP004887.1	EU622788;cluster_I;Allochromatium_minutissimum	82.22	450	5914407	78	2	2679406	2679854	449	1	2e-104	 387	minus	0
CP004887.1	AB542367;cluster_I;Azospirillum_sp._TSH100	79.09	574	5914407	108	10	2679179	2679748	566	1	6e-104	 385	minus	0
CP004887.1	FJ347446;cluster_I;Bradyrhizobium_sp._ORS_372	79.17	557	5914407	103	12	2679199	2679750	549	1	8e-103	 381	minus	0
CP004887.1	EF199951;cluster_I;Halorhodospira_halophila	81.96	449	5914407	81	0	2679406	2679854	449	1	8e-103	 381	minus	0
CP004887.1	FJ347436;cluster_I;Bradyrhizobium_sp._ORS_327	78.81	571	5914407	108	12	2679185	2679750	563	1	1e-101	 377	minus	0
CP004887.1	FJ347424;cluster_I;Bradyrhizobium_sp._ORS_298	78.42	570	5914407	112	10	2679185	2679750	563	1	1e-101	 377	minus	0
CP004887.1	FJ347435;cluster_I;Bradyrhizobium_sp._ORS_324	78.96	556	5914407	106	10	2679199	2679750	549	1	4e-101	 375	minus	0
CP004887.1	FJ347418;cluster_I;Bradyrhizobium_sp._ORS_277	79.17	557	5914407	103	12	2679199	2679750	549	1	4e-101	 375	minus	0
CP004887.1	FJ347434;cluster_I;Bradyrhizobium_sp._ORS_318	78.78	556	5914407	107	10	2679199	2679750	549	1	1e-100	 374	minus	0
CP004887.1	FJ347422;cluster_I;Bradyrhizobium_sp._ORS_294	78.78	556	5914407	107	10	2679199	2679750	549	1	1e-100	 374	minus	0
CP004887.1	FJ347427;cluster_I;Bradyrhizobium_sp._ORS_303	78.57	560	5914407	109	10	2679195	2679750	553	1	1e-100	 374	minus	0
CP004887.1	FJ347445;cluster_I;Bradyrhizobium_sp._ORS_361	78.57	560	5914407	109	10	2679195	2679750	553	1	5e-100	 372	minus	0
CP004887.1	FJ347443;cluster_I;Bradyrhizobium_sp._ORS_356	78.57	560	5914407	109	10	2679195	2679750	553	1	5e-100	 372	minus	0
CP004887.1	FJ347430;cluster_I;Bradyrhizobium_sp._ORS_307	78.64	557	5914407	106	12	2679199	2679750	549	1	5e-100	 372	minus	0
CP004887.1	AB542364;cluster_I;Azospirillum_sp._TSH78	78.91	569	5914407	105	13	2679187	2679749	561	2	5e-100	 372	minus	0
CP004887.1	FJ347438;cluster_I;Bradyrhizobium_sp._ORS_330	78.99	557	5914407	104	12	2679199	2679750	549	1	6e-99	 368	minus	0
CP004887.1	FJ347423;cluster_I;Bradyrhizobium_sp._ORS_297	78.82	557	5914407	105	12	2679199	2679750	549	1	8e-98	 364	minus	0
CP004887.1	AB542356;cluster_I;Azospirillum_sp._TSH2	78.63	571	5914407	107	13	2679185	2679749	562	1	8e-98	 364	minus	0
CP004887.1	AB542337;cluster_I;Azospirillum_sp._TSA2s	77.65	613	5914407	126	9	2679135	2679743	610	5	3e-97	 363	minus	0
CP004887.1	AB542357;cluster_I;Azospirillum_sp._TSH5	78.56	569	5914407	107	13	2679185	2679747	560	1	1e-96	 361	minus	0
CP004887.1	AB542358;cluster_I;Azospirillum_sp._TSH6	78.56	569	5914407	107	13	2679185	2679747	560	1	1e-96	 361	minus	0
CP004887.1	AB542359;cluster_I;Azospirillum_sp._TSH10	78.56	569	5914407	107	13	2679185	2679747	560	1	1e-96	 361	minus	0
CP004887.1	FJ347447;cluster_I;Bradyrhizobium_sp._ORS_375	77.96	558	5914407	108	13	2679199	2679750	549	1	1e-95	 357	minus	0
CP004887.1	FJ347441;cluster_I;Bradyrhizobium_sp._ORS_344	77.92	557	5914407	110	12	2679199	2679750	549	1	1e-95	 357	minus	0
CP004887.1	FJ347426;cluster_I;Bradyrhizobium_sp._ORS_301	78.28	557	5914407	108	12	2679199	2679750	549	1	1e-95	 357	minus	0
CP004887.1	GQ289562;cluster_I;Bradyrhizobium_japonicum	80.78	463	5914407	82	6	2679388	2679848	1	458	5e-95	 355	plus	0
CP004887.1	FJ347437;cluster_I;Bradyrhizobium_sp._ORS_328	78.07	561	5914407	110	12	2679195	2679750	553	1	5e-95	 355	minus	0
CP004887.1	AB542366;cluster_I;Azospirillum_sp._TSH96	78.33	563	5914407	107	13	2679187	2679743	557	4	2e-93	 350	minus	0
CP004887.1	FJ347433;cluster_I;Bradyrhizobium_sp._ORS_310	77.50	560	5914407	115	10	2679195	2679750	553	1	3e-92	 346	minus	0
CP004887.1	AB542361;cluster_I;Azospirillum_sp._TSH21	77.72	579	5914407	117	10	2679179	2679753	571	1	1e-91	 344	minus	0
CP004887.1	AB542347;cluster_I;Azospirillum_sp._TSA18	77.86	569	5914407	114	10	2679179	2679743	567	7	4e-91	 342	minus	0
CP004887.1	AB542344;cluster_I;Azospirillum_sp._TSA15c	77.86	569	5914407	114	10	2679179	2679743	565	5	4e-91	 342	minus	0
CP004887.1	AB542340;cluster_I;Azospirillum_sp._TSA11	77.86	569	5914407	114	10	2679179	2679743	567	7	4e-91	 342	minus	0
CP004887.1	AB542343;cluster_I;Azospirillum_sp._TSA14w	77.86	569	5914407	114	10	2679179	2679743	569	9	4e-91	 342	minus	0
CP004887.1	EF199953;cluster_I;Ectothiorhodospira_shaposhnikovii	80.44	450	5914407	86	2	2679406	2679854	449	1	4e-91	 342	minus	0
CP004887.1	AB542348;cluster_I;Azospirillum_sp._TSA19	77.74	566	5914407	114	10	2679179	2679740	558	1	2e-89	 337	minus	0
CP004887.1	AB542341;cluster_I;Azospirillum_sp._TSA12	77.74	566	5914407	114	10	2679179	2679740	558	1	2e-89	 337	minus	0
CP004887.1	EF199954;cluster_I;Ectothiorhodospira_mobilis	80.22	450	5914407	87	2	2679406	2679854	449	1	2e-89	 337	minus	0
CP004887.1	FSU53362;cluster_I;Frankia_sp._EuIK1	72.22	1278	5914407	292	53	2677574	2678821	2530	1286	6e-89	 335	minus	0
CP004887.1	DQ787333;cluster_I;Azospirillum_lipoferum	80.87	439	5914407	71	11	2679406	2679839	446	16	2e-88	 333	minus	0
CP004887.1	GQ411215;cluster_I;Bacillus_sp._SUND_LM2	93.98	216	5914407	12	1	2679552	2679767	315	101	4e-86	 326	minus	0
CP004887.1	GQ289571;cluster_I;Bradyrhizobium_japonicum	79.66	467	5914407	83	11	2679388	2679848	1	461	4e-86	 326	plus	0
CP004887.1	AF484657;cluster_I;Methylobacterium_sp._xct7	79.78	460	5914407	81	10	2679304	2679759	452	1	1e-85	 324	minus	0
CP004887.1	GQ161239;cluster_I;Azospirillum_brasilense	83.10	361	5914407	54	6	2679406	2679764	356	1	5e-85	 322	minus	0
CP004887.1	AF059648;cluster_I;Marichromatium_purpuratum	84.62	325	5914407	48	2	2679420	2679743	327	4	5e-85	 322	minus	0
CP004887.1	GQ289577;cluster_I;Bradyrhizobium_japonicum	79.45	472	5914407	75	17	2679388	2679848	1	461	8e-83	 315	plus	0
CP004887.1	FN813553;cluster_I;Azospirillum_zeae	82.42	364	5914407	57	5	2679403	2679764	359	1	1e-81	 311	minus	0
CP004887.1	FN813552;cluster_I;Azospirillum_zeae	82.42	364	5914407	57	5	2679403	2679764	359	1	1e-81	 311	minus	0
CP004887.1	FN813561;cluster_I;Azospirillum_zeae	82.47	365	5914407	55	7	2679403	2679764	359	1	1e-81	 311	minus	0
CP004887.1	EU672874;cluster_I;Methylogaea_oryzae_JCM_16910	84.62	312	5914407	46	2	2679406	2679716	311	1	4e-81	 309	minus	0
CP004887.1	GQ161241;cluster_I;Azospirillum_brasilense	82.32	362	5914407	55	7	2679406	2679764	356	1	5e-80	 305	minus	0
CP004887.1	AB079621;cluster_I;Rhodobacter_azotoformans	79.21	457	5914407	80	13	2679406	2679856	458	11	2e-79	 303	minus	0
CP004887.1	GU256446;cluster_I;Azospirillum_canadense	81.67	371	5914407	61	5	2679426	2679794	375	10	6e-79	 302	minus	0
CP004887.1	EU770978;cluster_I;Rhizobium_leguminosarum	76.91	563	5914407	111	17	2679300	2679854	552	1	6e-79	 302	minus	0
CP004887.1	EU418412;cluster_I;Rhizobium_mongolense	76.44	590	5914407	118	18	2679193	2679773	614	37	2e-78	 300	minus	0
CP004887.1	EU418411;cluster_I;Rhizobium_gallicum	76.44	590	5914407	118	18	2679193	2679773	614	37	2e-78	 300	minus	0
CP004887.1	FJ687518;cluster_I;Pseudomonas_sp._IPPW-3	81.54	363	5914407	65	2	2679403	2679764	362	1	8e-78	 298	minus	0
CP004887.1	DQ682472;cluster_I;Azospirillum_zeae	81.77	362	5914407	57	7	2679406	2679764	357	2	8e-78	 298	minus	0
CP004887.1	DQ029203;cluster_I;Azonexus_caeni	85.71	280	5914407	40	0	2679418	2679697	307	28	3e-77	 296	minus	0
CP004887.1	GQ411209;cluster_I;Bacillus_megaterium	94.71	189	5914407	10	0	2679580	2679768	336	148	1e-76	 294	minus	0
CP004887.1	DQ682471;cluster_I;Azospirillum_zeae	81.89	359	5914407	56	7	2679406	2679761	353	1	1e-76	 294	minus	0
CP004887.1	FJ687522;cluster_I;Aeromonas_sp._IPPW-33a	81.27	363	5914407	66	2	2679403	2679764	362	1	4e-76	 292	minus	0
CP004887.1	EU770979;cluster_I;Rhizobium_leguminosarum	76.55	563	5914407	113	17	2679300	2679854	552	1	1e-75	 291	minus	0
CP004887.1	DQ393890;cluster_I;Azospirillum_canadense	81.87	353	5914407	55	7	2679406	2679755	5	351	5e-75	 289	plus	0
CP004887.1	GU256453;cluster_I;Azospirillum_zeae	80.75	374	5914407	65	5	2679435	2679806	374	6	6e-74	 285	minus	0
CP004887.1	AB185395;cluster_I;Azospirillum_oryzae	80.42	383	5914407	68	5	2679426	2679806	408	31	6e-74	 285	minus	0
CP004887.1	FJ687521;cluster_I;Aeromonas_sp._IPPW-29	80.82	365	5914407	61	8	2679403	2679764	359	1	1e-71	 278	minus	0
CP004887.1	FJ687517;cluster_I;Pseudomonas_sp._IPPW-2	80.82	365	5914407	61	8	2679403	2679764	359	1	1e-71	 278	minus	0
CP004887.1	AY768690;cluster_I;Azonexus_fungiphilus	82.35	323	5914407	53	4	2679426	2679746	321	1	1e-71	 278	minus	0
CP004887.1	DQ413015;cluster_I;Rhizobium_leguminosarum_bv._viciae	78.00	459	5914407	86	13	2679321	2679773	493	44	1e-70	 274	minus	0
CP004887.1	EF158046;cluster_I;Azospira_restricta	84.76	269	5914407	41	0	2679415	2679683	269	1	2e-69	 270	minus	0
CP004887.1	AB079628;cluster_I;Rhodovulum_strictum	77.90	457	5914407	86	13	2679406	2679856	458	11	2e-69	 270	minus	0
CP004887.1	EU291983;cluster_I;Ensifer_mexicanus	77.22	474	5914407	99	7	2679135	2679605	468	1	6e-69	 268	minus	0
CP004887.1	EU291980;cluster_I;Sinorhizobium_chiapanecum	77.17	473	5914407	101	5	2679135	2679605	468	1	6e-69	 268	minus	0
CP004887.1	AB191042;cluster_I;Heliobacterium_gestii	72.14	1030	5914407	237	41	2677814	2678821	2000	999	2e-68	 267	minus	0
CP004887.1	AB079629;cluster_I;Rhodovulum_strictum	77.73	458	5914407	87	13	2679405	2679856	459	11	2e-68	 267	minus	0
CP004887.1	GU256451;cluster_I;Azospirillum_picis	81.18	340	5914407	55	7	2679439	2679775	370	37	8e-68	 265	minus	0
CP004887.1	EF634050;cluster_I;Azotobacter_chroococcum	82.47	308	5914407	48	5	2679409	2679713	305	1	8e-68	 265	minus	0
CP004887.1	EF634053;cluster_I;Azotobacter_chroococcum	81.90	315	5914407	49	7	2679407	2679716	326	15	4e-66	 259	minus	0
CP004887.1	AY644349;cluster_I;Azomonas_macrocytogenes	78.93	356	5914407	75	0	2679406	2679761	362	7	3e-62	 246	minus	0
CP004887.1	GQ289563;cluster_I;Bradyrhizobium_japonicum	76.50	468	5914407	96	12	2679388	2679848	1	461	4e-61	 243	plus	0
CP004887.1	AB191043;cluster_I;Heliobacterium_modesticaldum_Ice1	71.39	1150	5914407	265	49	2677701	2678821	2207	1093	4e-61	 243	minus	0
CP004887.1	EF634055;cluster_I;Azotobacter_chroococcum	82.21	281	5914407	44	5	2679407	2679684	288	11	2e-59	 237	minus	0
CP004887.1	DQ411938;cluster_I;Ensifer_mexicanus	76.92	429	5914407	90	7	2679135	2679560	432	10	6e-59	 235	minus	0
CP004887.1	DQ411939;cluster_I;Ensifer_mexicanus	76.92	429	5914407	90	7	2679135	2679560	432	10	6e-59	 235	minus	0
CP004887.1	ADAF001432;cluster_I;Gluconacetobacter_diazotrophicus	80.92	304	5914407	51	5	2679463	2679764	299	1	2e-58	 233	minus	0
CP004887.1	GQ289567;cluster_III;Bradyrhizobium_japonicum	75.59	463	5914407	93	17	2679388	2679840	1	453	1e-51	 211	plus	0
CP004887.1	GQ289582;cluster_III;Bradyrhizobium_japonicum	80.25	243	5914407	42	2	2679388	2679624	1	243	1e-41	 178	plus	0
CP004887.1	GQ289566;cluster_III;Bradyrhizobium_japonicum	79.75	237	5914407	40	4	2679388	2679617	1	236	9e-38	 165	plus	0
CP004887.1	GQ289573;cluster_III;Bradyrhizobium_japonicum	78.90	237	5914407	42	5	2679388	2679617	1	236	2e-34	 154	plus	0
