CP020847.1	V00631;cluster_I;Klebsiella_pneumoniae	88.83	1772	5554150	172	22	620310	622069	46	1803	0.0	2152	plus	0
CP020847.1	AY242355;cluster_I;Klebsiella_pneumoniae_342	97.96	883	5554150	16	2	620557	621438	1	882	0.0	1530	plus	0
CP020847.1	KPNNIFH;cluster_I;Klebsiella_pneumoniae	91.13	891	5554150	77	2	620557	621446	1	890	0.0	1206	plus	0
CP020847.1	X96609;cluster_I;Alcaligenes_faecalis	82.47	867	5554150	146	6	620563	621426	612	1475	0.0	 754	plus	0
CP020847.1	AVIMONFE;cluster_I;Azotobacter_chroococcum	82.48	839	5554150	134	10	620563	621393	244	1077	0.0	 723	plus	0
CP020847.1	FJ593767;cluster_I;Klebsiella_sp._P0643	99.49	389	5554150	2	0	620641	621029	1	389	0.0	 708	plus	0
CP020847.1	FJ593766;cluster_I;Klebsiella_sp._P0640	99.49	389	5554150	2	0	620641	621029	1	389	0.0	 708	plus	0
CP020847.1	FJ593765;cluster_I;Klebsiella_sp._P0638	99.49	389	5554150	2	0	620641	621029	1	389	0.0	 708	plus	0
CP020847.1	FJ593757;cluster_I;Klebsiella_sp._CRLS069a	99.49	389	5554150	2	0	620641	621029	1	389	0.0	 708	plus	0
CP020847.1	FJ593760;cluster_I;Klebsiella_sp._CRLS064	99.23	389	5554150	3	0	620641	621029	1	389	0.0	 702	plus	0
CP020847.1	FJ593763;cluster_I;Klebsiella_sp._CRLI0718a	99.23	389	5554150	3	0	620641	621029	1	389	0.0	 702	plus	0
CP020847.1	FJ593756;cluster_I;Klebsiella_sp._CRLI0715	99.23	389	5554150	3	0	620641	621029	1	389	0.0	 702	plus	0
CP020847.1	FJ593758;cluster_I;Klebsiella_sp._CRPV0610	99.23	389	5554150	3	0	620641	621029	1	389	0.0	 702	plus	0
CP020847.1	FJ593759;cluster_I;Klebsiella_sp._CRLS0617	99.23	389	5554150	3	0	620641	621029	1	389	0.0	 702	plus	0
CP020847.1	FJ593764;cluster_I;Klebsiella_sp._CRLI0713	99.23	389	5554150	3	0	620641	621029	1	389	0.0	 702	plus	0
CP020847.1	FJ593866;cluster_I;Klebsiella_sp._AL060225_04	98.97	389	5554150	4	0	620641	621029	1	389	0.0	 697	plus	0
CP020847.1	FJ593865;cluster_I;Klebsiella_sp._AL050511_01	98.97	389	5554150	4	0	620641	621029	1	389	0.0	 697	plus	0
CP020847.1	FJ593762;cluster_I;Klebsiella_sp._CRLI0728	98.71	389	5554150	5	0	620641	621029	1	389	0.0	 691	plus	0
CP020847.1	FJ593860;cluster_I;Klebsiella_sp._MNS_801b	98.46	389	5554150	6	0	620641	621029	1	389	0.0	 686	plus	0
CP020847.1	FJ593864;cluster_I;Klebsiella_sp._MNFG_802	98.46	389	5554150	6	0	620641	621029	1	389	0.0	 686	plus	0
CP020847.1	FJ593861;cluster_I;Klebsiella_sp._MNS_801a	98.46	389	5554150	6	0	620641	621029	1	389	0.0	 686	plus	0
CP020847.1	FJ593862;cluster_I;Klebsiella_sp._MNW_801b	98.46	389	5554150	6	0	620641	621029	1	389	0.0	 686	plus	0
CP020847.1	FJ593863;cluster_I;Klebsiella_sp._MNFG_801b	98.46	389	5554150	6	0	620641	621029	1	389	0.0	 686	plus	0
CP020847.1	FJ593761;cluster_I;Klebsiella_sp._CRLI0730	98.46	389	5554150	6	0	620641	621029	1	389	0.0	 686	plus	0
CP020847.1	X03916;cluster_I;Azotobacter_chroococcum	81.63	833	5554150	147	6	620564	621393	345	1174	0.0	 686	plus	0
CP020847.1	FJ593768;cluster_I;Klebsiella_sp._CRPV0611a	98.20	389	5554150	7	0	620641	621029	1	389	0.0	 680	plus	0
CP020847.1	X13519;cluster_I;Azotobacter_vinelandii	81.18	834	5554150	149	7	620564	621393	221	1050	0.0	 664	plus	0
CP020847.1	FJ593769;cluster_I;Klebsiella_sp._P0646	97.17	389	5554150	11	0	620641	621029	1	389	0.0	 658	plus	0
CP020847.1	AY846276;cluster_I;Klebsiella_pneumoniae	96.42	391	5554150	13	1	620574	620963	400	10	0.0	 643	minus	0
CP020847.1	FJ822998;cluster_I;Klebsiella_sp._gx-3	98.05	359	5554150	7	0	620671	621029	362	4	3e-176	 625	minus	0
CP020847.1	EU938522;cluster_I;Burkholderia_sp._gx97	97.49	359	5554150	9	0	620671	621029	1	359	7e-173	 614	plus	0
CP020847.1	FJ822994;cluster_I;Sinorhizobium_sp._gx-153	98.00	350	5554150	7	0	620680	621029	353	4	3e-171	 608	minus	0
CP020847.1	AY367392;cluster_I;Klebsiella_variicola	98.81	336	5554150	4	0	620671	621006	2	337	2e-168	 599	plus	0
CP020847.1	AY367394;cluster_I;Klebsiella_variicola	98.80	333	5554150	4	0	620671	621003	2	334	9e-167	 593	plus	0
CP020847.1	AY367393;cluster_I;Klebsiella_variicola	98.51	336	5554150	5	0	620694	621029	1	336	9e-167	 593	plus	0
CP020847.1	AY367395;cluster_I;Klebsiella_variicola	98.51	336	5554150	5	0	620694	621029	1	336	9e-167	 593	plus	0
CP020847.1	AB189641;cluster_I;Halorhodospira_halophila	80.10	804	5554150	154	6	620578	621378	231	1031	9e-167	 593	plus	0
CP020847.1	AB270756;cluster_I;Klebsiella_pneumoniae	98.75	319	5554150	4	0	620670	620988	42	360	5e-159	 568	plus	0
CP020847.1	DQ364801;cluster_I;Klebsiella_sp._BM92	98.12	320	5554150	6	0	620668	620987	1	320	3e-156	 558	plus	0
CP020847.1	DQ821722;cluster_I;Sphingomonas_sp._Y49	97.83	322	5554150	7	0	620691	621012	1	322	1e-155	 556	plus	0
CP020847.1	DQ821723;cluster_I;Klebsiella_sp._Y57	97.20	322	5554150	9	0	620691	621012	1	322	2e-152	 545	plus	0
CP020847.1	FJ593867;cluster_I;Klebsiella_sp._AL060224_03	91.77	389	5554150	32	0	620641	621029	1	389	3e-151	 542	plus	0
CP020847.1	AJ563286;cluster_I;Dechloromonas_sp._SIUL	81.46	669	5554150	116	7	620650	621314	13	677	3e-151	 542	plus	0
CP020847.1	KSU32183;cluster_I;Klebsiella_sp.	94.69	339	5554150	17	1	620608	620945	1	339	1e-150	 540	plus	0
CP020847.1	AF031817;cluster_I;Rhodobacter_sphaeroides	77.49	822	5554150	157	21	620574	621381	283	1090	5e-129	 468	plus	0
CP020847.1	GQ381287;cluster_I;Klebsiella_sp._SZ7-2	89.69	359	5554150	34	2	620671	621029	1	356	4e-125	 455	plus	0
CP020847.1	FJ593868;cluster_I;Enterobacter_sp._MTP_050512_17	87.15	389	5554150	50	0	620641	621029	1	389	3e-121	 442	plus	0
CP020847.1	AB542353;cluster_I;Azospirillum_sp._TSA36t	79.83	600	5554150	110	9	620660	621255	23	615	9e-117	 427	plus	0
CP020847.1	AY221827;cluster_I;Klebsiella_oxytoca_KCTC_1686	90.21	327	5554150	32	0	620689	621015	1	327	9e-117	 427	plus	0
CP020847.1	X63352;cluster_I;Rhodobacter_capsulatus	76.25	842	5554150	173	20	620566	621392	1303	2132	4e-115	 422	plus	0
CP020847.1	FJ593777;cluster_I;Pantoea_sp._CRLI0725a	86.12	389	5554150	54	0	620641	621029	1	389	2e-114	 420	plus	0
CP020847.1	FJ593779;cluster_I;Pantoea_sp._A0305	86.12	389	5554150	54	0	620641	621029	1	389	2e-114	 420	plus	0
CP020847.1	FJ593780;cluster_I;Pantoea_sp._P0352	86.12	389	5554150	54	0	620641	621029	1	389	2e-114	 420	plus	0
CP020847.1	FJ593778;cluster_I;Pantoea_sp._P0359	86.12	389	5554150	54	0	620641	621029	1	389	2e-114	 420	plus	0
CP020847.1	EU622783;cluster_I;Thiocapsa_bogorovii	84.51	426	5554150	64	2	620605	621029	25	449	2e-114	 420	plus	0
CP020847.1	AY373368;cluster_I;Paenibacillus_sp._g2	89.60	327	5554150	34	0	620668	620994	1	327	2e-113	 416	plus	0
CP020847.1	X07866;cluster_I;Rhodobacter_capsulatus_SB_1003	76.13	842	5554150	174	20	620566	621392	105	934	2e-113	 416	plus	0
CP020847.1	EF199951;cluster_I;Halorhodospira_halophila	83.30	449	5554150	75	0	620581	621029	1	449	7e-113	 414	plus	0
CP020847.1	AY373369;cluster_I;Bacillus_cereus	89.30	327	5554150	35	0	620668	620994	5	331	9e-112	 411	plus	0
CP020847.1	AY367396;cluster_I;Raoultella_terrigena	88.86	332	5554150	37	0	620671	621002	1	332	3e-111	 409	plus	0
CP020847.1	HM047125;cluster_I;Bradyrhizobium_denitrificans	79.29	594	5554150	114	8	620660	621250	32	619	1e-110	 407	plus	0
CP020847.1	AY373371;cluster_I;Bacillus_sp._w5	88.99	327	5554150	36	0	620668	620994	1	327	4e-110	 405	plus	0
CP020847.1	FJ347438;cluster_I;Bradyrhizobium_sp._ORS_330	80.07	557	5554150	98	12	620685	621236	1	549	6e-109	 401	plus	0
CP020847.1	AB542360;cluster_I;Azospirillum_sp._TSH19	79.62	574	5554150	106	10	620686	621255	2	568	6e-109	 401	plus	0
CP020847.1	EF200511;cluster_I;Klebsiella_sp._TT001	90.46	304	5554150	29	0	620701	621004	1	304	6e-109	 401	plus	0
CP020847.1	EF200510;cluster_I;Klebsiella_sp._NTI31	90.46	304	5554150	29	0	620701	621004	1	304	6e-109	 401	plus	0
CP020847.1	FJ347445;cluster_I;Bradyrhizobium_sp._ORS_361	79.46	560	5554150	104	10	620685	621240	1	553	2e-108	 399	plus	0
CP020847.1	FJ347430;cluster_I;Bradyrhizobium_sp._ORS_307	79.53	557	5554150	101	12	620685	621236	1	549	2e-108	 399	plus	0
CP020847.1	AB542367;cluster_I;Azospirillum_sp._TSH100	79.58	573	5554150	106	10	620687	621255	1	566	2e-108	 399	plus	0
CP020847.1	AB542349;cluster_I;Azospirillum_sp._TSA20c	79.00	600	5554150	115	9	620660	621255	29	621	2e-108	 399	plus	0
CP020847.1	AB542346;cluster_I;Azospirillum_sp._TSA16	79.00	600	5554150	115	9	620660	621255	8	600	2e-108	 399	plus	0
CP020847.1	AB542338;cluster_I;Azospirillum_sp._TSA6c	79.00	600	5554150	115	9	620660	621255	29	621	2e-108	 399	plus	0
CP020847.1	FJ822999;cluster_I;Stenotrophomonas_sp._gx-44	86.50	363	5554150	47	2	620671	621032	362	1	7e-108	 398	minus	0
CP020847.1	FJ347446;cluster_I;Bradyrhizobium_sp._ORS_372	79.71	557	5554150	100	12	620685	621236	1	549	7e-108	 398	plus	0
CP020847.1	FJ347449;cluster_I;Bradyrhizobium_sp._ORS_391	79.79	559	5554150	104	8	620685	621240	1	553	7e-108	 398	plus	0
CP020847.1	FJ347434;cluster_I;Bradyrhizobium_sp._ORS_318	79.50	556	5554150	103	10	620685	621236	1	549	7e-108	 398	plus	0
CP020847.1	FJ347439;cluster_I;Bradyrhizobium_sp._ORS_331	79.79	559	5554150	104	8	620685	621240	1	553	7e-108	 398	plus	0
CP020847.1	FJ347422;cluster_I;Bradyrhizobium_sp._ORS_294	79.50	556	5554150	103	10	620685	621236	1	549	7e-108	 398	plus	0
CP020847.1	FJ347424;cluster_I;Bradyrhizobium_sp._ORS_298	79.12	570	5554150	108	10	620685	621250	1	563	7e-108	 398	plus	0
CP020847.1	AY373365;cluster_I;Bacillus_megaterium	89.06	320	5554150	35	0	620668	620987	1	320	7e-108	 398	plus	0
CP020847.1	FJ347443;cluster_I;Bradyrhizobium_sp._ORS_356	79.29	560	5554150	105	10	620685	621240	1	553	3e-107	 396	plus	0
CP020847.1	FJ347427;cluster_I;Bradyrhizobium_sp._ORS_303	79.29	560	5554150	105	10	620685	621240	1	553	9e-107	 394	plus	0
CP020847.1	AF545637;cluster_I;Pantoea_agglomerans	86.55	357	5554150	48	0	620599	620955	4	360	9e-107	 394	plus	0
CP020847.1	FJ032021;cluster_I;Klebsiella_sp._BN-4A	89.64	309	5554150	32	0	620655	620963	1	309	9e-107	 394	plus	0
CP020847.1	GQ381290;cluster_I;Klebsiella_pneumoniae	88.79	321	5554150	34	2	620709	621029	13	331	3e-106	 392	plus	0
CP020847.1	FJ347436;cluster_I;Bradyrhizobium_sp._ORS_327	79.33	571	5554150	105	12	620685	621250	1	563	3e-106	 392	plus	0
CP020847.1	FJ347418;cluster_I;Bradyrhizobium_sp._ORS_277	79.71	557	5554150	100	12	620685	621236	1	549	3e-106	 392	plus	0
CP020847.1	FJ347448;cluster_I;Bradyrhizobium_sp._ORS_377	79.43	559	5554150	106	8	620685	621240	1	553	1e-105	 390	plus	0
CP020847.1	FJ347420;cluster_I;Bradyrhizobium_sp._ORS_285	79.33	571	5554150	105	12	620685	621250	1	563	1e-105	 390	plus	0
CP020847.1	FJ347423;cluster_I;Bradyrhizobium_sp._ORS_297	79.53	557	5554150	101	12	620685	621236	1	549	4e-105	 388	plus	0
CP020847.1	AY373366;cluster_I;Bacillus_sp._c6	88.07	327	5554150	39	0	620668	620994	1	327	4e-105	 388	plus	0
CP020847.1	EU622788;cluster_I;Allochromatium_minutissimum	82.22	450	5554150	78	2	620581	621029	1	449	2e-104	 387	plus	0
CP020847.1	GQ381289;cluster_I;Paenibacillus_sp._SZ002	88.47	321	5554150	34	3	620709	621029	10	327	6e-104	 385	plus	0
CP020847.1	FJ347426;cluster_I;Bradyrhizobium_sp._ORS_301	79.17	557	5554150	103	12	620685	621236	1	549	6e-104	 385	plus	0
CP020847.1	FJ347421;cluster_I;Bradyrhizobium_sp._ORS_287	79.17	557	5554150	103	12	620685	621236	1	549	6e-104	 385	plus	0
CP020847.1	FJ347441;cluster_I;Bradyrhizobium_sp._ORS_344	78.82	557	5554150	105	12	620685	621236	1	549	2e-103	 383	plus	0
CP020847.1	DQ364804;cluster_I;Klebsiella_sp._JT42	87.80	328	5554150	38	2	620668	620994	1	327	2e-103	 383	plus	0
CP020847.1	FJ032022;cluster_I;Klebsiella_sp._AF-4C	89.00	309	5554150	34	0	620655	620963	3	311	2e-103	 383	plus	0
CP020847.1	FJ347435;cluster_I;Bradyrhizobium_sp._ORS_324	79.14	556	5554150	105	10	620685	621236	1	549	7e-103	 381	plus	0
CP020847.1	FJ347447;cluster_I;Bradyrhizobium_sp._ORS_375	78.64	557	5554150	106	12	620685	621236	1	549	3e-102	 379	plus	0
CP020847.1	FJ347437;cluster_I;Bradyrhizobium_sp._ORS_328	78.79	561	5554150	106	12	620685	621240	1	553	3e-102	 379	plus	0
CP020847.1	FJ347425;cluster_I;Bradyrhizobium_sp._ORS_300	78.97	561	5554150	105	12	620685	621240	1	553	1e-101	 377	plus	0
CP020847.1	GU001626;cluster_I;Bradyrhizobium_japonicum	78.04	633	5554150	114	22	620629	621250	675	57	3e-101	 375	minus	0
CP020847.1	GU001618;cluster_I;Bradyrhizobium_cytisi	77.58	660	5554150	123	22	620660	621308	26	671	3e-101	 375	plus	0
CP020847.1	GU001631;cluster_I;Bradyrhizobium_japonicum	78.04	633	5554150	114	22	620629	621250	675	57	3e-101	 375	minus	0
CP020847.1	GU001628;cluster_I;Bradyrhizobium_japonicum	78.04	633	5554150	114	22	620629	621250	675	57	3e-101	 375	minus	0
CP020847.1	EU693339;cluster_I;Bacillus_sp._Z7	83.93	392	5554150	63	0	620656	621047	36	427	3e-101	 375	plus	0
CP020847.1	GU001633;cluster_I;Bradyrhizobium_canariense	77.23	685	5554150	127	26	620629	621300	675	7	1e-100	 374	minus	0
CP020847.1	FJ347451;cluster_I;Bradyrhizobium_sp._ORS_400	78.52	568	5554150	111	10	620685	621248	1	561	1e-100	 374	plus	0
CP020847.1	EU693340;cluster_I;Bacillus_sp._Z19	83.05	413	5554150	68	2	620635	621047	18	428	1e-100	 374	plus	0
CP020847.1	GQ289574;cluster_I/IA;Bradyrhizobium_japonicum	81.25	464	5554150	81	6	620587	621047	461	1	2e-99	 370	minus	0
CP020847.1	FJ347419;cluster_I;Bradyrhizobium_sp._ORS_279	78.43	561	5554150	108	12	620685	621240	1	553	2e-99	 370	plus	0
CP020847.1	EU693338;cluster_I;Azotobacter_chroococcum	82.89	415	5554150	68	3	620635	621047	21	434	2e-99	 370	plus	0
CP020847.1	EU693341;cluster_I;Acinetobacter_sp._Z21	83.80	389	5554150	63	0	620659	621047	41	429	2e-99	 370	plus	0
CP020847.1	FJ347433;cluster_I;Bradyrhizobium_sp._ORS_310	78.21	560	5554150	111	10	620685	621240	1	553	2e-98	 366	plus	0
CP020847.1	AB542356;cluster_I;Azospirillum_sp._TSH2	78.63	571	5554150	107	11	620686	621250	1	562	7e-98	 364	plus	0
CP020847.1	EU693342;cluster_I;Bacillus_sp._Z22	82.84	408	5554150	69	1	620641	621047	29	436	7e-98	 364	plus	0
CP020847.1	AB542357;cluster_I;Azospirillum_sp._TSH5	78.56	569	5554150	107	11	620688	621250	1	560	1e-96	 361	plus	0
CP020847.1	AB542358;cluster_I;Azospirillum_sp._TSH6	78.56	569	5554150	107	11	620688	621250	1	560	1e-96	 361	plus	0
CP020847.1	AB542359;cluster_I;Azospirillum_sp._TSH10	78.56	569	5554150	107	11	620688	621250	1	560	1e-96	 361	plus	0
CP020847.1	FJ822997;cluster_I;Pseudomonas_sp._gx-127	84.68	359	5554150	55	0	620671	621029	362	4	3e-96	 359	minus	0
CP020847.1	AB542361;cluster_I;Azospirillum_sp._TSH21	78.35	568	5554150	112	9	620692	621255	11	571	1e-95	 357	plus	0
CP020847.1	AB542347;cluster_I;Azospirillum_sp._TSA18	78.35	568	5554150	112	9	620692	621255	7	567	1e-95	 357	plus	0
CP020847.1	AB542337;cluster_I;Azospirillum_sp._TSA2s	78.35	568	5554150	112	9	620692	621255	5	565	1e-95	 357	plus	0
CP020847.1	AB542344;cluster_I;Azospirillum_sp._TSA15c	78.35	568	5554150	112	9	620692	621255	5	565	1e-95	 357	plus	0
CP020847.1	AB542340;cluster_I;Azospirillum_sp._TSA11	78.35	568	5554150	112	9	620692	621255	7	567	1e-95	 357	plus	0
CP020847.1	AB542343;cluster_I;Azospirillum_sp._TSA14w	78.35	568	5554150	112	9	620692	621255	9	569	1e-95	 357	plus	0
CP020847.1	GU001627;cluster_I;Bradyrhizobium_rifense	77.04	662	5554150	123	25	620660	621308	26	671	2e-94	 353	plus	0
CP020847.1	AB542348;cluster_I;Azospirillum_sp._TSA19	78.29	562	5554150	111	9	620698	621255	4	558	6e-94	 351	plus	0
CP020847.1	AB542341;cluster_I;Azospirillum_sp._TSA12	78.29	562	5554150	111	9	620698	621255	4	558	6e-94	 351	plus	0
CP020847.1	AB542366;cluster_I;Azospirillum_sp._TSH96	78.33	563	5554150	107	11	620692	621248	4	557	2e-93	 350	plus	0
CP020847.1	GU001619;cluster_I;Bradyrhizobium_cytisi	76.92	663	5554150	122	26	620660	621308	26	671	7e-93	 348	plus	0
CP020847.1	AB542364;cluster_I;Azospirillum_sp._TSH78	78.03	569	5554150	110	11	620686	621248	2	561	1e-91	 344	plus	0
CP020847.1	FJ822995;cluster_I;Agrobacterium_tumefaciens	83.57	359	5554150	59	0	620671	621029	362	4	2e-89	 337	minus	0
CP020847.1	DQ821718;cluster_I;Enterobacter_sp._Y4	85.45	323	5554150	45	2	620691	621012	1	322	6e-89	 335	plus	0
CP020847.1	DQ821725;cluster_I;Micrococcus_sp._Y70	85.45	323	5554150	45	2	620691	621012	1	322	6e-89	 335	plus	0
CP020847.1	DQ821719;cluster_I;Enterobacter_sp._Y11	85.14	323	5554150	46	2	620691	621012	1	322	3e-87	 329	plus	0
CP020847.1	U97116;cluster_I;Azoarcus_communis	81.16	414	5554150	72	5	620605	621015	1	411	1e-86	 327	plus	0
CP020847.1	GQ289580;cluster_I/IA;Bradyrhizobium_japonicum	79.31	464	5554150	90	6	620587	621047	461	1	2e-84	 320	minus	0
CP020847.1	DQ787333;cluster_I;Azospirillum_lipoferum	80.27	441	5554150	70	12	620596	621029	16	446	2e-83	 316	plus	0
CP020847.1	AB079621;cluster_I;Rhodobacter_azotoformans	79.82	456	5554150	75	13	620581	621029	13	458	2e-83	 316	plus	0
CP020847.1	FJ687522;cluster_I;Aeromonas_sp._IPPW-33a	82.37	363	5554150	62	2	620671	621032	1	362	8e-83	 315	plus	0
CP020847.1	EF626686;cluster_I;Azonexus_hydrophilus	83.48	339	5554150	54	2	620683	621020	1	338	8e-83	 315	plus	0
CP020847.1	AF484657;cluster_I;Methylobacterium_sp._xct7	79.35	460	5554150	83	11	620676	621131	1	452	3e-82	 313	plus	0
CP020847.1	AB161454;cluster_I;Pleomorphomonas_oryzae	80.38	423	5554150	74	5	620582	621001	1	417	3e-82	 313	plus	0
CP020847.1	DQ787331;cluster_I;Azospirillum_lipoferum	79.47	453	5554150	82	9	620581	621029	1	446	1e-81	 311	plus	0
CP020847.1	DQ787334;cluster_I;Azospirillum_lipoferum	79.91	438	5554150	77	9	620596	621029	16	446	1e-81	 311	plus	0
CP020847.1	DQ787332;cluster_I;Azospirillum_lipoferum	79.91	438	5554150	77	9	620596	621029	16	446	1e-81	 311	plus	0
CP020847.1	DQ029203;cluster_I;Azonexus_caeni	85.10	302	5554150	45	0	620716	621017	6	307	4e-81	 309	plus	0
CP020847.1	EF626684;cluster_I;Azonexus_hydrophilus_DSM_23864	83.19	339	5554150	55	2	620683	621020	1	338	4e-81	 309	plus	0
CP020847.1	EF626685;cluster_I;Azonexus_hydrophilus	83.19	339	5554150	55	2	620683	621020	1	338	4e-81	 309	plus	0
CP020847.1	V01215;cluster_I;Sinorhizobium_meliloti	77.61	518	5554150	101	14	620564	621075	169	677	2e-78	 300	plus	0
CP020847.1	GU256446;cluster_I;Azospirillum_canadense	81.22	378	5554150	62	5	620635	621009	4	375	3e-77	 296	plus	0
CP020847.1	AY768690;cluster_I;Azonexus_fungiphilus	83.23	322	5554150	52	2	620689	621009	1	321	1e-76	 294	plus	0
CP020847.1	AB430882;cluster_I;Azotobacter_chroococcum	82.92	322	5554150	55	0	620691	621012	1	322	1e-75	 291	plus	0
CP020847.1	FN813553;cluster_I;Azospirillum_zeae	81.32	364	5554150	61	5	620671	621032	1	359	5e-75	 289	plus	0
CP020847.1	FN813552;cluster_I;Azospirillum_zeae	81.32	364	5554150	61	5	620671	621032	1	359	5e-75	 289	plus	0
CP020847.1	FN813561;cluster_I;Azospirillum_zeae	81.37	365	5554150	59	7	620671	621032	1	359	5e-75	 289	plus	0
CP020847.1	AY351672;cluster_I;Azotobacter_chroococcum	82.87	321	5554150	55	0	620689	621009	1	321	5e-75	 289	plus	0
CP020847.1	GQ503352;cluster_I;Mesorhizobium_ciceri	75.72	593	5554150	133	11	620662	621250	674	89	2e-74	 287	minus	0
CP020847.1	EF634041;cluster_I;Rhizobium_gallicum	82.57	327	5554150	56	1	620677	621003	326	1	2e-74	 287	minus	0
CP020847.1	DQ682472;cluster_I;Azospirillum_zeae	81.22	362	5554150	59	7	620671	621029	2	357	2e-74	 287	plus	0
CP020847.1	FJ643446;cluster_I;Sinorhizobium_meliloti	76.25	560	5554150	119	13	620581	621134	738	187	6e-74	 285	minus	0
CP020847.1	AB079622;cluster_I;Rhodobacter_sp._AP-10	78.41	454	5554150	87	7	620581	621030	13	459	6e-74	 285	plus	0
CP020847.1	FJ687521;cluster_I;Aeromonas_sp._IPPW-29	81.10	365	5554150	60	8	620671	621032	1	359	2e-73	 283	plus	0
CP020847.1	FJ687517;cluster_I;Pseudomonas_sp._IPPW-2	81.10	365	5554150	60	8	620671	621032	1	359	2e-73	 283	plus	0
CP020847.1	AY624581;Unclassified;Gluconacetobacter_azotocaptans	75.90	585	5554150	124	16	621614	622188	680	1257	2e-73	 283	plus	0
CP020847.1	DQ682471;cluster_I;Azospirillum_zeae	81.34	359	5554150	58	7	620674	621029	1	353	2e-73	 283	plus	0
CP020847.1	AB182912;cluster_I;Pleomorphomonas_oryzae	79.46	409	5554150	75	5	620596	621001	5	407	8e-73	 281	plus	0
CP020847.1	AB489139;cluster_I;Paenibacillus_abekawaensis	77.66	479	5554150	94	11	620817	621290	433	903	3e-72	 279	plus	0
CP020847.1	DQ029204;cluster_I;Azonexus_fungiphilus	83.73	295	5554150	48	0	620724	621018	14	308	3e-72	 279	plus	0
CP020847.1	GU256453;cluster_I;Azospirillum_zeae	81.34	343	5554150	57	5	620660	621000	37	374	5e-70	 272	plus	0
CP020847.1	GQ161241;cluster_I;Azospirillum_brasilense	80.72	363	5554150	59	8	620671	621029	1	356	5e-70	 272	plus	0
CP020847.1	DQ393890;cluster_I;Azospirillum_canadense	81.20	351	5554150	55	7	620683	621029	348	5	5e-70	 272	minus	0
CP020847.1	AB182913;cluster_I;Pleomorphomonas_oryzae	79.40	398	5554150	73	5	620607	621001	5	396	5e-70	 272	plus	0
CP020847.1	DQ413016;cluster_I;Sinorhizobium_meliloti	77.38	473	5554150	98	8	620665	621134	47	513	5e-70	 272	plus	0
CP020847.1	EU252599;cluster_I;Sinorhizobium_meliloti	77.38	473	5554150	98	8	620665	621134	39	505	5e-70	 272	plus	0
CP020847.1	EF199958;cluster_I;Thioalkalispira_microaerophila	80.34	356	5554150	70	0	620647	621002	28	383	2e-69	 270	plus	0
CP020847.1	AB182911;cluster_I;Pleomorphomonas_oryzae	79.35	397	5554150	73	5	620607	621000	4	394	2e-69	 270	plus	0
CP020847.1	AB185395;cluster_I;Azospirillum_oryzae	79.01	405	5554150	76	7	620608	621009	10	408	6e-69	 268	plus	0
CP020847.1	AB182910;cluster_I;Pleomorphomonas_oryzae	79.10	402	5554150	75	5	620596	620994	5	400	6e-69	 268	plus	0
CP020847.1	AY934874;cluster_I;Sinorhizobium_sp._CCBAU_33036A	77.26	475	5554150	97	10	620665	621135	55	522	6e-69	 268	plus	0
CP020847.1	EF153400;cluster_I;Sinorhizobium_meliloti	78.50	414	5554150	80	8	620665	621075	40	447	3e-67	 263	plus	0
CP020847.1	AY934877;cluster_I;Sinorhizobium_sp._CCBAU_53044B	78.50	414	5554150	80	8	620665	621075	56	463	3e-67	 263	plus	0
CP020847.1	EU707160;cluster_I;Sinorhizobium_meliloti	78.50	414	5554150	80	8	620665	621075	18	425	3e-67	 263	plus	0
CP020847.1	EU252600;cluster_I;Sinorhizobium_sp._CCBAU_83317	78.50	414	5554150	80	8	620665	621075	40	447	3e-67	 263	plus	0
CP020847.1	EU386145;cluster_I;Rhizobium_sp._NGR181	79.28	391	5554150	68	11	620755	621140	44	426	1e-66	 261	plus	0
CP020847.1	AB079632;cluster_I;Rhodobacter_blasticus_DSM_2131	77.31	454	5554150	90	10	620581	621029	13	458	4e-66	 259	plus	0
CP020847.1	EF070145;cluster_I;Sinorhizobium_meliloti	78.26	414	5554150	81	8	620665	621075	9	416	1e-65	 257	plus	0
CP020847.1	EU418418;cluster_I;Sinorhizobium_meliloti	78.26	414	5554150	81	8	620665	621075	34	441	1e-65	 257	plus	0
CP020847.1	GU256450;cluster_I;Azospirillum_melinis	80.53	339	5554150	59	5	620660	620996	35	368	2e-64	 254	plus	0
CP020847.1	EF158046;cluster_I;Azospira_restricta	83.64	269	5554150	44	0	620752	621020	1	269	2e-64	 254	plus	0
CP020847.1	AB079628;cluster_I;Rhodovulum_strictum	77.09	454	5554150	91	9	620581	621029	13	458	2e-63	 250	plus	0
CP020847.1	GQ411215;cluster_I;Bacillus_sp._SUND_LM2	87.44	215	5554150	26	1	620668	620882	101	314	3e-62	 246	plus	0
CP020847.1	AB079629;cluster_I;Rhodovulum_strictum	76.92	455	5554150	92	9	620581	621030	13	459	3e-62	 246	plus	0
CP020847.1	GU256451;cluster_I;Azospirillum_picis	80.06	341	5554150	57	7	620660	620996	37	370	4e-61	 243	plus	0
CP020847.1	ADAF001432;cluster_I;Gluconacetobacter_diazotrophicus	80.84	308	5554150	50	5	620671	620975	1	302	2e-58	 233	plus	0
CP020847.1	GQ411209;cluster_I;Bacillus_megaterium	88.48	191	5554150	22	0	620667	620857	148	338	8e-58	 231	plus	0
CP020847.1	AY079181;cluster_I;Rhizobium_tropici	77.49	391	5554150	83	5	620866	621255	1	387	3e-57	 230	plus	0
CP020847.1	AB191042;cluster_I;Heliobacterium_gestii	71.32	1025	5554150	254	36	621614	622621	999	2000	1e-56	 228	plus	0
CP020847.1	EF620478;cluster_I;Azotobacter_chroococcum	79.53	337	5554150	54	15	620686	621012	1	332	4e-56	 226	plus	0
CP020847.1	EU177583;cluster_I;Sinorhizobium_meliloti	74.73	554	5554150	107	26	620587	621134	757	231	2e-53	 217	minus	0
CP020847.1	EU697999;cluster_I;Mesorhizobium_temperatum	85.78	204	5554150	27	2	620929	621131	31	233	8e-53	 215	plus	0
CP020847.1	DQ407288;cluster_I;Mesorhizobium_tianshanense	78.48	330	5554150	67	4	620923	621250	2	329	3e-52	 213	plus	0
CP020847.1	DQ407287;cluster_I;Mesorhizobium_tianshanense	78.35	328	5554150	66	5	620926	621250	4	329	1e-50	 207	plus	0
CP020847.1	DQ407295;cluster_I;Mesorhizobium_ciceri	78.40	324	5554150	66	4	620929	621250	1	322	1e-50	 207	plus	0
CP020847.1	DQ315787;cluster_I;Anabaena_variabilis_ATCC_29413	72.59	686	5554150	160	23	620581	621253	34	704	2e-48	 200	plus	0
CP020847.1	AH000924;cluster_I;Rhizobium_sp.	74.58	472	5554150	108	11	622125	622590	308	773	3e-47	 196	plus	0
CP020847.1	AH000924;cluster_I;Rhizobium_sp.	86.42	81	5554150	8	3	623386	623464	37	116	6e-14	86.1	plus	0
CP020847.1	GQ289582;cluster_III;Bradyrhizobium_japonicum	81.67	240	5554150	30	10	620818	621047	236	1	2e-44	 187	minus	0
CP020847.1	GQ289573;cluster_III;Bradyrhizobium_japonicum	80.74	244	5554150	37	6	620812	621047	242	1	8e-43	 182	minus	0
CP020847.1	AVU89346;cluster_I;Anabaena_variabilis_ATCC_29413	71.35	691	5554150	180	16	620575	621257	417	1097	3e-37	 163	plus	0
CP020847.1	Z31716;cluster_I;Nostoc_sp._PCC_6720	71.20	691	5554150	181	16	620575	621257	554	1234	1e-35	 158	plus	0
CP020847.1	FJ712276;cluster_I;Rhizobium_petrolearium	76.41	301	5554150	64	6	620665	620963	36	331	5e-35	 156	plus	0
CP020847.1	DQ364798;cluster_I;Paenibacillus_sp._GJ24	80.79	177	5554150	31	2	620818	620994	151	324	6e-29	 135	plus	0
CP020847.1	DQ364799;cluster_I;Paenibacillus_sp._GA12	80.23	177	5554150	32	2	620818	620994	151	324	3e-27	 130	plus	0
CP020847.1	EF560698;cluster_III;Chlorobaculum_macestae	76.86	229	5554150	45	5	620808	621029	222	449	5e-25	 122	plus	0
CP020847.1	AY373370;cluster_I;Paenibacillus_massiliensis	77.91	172	5554150	35	2	620823	620994	138	306	2e-19	 104	plus	0
CP020847.1	NOSGLBN;cluster_I;Nostoc_sp.	77.12	153	5554150	30	5	620575	620725	1035	1184	2e-13	84.2	plus	0
CP020847.1	RHMNIFHA;cluster_I;Sinorhizobium_meliloti	92.68	41	5554150	3	0	620665	620705	4	44	4e-06	60.2	plus	0
