CP014696.2	V00631;cluster_I;Klebsiella_pneumoniae	89.15	1770	5284734	168	22	1957112	1958870	47	1803	0.0	2183	plus	0
CP014696.2	AY242355;cluster_I;Klebsiella_pneumoniae_342	96.83	883	5284734	26	2	1957358	1958239	1	882	0.0	1474	plus	0
CP014696.2	KPNNIFH;cluster_I;Klebsiella_pneumoniae	91.25	891	5284734	76	2	1957358	1958247	1	890	0.0	1212	plus	0
CP014696.2	X96609;cluster_I;Alcaligenes_faecalis	82.24	867	5284734	148	6	1957364	1958227	612	1475	0.0	 743	plus	0
CP014696.2	FJ593768;cluster_I;Klebsiella_sp._CRPV0611a	100.00	389	5284734	0	0	1957442	1957830	1	389	0.0	 719	plus	0
CP014696.2	X03916;cluster_I;Azotobacter_chroococcum	81.73	832	5284734	148	4	1957365	1958194	345	1174	0.0	 691	plus	0
CP014696.2	AY846276;cluster_I;Klebsiella_pneumoniae	98.21	391	5284734	6	1	1957375	1957764	400	10	0.0	 682	minus	0
CP014696.2	FJ593760;cluster_I;Klebsiella_sp._CRLS064	97.94	389	5284734	8	0	1957442	1957830	1	389	0.0	 675	plus	0
CP014696.2	FJ593758;cluster_I;Klebsiella_sp._CRPV0610	97.94	389	5284734	8	0	1957442	1957830	1	389	0.0	 675	plus	0
CP014696.2	FJ593759;cluster_I;Klebsiella_sp._CRLS0617	97.94	389	5284734	8	0	1957442	1957830	1	389	0.0	 675	plus	0
CP014696.2	FJ593762;cluster_I;Klebsiella_sp._CRLI0728	97.94	389	5284734	8	0	1957442	1957830	1	389	0.0	 675	plus	0
CP014696.2	FJ593860;cluster_I;Klebsiella_sp._MNS_801b	97.69	389	5284734	9	0	1957442	1957830	1	389	0.0	 669	plus	0
CP014696.2	FJ593864;cluster_I;Klebsiella_sp._MNFG_802	97.69	389	5284734	9	0	1957442	1957830	1	389	0.0	 669	plus	0
CP014696.2	FJ593861;cluster_I;Klebsiella_sp._MNS_801a	97.69	389	5284734	9	0	1957442	1957830	1	389	0.0	 669	plus	0
CP014696.2	FJ593862;cluster_I;Klebsiella_sp._MNW_801b	97.69	389	5284734	9	0	1957442	1957830	1	389	0.0	 669	plus	0
CP014696.2	FJ593863;cluster_I;Klebsiella_sp._MNFG_801b	97.69	389	5284734	9	0	1957442	1957830	1	389	0.0	 669	plus	0
CP014696.2	FJ593769;cluster_I;Klebsiella_sp._P0646	97.69	389	5284734	9	0	1957442	1957830	1	389	0.0	 669	plus	0
CP014696.2	FJ593767;cluster_I;Klebsiella_sp._P0643	97.69	389	5284734	9	0	1957442	1957830	1	389	0.0	 669	plus	0
CP014696.2	FJ593766;cluster_I;Klebsiella_sp._P0640	97.69	389	5284734	9	0	1957442	1957830	1	389	0.0	 669	plus	0
CP014696.2	FJ593765;cluster_I;Klebsiella_sp._P0638	97.69	389	5284734	9	0	1957442	1957830	1	389	0.0	 669	plus	0
CP014696.2	FJ593761;cluster_I;Klebsiella_sp._CRLI0730	97.69	389	5284734	9	0	1957442	1957830	1	389	0.0	 669	plus	0
CP014696.2	FJ593757;cluster_I;Klebsiella_sp._CRLS069a	97.69	389	5284734	9	0	1957442	1957830	1	389	0.0	 669	plus	0
CP014696.2	FJ593763;cluster_I;Klebsiella_sp._CRLI0718a	97.43	389	5284734	10	0	1957442	1957830	1	389	0.0	 664	plus	0
CP014696.2	FJ593756;cluster_I;Klebsiella_sp._CRLI0715	97.43	389	5284734	10	0	1957442	1957830	1	389	0.0	 664	plus	0
CP014696.2	FJ593764;cluster_I;Klebsiella_sp._CRLI0713	97.43	389	5284734	10	0	1957442	1957830	1	389	0.0	 664	plus	0
CP014696.2	FJ593866;cluster_I;Klebsiella_sp._AL060225_04	97.17	389	5284734	11	0	1957442	1957830	1	389	0.0	 658	plus	0
CP014696.2	FJ593865;cluster_I;Klebsiella_sp._AL050511_01	97.17	389	5284734	11	0	1957442	1957830	1	389	0.0	 658	plus	0
CP014696.2	X13519;cluster_I;Azotobacter_vinelandii	80.91	833	5284734	153	5	1957365	1958194	221	1050	0.0	 652	plus	0
CP014696.2	AB189641;cluster_I;Halorhodospira_halophila	80.45	803	5284734	153	4	1957379	1958179	231	1031	8e-172	 610	plus	0
CP014696.2	EU938522;cluster_I;Burkholderia_sp._gx97	96.38	359	5284734	13	0	1957472	1957830	1	359	3e-166	 592	plus	0
CP014696.2	DQ821722;cluster_I;Sphingomonas_sp._Y49	99.69	322	5284734	1	0	1957492	1957813	1	322	1e-165	 590	plus	0
CP014696.2	FJ822998;cluster_I;Klebsiella_sp._gx-3	96.10	359	5284734	14	0	1957472	1957830	362	4	1e-164	 586	minus	0
CP014696.2	AY367392;cluster_I;Klebsiella_variicola	97.92	336	5284734	7	0	1957472	1957807	2	337	2e-163	 582	plus	0
CP014696.2	DQ821723;cluster_I;Klebsiella_sp._Y57	99.07	322	5284734	3	0	1957492	1957813	1	322	2e-162	 579	plus	0
CP014696.2	FJ822994;cluster_I;Sinorhizobium_sp._gx-153	96.25	347	5284734	13	0	1957484	1957830	350	4	1e-159	 569	minus	0
CP014696.2	AY367394;cluster_I;Klebsiella_variicola	97.30	333	5284734	9	0	1957472	1957804	2	334	2e-158	 566	plus	0
CP014696.2	AY367393;cluster_I;Klebsiella_variicola	96.73	336	5284734	11	0	1957495	1957830	1	336	8e-157	 560	plus	0
CP014696.2	AY367395;cluster_I;Klebsiella_variicola	96.73	336	5284734	11	0	1957495	1957830	1	336	8e-157	 560	plus	0
CP014696.2	FJ593867;cluster_I;Klebsiella_sp._AL060224_03	91.77	389	5284734	32	0	1957442	1957830	1	389	3e-151	 542	plus	0
CP014696.2	AB270756;cluster_I;Klebsiella_pneumoniae	97.18	319	5284734	9	0	1957471	1957789	42	360	1e-150	 540	plus	0
CP014696.2	DQ364801;cluster_I;Klebsiella_sp._BM92	96.56	320	5284734	11	0	1957469	1957788	1	320	7e-148	 531	plus	0
CP014696.2	KSU32183;cluster_I;Klebsiella_sp.	93.22	339	5284734	22	1	1957409	1957746	1	339	2e-142	 512	plus	0
CP014696.2	GQ381287;cluster_I;Klebsiella_sp._SZ7-2	90.25	359	5284734	32	2	1957472	1957830	1	356	2e-128	 466	plus	0
CP014696.2	FJ593868;cluster_I;Enterobacter_sp._MTP_050512_17	87.66	389	5284734	48	0	1957442	1957830	1	389	1e-124	 453	plus	0
CP014696.2	EU622783;cluster_I;Thiocapsa_bogorovii	84.98	426	5284734	62	2	1957406	1957830	25	449	7e-118	 431	plus	0
CP014696.2	EF199951;cluster_I;Halorhodospira_halophila	83.74	449	5284734	73	0	1957382	1957830	1	449	3e-116	 425	plus	0
CP014696.2	AY221827;cluster_I;Klebsiella_oxytoca_KCTC_1686	89.91	327	5284734	33	0	1957490	1957816	1	327	4e-115	 422	plus	0
CP014696.2	FJ593869;cluster_I;Pantoea_sp._EC080527_02	86.12	389	5284734	54	0	1957442	1957830	1	389	1e-114	 420	plus	0
CP014696.2	FJ593776;cluster_I;Pantoea_sp._CRLI0712a	86.12	389	5284734	54	0	1957442	1957830	1	389	1e-114	 420	plus	0
CP014696.2	FJ593775;cluster_I;Pantoea_sp._CRLS0621	86.12	389	5284734	54	0	1957442	1957830	1	389	1e-114	 420	plus	0
CP014696.2	FJ593773;cluster_I;Pantoea_sp._P0356	86.12	389	5284734	54	0	1957442	1957830	1	389	1e-114	 420	plus	0
CP014696.2	AY373369;cluster_I;Bacillus_cereus	89.60	327	5284734	34	0	1957469	1957795	5	331	2e-113	 416	plus	0
CP014696.2	AY373368;cluster_I;Paenibacillus_sp._g2	89.60	327	5284734	34	0	1957469	1957795	1	327	2e-113	 416	plus	0
CP014696.2	FJ593777;cluster_I;Pantoea_sp._CRLI0725a	85.86	389	5284734	55	0	1957442	1957830	1	389	7e-113	 414	plus	0
CP014696.2	FJ593779;cluster_I;Pantoea_sp._A0305	85.86	389	5284734	55	0	1957442	1957830	1	389	7e-113	 414	plus	0
CP014696.2	FJ593780;cluster_I;Pantoea_sp._P0352	85.86	389	5284734	55	0	1957442	1957830	1	389	7e-113	 414	plus	0
CP014696.2	FJ593778;cluster_I;Pantoea_sp._P0359	85.86	389	5284734	55	0	1957442	1957830	1	389	7e-113	 414	plus	0
CP014696.2	FJ593774;cluster_I;Pantoea_sp._A0310	85.86	389	5284734	55	0	1957442	1957830	1	389	7e-113	 414	plus	0
CP014696.2	AY373371;cluster_I;Bacillus_sp._w5	89.30	327	5284734	35	0	1957469	1957795	1	327	9e-112	 411	plus	0
CP014696.2	FJ347418;cluster_I;Bradyrhizobium_sp._ORS_277	80.25	557	5284734	97	12	1957486	1958037	1	549	3e-111	 409	plus	0
CP014696.2	FJ347438;cluster_I;Bradyrhizobium_sp._ORS_330	80.25	557	5284734	97	12	1957486	1958037	1	549	1e-110	 407	plus	0
CP014696.2	HM047125;cluster_I;Bradyrhizobium_denitrificans	79.33	595	5284734	112	10	1957461	1958051	32	619	1e-110	 407	plus	0
CP014696.2	GQ381290;cluster_I;Klebsiella_pneumoniae	89.87	316	5284734	31	1	1957515	1957830	17	331	4e-110	 405	plus	0
CP014696.2	FJ347445;cluster_I;Bradyrhizobium_sp._ORS_361	79.64	560	5284734	103	10	1957486	1958041	1	553	4e-110	 405	plus	0
CP014696.2	FJ347424;cluster_I;Bradyrhizobium_sp._ORS_298	79.30	570	5284734	107	10	1957486	1958051	1	563	4e-110	 405	plus	0
CP014696.2	FJ032021;cluster_I;Klebsiella_sp._BN-4A	90.29	309	5284734	30	0	1957456	1957764	1	309	4e-110	 405	plus	0
CP014696.2	AY367396;cluster_I;Raoultella_terrigena	88.55	332	5284734	38	0	1957472	1957803	1	332	1e-109	 403	plus	0
CP014696.2	AY373365;cluster_I;Bacillus_megaterium	89.38	320	5284734	34	0	1957469	1957788	1	320	1e-109	 403	plus	0
CP014696.2	FJ347446;cluster_I;Bradyrhizobium_sp._ORS_372	79.89	557	5284734	99	12	1957486	1958037	1	549	5e-109	 401	plus	0
CP014696.2	FJ347443;cluster_I;Bradyrhizobium_sp._ORS_356	79.46	560	5284734	104	10	1957486	1958041	1	553	5e-109	 401	plus	0
CP014696.2	FJ347427;cluster_I;Bradyrhizobium_sp._ORS_303	79.46	560	5284734	104	10	1957486	1958041	1	553	5e-109	 401	plus	0
CP014696.2	GQ381289;cluster_I;Paenibacillus_sp._SZ002	90.00	310	5284734	30	1	1957521	1957830	19	327	2e-108	 399	plus	0
CP014696.2	FJ347434;cluster_I;Bradyrhizobium_sp._ORS_318	79.50	556	5284734	103	10	1957486	1958037	1	549	2e-108	 399	plus	0
CP014696.2	FJ347430;cluster_I;Bradyrhizobium_sp._ORS_307	79.53	557	5284734	101	12	1957486	1958037	1	549	2e-108	 399	plus	0
CP014696.2	FJ347422;cluster_I;Bradyrhizobium_sp._ORS_294	79.50	556	5284734	103	10	1957486	1958037	1	549	2e-108	 399	plus	0
CP014696.2	FJ822999;cluster_I;Stenotrophomonas_sp._gx-44	86.50	363	5284734	47	2	1957472	1957833	362	1	7e-108	 398	minus	0
CP014696.2	FJ822996;cluster_I;Kluyvera_ascorbata	86.46	362	5284734	49	0	1957472	1957833	362	1	7e-108	 398	minus	0
CP014696.2	FJ347449;cluster_I;Bradyrhizobium_sp._ORS_391	79.82	560	5284734	102	10	1957486	1958041	1	553	7e-108	 398	plus	0
CP014696.2	FJ347436;cluster_I;Bradyrhizobium_sp._ORS_327	79.51	571	5284734	104	12	1957486	1958051	1	563	7e-108	 398	plus	0
CP014696.2	FJ347439;cluster_I;Bradyrhizobium_sp._ORS_331	79.82	560	5284734	102	10	1957486	1958041	1	553	7e-108	 398	plus	0
CP014696.2	EU622788;cluster_I;Allochromatium_minutissimum	82.67	450	5284734	76	2	1957382	1957830	1	449	7e-108	 398	plus	0
CP014696.2	FJ347421;cluster_I;Bradyrhizobium_sp._ORS_287	79.53	557	5284734	101	12	1957486	1958037	1	549	2e-107	 396	plus	0
CP014696.2	FJ347420;cluster_I;Bradyrhizobium_sp._ORS_285	79.51	571	5284734	104	12	1957486	1958051	1	563	2e-107	 396	plus	0
CP014696.2	EF200511;cluster_I;Klebsiella_sp._TT001	90.13	304	5284734	30	0	1957502	1957805	1	304	2e-107	 396	plus	0
CP014696.2	EF200510;cluster_I;Klebsiella_sp._NTI31	90.13	304	5284734	30	0	1957502	1957805	1	304	2e-107	 396	plus	0
CP014696.2	AY373366;cluster_I;Bacillus_sp._c6	88.38	327	5284734	38	0	1957469	1957795	1	327	9e-107	 394	plus	0
CP014696.2	FJ032022;cluster_I;Klebsiella_sp._AF-4C	89.64	309	5284734	32	0	1957456	1957764	3	311	9e-107	 394	plus	0
CP014696.2	FJ347423;cluster_I;Bradyrhizobium_sp._ORS_297	79.71	557	5284734	100	12	1957486	1958037	1	549	3e-106	 392	plus	0
CP014696.2	FJ347448;cluster_I;Bradyrhizobium_sp._ORS_377	79.46	560	5284734	104	10	1957486	1958041	1	553	1e-105	 390	plus	0
CP014696.2	FJ347426;cluster_I;Bradyrhizobium_sp._ORS_301	79.35	557	5284734	102	12	1957486	1958037	1	549	1e-105	 390	plus	0
CP014696.2	FJ347435;cluster_I;Bradyrhizobium_sp._ORS_324	79.32	556	5284734	104	10	1957486	1958037	1	549	4e-105	 388	plus	0
CP014696.2	FJ347441;cluster_I;Bradyrhizobium_sp._ORS_344	78.99	557	5284734	104	12	1957486	1958037	1	549	4e-105	 388	plus	0
CP014696.2	AF545637;cluster_I;Pantoea_agglomerans	86.27	357	5284734	49	0	1957400	1957756	4	360	4e-105	 388	plus	0
CP014696.2	FJ347447;cluster_I;Bradyrhizobium_sp._ORS_375	78.82	557	5284734	105	12	1957486	1958037	1	549	5e-104	 385	plus	0
CP014696.2	DQ364804;cluster_I;Klebsiella_sp._JT42	87.80	328	5284734	38	2	1957469	1957795	1	327	2e-103	 383	plus	0
CP014696.2	GQ289574;cluster_I/IA;Bradyrhizobium_japonicum	81.68	464	5284734	79	6	1957388	1957848	461	1	7e-103	 381	minus	0
CP014696.2	FJ347451;cluster_I;Bradyrhizobium_sp._ORS_400	78.70	568	5284734	110	10	1957486	1958049	1	561	7e-103	 381	plus	0
CP014696.2	FJ347437;cluster_I;Bradyrhizobium_sp._ORS_328	78.79	561	5284734	106	12	1957486	1958041	1	553	7e-103	 381	plus	0
CP014696.2	EF199950;cluster_I;Halorhodospira_halochloris	81.96	449	5284734	81	0	1957382	1957830	1	449	7e-103	 381	plus	0
CP014696.2	FJ347425;cluster_I;Bradyrhizobium_sp._ORS_300	78.97	561	5284734	105	12	1957486	1958041	1	553	3e-102	 379	plus	0
CP014696.2	FJ347419;cluster_I;Bradyrhizobium_sp._ORS_279	78.61	561	5284734	107	12	1957486	1958041	1	553	3e-101	 375	plus	0
CP014696.2	GU001618;cluster_I;Bradyrhizobium_cytisi	78.30	599	5284734	111	17	1957461	1958051	26	613	5e-99	 368	plus	0
CP014696.2	GU001626;cluster_I;Bradyrhizobium_japonicum	77.73	633	5284734	116	22	1957430	1958051	675	57	7e-98	 364	minus	0
CP014696.2	GU001631;cluster_I;Bradyrhizobium_japonicum	77.73	633	5284734	116	22	1957430	1958051	675	57	7e-98	 364	minus	0
CP014696.2	GU001628;cluster_I;Bradyrhizobium_japonicum	77.73	633	5284734	116	22	1957430	1958051	675	57	7e-98	 364	minus	0
CP014696.2	FJ822997;cluster_I;Pseudomonas_sp._gx-127	84.96	359	5284734	54	0	1957472	1957830	362	4	7e-98	 364	minus	0
CP014696.2	EU938523;cluster_I;Erwinia_sp._gx104	84.96	359	5284734	54	0	1957472	1957830	1	359	7e-98	 364	plus	0
CP014696.2	FJ347433;cluster_I;Bradyrhizobium_sp._ORS_310	78.04	560	5284734	112	10	1957486	1958041	1	553	9e-97	 361	plus	0
CP014696.2	GU001633;cluster_I;Bradyrhizobium_canariense	77.41	633	5284734	118	22	1957430	1958051	675	57	2e-94	 353	minus	0
CP014696.2	GU001627;cluster_I;Bradyrhizobium_rifense	77.70	601	5284734	111	20	1957461	1958051	26	613	3e-92	 346	plus	0
CP014696.2	GU001619;cluster_I;Bradyrhizobium_cytisi	77.54	601	5284734	112	20	1957461	1958051	26	613	1e-90	 340	plus	0
CP014696.2	DQ821718;cluster_I;Enterobacter_sp._Y4	85.76	323	5284734	44	2	1957492	1957813	1	322	1e-90	 340	plus	0
CP014696.2	DQ821725;cluster_I;Micrococcus_sp._Y70	85.76	323	5284734	44	2	1957492	1957813	1	322	1e-90	 340	plus	0
CP014696.2	DQ821719;cluster_I;Enterobacter_sp._Y11	85.45	323	5284734	45	2	1957492	1957813	1	322	6e-89	 335	plus	0
CP014696.2	GQ289580;cluster_I/IA;Bradyrhizobium_japonicum	79.74	464	5284734	88	6	1957388	1957848	461	1	7e-88	 331	minus	0
CP014696.2	DQ029203;cluster_I;Azonexus_caeni	85.43	302	5284734	44	0	1957517	1957818	6	307	7e-83	 315	plus	0
CP014696.2	FJ687518;cluster_I;Pseudomonas_sp._IPPW-3	82.14	364	5284734	61	4	1957472	1957833	1	362	3e-81	 309	plus	0
CP014696.2	GU256446;cluster_I;Azospirillum_canadense	81.63	381	5284734	61	5	1957433	1957810	1	375	1e-80	 307	plus	0
CP014696.2	AF484657;cluster_I;Methylobacterium_sp._xct7	78.83	463	5284734	86	11	1957477	1957935	1	455	6e-79	 302	plus	0
CP014696.2	AY351672;cluster_I;Azotobacter_chroococcum	83.18	321	5284734	54	0	1957490	1957810	1	321	9e-77	 294	plus	0
CP014696.2	AY768690;cluster_I;Azonexus_fungiphilus	83.28	323	5284734	50	4	1957490	1957810	1	321	9e-77	 294	plus	0
CP014696.2	AB489139;cluster_I;Paenibacillus_abekawaensis	77.57	477	5284734	98	9	1957618	1958091	433	903	3e-72	 279	plus	0
CP014696.2	DQ393890;cluster_I;Azospirillum_canadense	81.36	354	5284734	55	7	1957481	1957830	351	5	9e-72	 278	minus	0
CP014696.2	FJ687521;cluster_I;Aeromonas_sp._IPPW-29	80.60	366	5284734	60	11	1957472	1957833	1	359	4e-70	 272	plus	0
CP014696.2	FJ687517;cluster_I;Pseudomonas_sp._IPPW-2	80.60	366	5284734	60	11	1957472	1957833	1	359	4e-70	 272	plus	0
CP014696.2	AY624581;Unclassified;Gluconacetobacter_azotocaptans	75.51	584	5284734	128	14	1958415	1958989	680	1257	4e-70	 272	plus	0
CP014696.2	EF158046;cluster_I;Azospira_restricta	84.39	269	5284734	42	0	1957553	1957821	1	269	7e-68	 265	plus	0
CP014696.2	AF285967;cluster_I;Sinorhizobium_sp._S005	77.55	432	5284734	86	10	1957622	1958049	13	437	2e-63	 250	plus	0
CP014696.2	GQ411215;cluster_I;Bacillus_sp._SUND_LM2	87.44	215	5284734	26	1	1957469	1957683	101	314	3e-62	 246	plus	0
CP014696.2	GQ411209;cluster_I;Bacillus_megaterium	88.48	191	5284734	22	0	1957468	1957658	148	338	7e-58	 231	plus	0
CP014696.2	AB191042;cluster_I;Heliobacterium_gestii	71.32	1025	5284734	254	36	1958415	1959422	999	2000	1e-56	 228	plus	0
CP014696.2	AH000924;cluster_I;Rhizobium_sp.	73.51	589	5284734	133	17	1958819	1959391	192	773	6e-49	 202	plus	0
CP014696.2	DQ315787;cluster_I;Anabaena_variabilis_ATCC_29413	72.45	686	5284734	161	23	1957382	1958054	34	704	1e-46	 195	plus	0
CP014696.2	AVU89346;cluster_I;Anabaena_variabilis_ATCC_29413	71.49	691	5284734	179	16	1957376	1958058	417	1097	6e-39	 169	plus	0
CP014696.2	Z31716;cluster_I;Nostoc_sp._PCC_6720	71.35	691	5284734	180	16	1957376	1958058	554	1234	3e-37	 163	plus	0
CP014696.2	AB264111;cluster_I;Cyanothece_sp._SKTU126	80.75	213	5284734	38	1	1957622	1957834	150	359	3e-37	 163	plus	0
CP014696.2	AB264107;cluster_I;Gloeothece_sp._KO11DG	80.28	213	5284734	39	1	1957622	1957834	150	359	1e-35	 158	plus	0
CP014696.2	AB264110;cluster_I;Gloeothece_sp._KO68DGA	79.81	213	5284734	40	1	1957622	1957834	150	359	6e-34	 152	plus	0
CP014696.2	EF560698;cluster_III;Chlorobaculum_macestae	77.19	228	5284734	46	3	1957609	1957830	222	449	1e-26	 128	plus	0
CP014696.2	AY768416;cluster_I;Lyngbya_aestuarii_PCC_7419	78.53	191	5284734	38	3	1957619	1957809	139	326	5e-25	 122	plus	0
CP014696.2	NOSGLBN;cluster_I;Nostoc_sp.	78.29	129	5284734	26	2	1957376	1957503	1035	1162	8e-13	82.4	plus	0
