CP030171.1	V00631;cluster_I;Klebsiella_pneumoniae	89.14	1768	5542544	172	16	1881498	1883256	1803	47	0.0	2183	minus	0
CP030171.1	AY242355;cluster_I;Klebsiella_pneumoniae_342	96.26	883	5542544	31	2	1882129	1883010	882	1	0.0	1447	minus	0
CP030171.1	KPNNIFH;cluster_I;Klebsiella_pneumoniae	91.36	891	5542544	75	2	1882121	1883010	890	1	0.0	1218	minus	0
CP030171.1	X96609;cluster_I;Alcaligenes_faecalis	82.37	868	5542544	145	8	1882141	1883004	1475	612	0.0	 749	minus	0
CP030171.1	AVIMONFE;cluster_I;Azotobacter_chroococcum	82.36	839	5542544	135	10	1882174	1883004	1077	244	0.0	 717	minus	0
CP030171.1	X03916;cluster_I;Azotobacter_chroococcum	81.87	833	5542544	145	6	1882174	1883003	1174	345	0.0	 697	minus	0
CP030171.1	FJ593769;cluster_I;Klebsiella_sp._P0646	98.20	389	5542544	7	0	1882538	1882926	389	1	0.0	 680	minus	0
CP030171.1	FJ593768;cluster_I;Klebsiella_sp._CRPV0611a	97.94	389	5542544	8	0	1882538	1882926	389	1	0.0	 675	minus	0
CP030171.1	FJ593767;cluster_I;Klebsiella_sp._P0643	97.69	389	5542544	9	0	1882538	1882926	389	1	0.0	 669	minus	0
CP030171.1	FJ593766;cluster_I;Klebsiella_sp._P0640	97.69	389	5542544	9	0	1882538	1882926	389	1	0.0	 669	minus	0
CP030171.1	FJ593765;cluster_I;Klebsiella_sp._P0638	97.69	389	5542544	9	0	1882538	1882926	389	1	0.0	 669	minus	0
CP030171.1	FJ593757;cluster_I;Klebsiella_sp._CRLS069a	97.69	389	5542544	9	0	1882538	1882926	389	1	0.0	 669	minus	0
CP030171.1	FJ593760;cluster_I;Klebsiella_sp._CRLS064	97.43	389	5542544	10	0	1882538	1882926	389	1	0.0	 664	minus	0
CP030171.1	FJ593763;cluster_I;Klebsiella_sp._CRLI0718a	97.43	389	5542544	10	0	1882538	1882926	389	1	0.0	 664	minus	0
CP030171.1	FJ593756;cluster_I;Klebsiella_sp._CRLI0715	97.43	389	5542544	10	0	1882538	1882926	389	1	0.0	 664	minus	0
CP030171.1	FJ593758;cluster_I;Klebsiella_sp._CRPV0610	97.43	389	5542544	10	0	1882538	1882926	389	1	0.0	 664	minus	0
CP030171.1	FJ593759;cluster_I;Klebsiella_sp._CRLS0617	97.43	389	5542544	10	0	1882538	1882926	389	1	0.0	 664	minus	0
CP030171.1	FJ593764;cluster_I;Klebsiella_sp._CRLI0713	97.43	389	5542544	10	0	1882538	1882926	389	1	0.0	 664	minus	0
CP030171.1	FJ593762;cluster_I;Klebsiella_sp._CRLI0728	97.43	389	5542544	10	0	1882538	1882926	389	1	0.0	 664	minus	0
CP030171.1	X13519;cluster_I;Azotobacter_vinelandii	81.18	834	5542544	149	7	1882174	1883003	1050	221	0.0	 664	minus	0
CP030171.1	FJ593866;cluster_I;Klebsiella_sp._AL060225_04	97.17	389	5542544	11	0	1882538	1882926	389	1	0.0	 658	minus	0
CP030171.1	FJ593865;cluster_I;Klebsiella_sp._AL050511_01	97.17	389	5542544	11	0	1882538	1882926	389	1	0.0	 658	minus	0
CP030171.1	FJ593860;cluster_I;Klebsiella_sp._MNS_801b	97.17	389	5542544	11	0	1882538	1882926	389	1	0.0	 658	minus	0
CP030171.1	FJ593864;cluster_I;Klebsiella_sp._MNFG_802	97.17	389	5542544	11	0	1882538	1882926	389	1	0.0	 658	minus	0
CP030171.1	FJ593861;cluster_I;Klebsiella_sp._MNS_801a	97.17	389	5542544	11	0	1882538	1882926	389	1	0.0	 658	minus	0
CP030171.1	FJ593862;cluster_I;Klebsiella_sp._MNW_801b	97.17	389	5542544	11	0	1882538	1882926	389	1	0.0	 658	minus	0
CP030171.1	FJ593863;cluster_I;Klebsiella_sp._MNFG_801b	97.17	389	5542544	11	0	1882538	1882926	389	1	0.0	 658	minus	0
CP030171.1	FJ593761;cluster_I;Klebsiella_sp._CRLI0730	97.17	389	5542544	11	0	1882538	1882926	389	1	0.0	 658	minus	0
CP030171.1	AY846276;cluster_I;Klebsiella_pneumoniae	96.16	391	5542544	14	1	1882604	1882993	10	400	4e-180	 638	plus	0
CP030171.1	AB189641;cluster_I;Halorhodospira_halophila	80.57	803	5542544	152	4	1882189	1882989	1031	231	2e-173	 616	minus	0
CP030171.1	EU938522;cluster_I;Burkholderia_sp._gx97	96.66	359	5542544	12	0	1882538	1882896	359	1	7e-168	 597	minus	0
CP030171.1	FJ822998;cluster_I;Klebsiella_sp._gx-3	96.38	359	5542544	13	0	1882538	1882896	4	362	3e-166	 592	plus	0
CP030171.1	AY367392;cluster_I;Klebsiella_variicola	98.21	336	5542544	6	0	1882561	1882896	337	2	4e-165	 588	minus	0
CP030171.1	FJ822994;cluster_I;Sinorhizobium_sp._gx-153	96.54	347	5542544	12	0	1882538	1882884	4	350	3e-161	 575	plus	0
CP030171.1	AY367394;cluster_I;Klebsiella_variicola	97.60	333	5542544	8	0	1882564	1882896	334	2	4e-160	 571	minus	0
CP030171.1	DQ821722;cluster_I;Sphingomonas_sp._Y49	98.14	322	5542544	6	0	1882555	1882876	322	1	2e-157	 562	minus	0
CP030171.1	AY367393;cluster_I;Klebsiella_variicola	96.73	336	5542544	11	0	1882538	1882873	336	1	9e-157	 560	minus	0
CP030171.1	AY367395;cluster_I;Klebsiella_variicola	96.73	336	5542544	11	0	1882538	1882873	336	1	9e-157	 560	minus	0
CP030171.1	FJ593867;cluster_I;Klebsiella_sp._AL060224_03	92.54	389	5542544	29	0	1882538	1882926	389	1	3e-156	 558	minus	0
CP030171.1	AJ563286;cluster_I;Dechloromonas_sp._SIUL	81.71	667	5542544	118	4	1882253	1882917	677	13	1e-154	 553	minus	0
CP030171.1	DQ821723;cluster_I;Klebsiella_sp._Y57	97.52	322	5542544	8	0	1882555	1882876	322	1	5e-154	 551	minus	0
CP030171.1	AB270756;cluster_I;Klebsiella_pneumoniae	97.49	319	5542544	8	0	1882579	1882897	360	42	2e-152	 545	minus	0
CP030171.1	DQ364801;cluster_I;Klebsiella_sp._BM92	96.88	320	5542544	10	0	1882580	1882899	320	1	1e-149	 536	minus	0
CP030171.1	KSU32183;cluster_I;Klebsiella_sp.	93.22	339	5542544	22	1	1882622	1882959	339	1	2e-142	 512	minus	0
CP030171.1	GQ381287;cluster_I;Klebsiella_sp._SZ7-2	90.25	359	5542544	32	2	1882538	1882896	356	1	2e-128	 466	minus	0
CP030171.1	AY221827;cluster_I;Klebsiella_oxytoca_KCTC_1686	91.13	327	5542544	29	0	1882552	1882878	327	1	9e-122	 444	minus	0
CP030171.1	AF031817;cluster_I;Rhodobacter_sphaeroides	76.83	820	5542544	166	19	1882186	1882993	1090	283	1e-120	 440	minus	0
CP030171.1	AY373368;cluster_I;Paenibacillus_sp._g2	90.83	327	5542544	30	0	1882573	1882899	327	1	4e-120	 438	minus	0
CP030171.1	FJ593777;cluster_I;Pantoea_sp._CRLI0725a	86.38	389	5542544	53	0	1882538	1882926	389	1	3e-116	 425	minus	0
CP030171.1	FJ593779;cluster_I;Pantoea_sp._A0305	86.38	389	5542544	53	0	1882538	1882926	389	1	3e-116	 425	minus	0
CP030171.1	FJ593780;cluster_I;Pantoea_sp._P0352	86.38	389	5542544	53	0	1882538	1882926	389	1	3e-116	 425	minus	0
CP030171.1	FJ593778;cluster_I;Pantoea_sp._P0359	86.38	389	5542544	53	0	1882538	1882926	389	1	3e-116	 425	minus	0
CP030171.1	AB542353;cluster_I;Azospirillum_sp._TSA36t	79.39	626	5542544	112	14	1882289	1882907	638	23	3e-116	 425	minus	0
CP030171.1	AY367396;cluster_I;Raoultella_terrigena	89.76	332	5542544	34	0	1882565	1882896	332	1	3e-116	 425	minus	0
CP030171.1	AY373369;cluster_I;Bacillus_cereus	89.91	327	5542544	33	0	1882573	1882899	331	5	4e-115	 422	minus	0
CP030171.1	FJ593869;cluster_I;Pantoea_sp._EC080527_02	86.12	389	5542544	54	0	1882538	1882926	389	1	2e-114	 420	minus	0
CP030171.1	FJ593776;cluster_I;Pantoea_sp._CRLI0712a	86.12	389	5542544	54	0	1882538	1882926	389	1	2e-114	 420	minus	0
CP030171.1	FJ593775;cluster_I;Pantoea_sp._CRLS0621	86.12	389	5542544	54	0	1882538	1882926	389	1	2e-114	 420	minus	0
CP030171.1	FJ593773;cluster_I;Pantoea_sp._P0356	86.12	389	5542544	54	0	1882538	1882926	389	1	2e-114	 420	minus	0
CP030171.1	EF199951;cluster_I;Halorhodospira_halophila	83.56	450	5542544	72	2	1882538	1882986	449	1	2e-114	 420	minus	0
CP030171.1	AY373371;cluster_I;Bacillus_sp._w5	89.60	327	5542544	34	0	1882573	1882899	327	1	2e-113	 416	minus	0
CP030171.1	FJ593774;cluster_I;Pantoea_sp._A0310	85.86	389	5542544	55	0	1882538	1882926	389	1	7e-113	 414	minus	0
CP030171.1	AY373365;cluster_I;Bacillus_megaterium	89.69	320	5542544	33	0	1882580	1882899	320	1	3e-111	 409	minus	0
CP030171.1	EF200511;cluster_I;Klebsiella_sp._TT001	90.79	304	5542544	28	0	1882563	1882866	304	1	1e-110	 407	minus	0
CP030171.1	EF200510;cluster_I;Klebsiella_sp._NTI31	90.79	304	5542544	28	0	1882563	1882866	304	1	1e-110	 407	minus	0
CP030171.1	FJ032021;cluster_I;Klebsiella_sp._BN-4A	90.29	309	5542544	30	0	1882604	1882912	309	1	4e-110	 405	minus	0
CP030171.1	DQ364804;cluster_I;Klebsiella_sp._JT42	89.02	328	5542544	34	2	1882573	1882899	327	1	4e-110	 405	minus	0
CP030171.1	GQ381290;cluster_I;Klebsiella_pneumoniae	89.41	321	5542544	32	2	1882538	1882858	331	13	2e-109	 403	minus	0
CP030171.1	AB542349;cluster_I;Azospirillum_sp._TSA20c	78.75	626	5542544	116	15	1882289	1882907	644	29	2e-109	 403	minus	0
CP030171.1	AB542346;cluster_I;Azospirillum_sp._TSA16	78.75	626	5542544	116	15	1882289	1882907	623	8	2e-109	 403	minus	0
CP030171.1	AB542338;cluster_I;Azospirillum_sp._TSA6c	78.72	625	5542544	116	15	1882290	1882907	643	29	6e-109	 401	minus	0
CP030171.1	AF545637;cluster_I;Pantoea_agglomerans	86.83	357	5542544	47	0	1882612	1882968	360	4	2e-108	 399	minus	0
CP030171.1	AY373366;cluster_I;Bacillus_sp._c6	88.69	327	5542544	37	0	1882573	1882899	327	1	2e-108	 399	minus	0
CP030171.1	FJ822999;cluster_I;Stenotrophomonas_sp._gx-44	86.50	363	5542544	47	2	1882535	1882896	1	362	7e-108	 398	plus	0
CP030171.1	FJ347449;cluster_I;Bradyrhizobium_sp._ORS_391	79.79	559	5542544	104	8	1882327	1882882	553	1	7e-108	 398	minus	0
CP030171.1	FJ347439;cluster_I;Bradyrhizobium_sp._ORS_331	79.79	559	5542544	104	8	1882327	1882882	553	1	7e-108	 398	minus	0
CP030171.1	GQ381289;cluster_I;Paenibacillus_sp._SZ002	89.10	321	5542544	32	3	1882538	1882858	327	10	3e-107	 396	minus	0
CP030171.1	HM047125;cluster_I;Bradyrhizobium_denitrificans	78.96	594	5542544	116	8	1882317	1882907	619	32	3e-107	 396	minus	0
CP030171.1	FJ032022;cluster_I;Klebsiella_sp._AF-4C	89.64	309	5542544	32	0	1882604	1882912	311	3	9e-107	 394	minus	0
CP030171.1	FJ347448;cluster_I;Bradyrhizobium_sp._ORS_377	79.43	559	5542544	106	8	1882327	1882882	553	1	1e-105	 390	minus	0
CP030171.1	FJ347438;cluster_I;Bradyrhizobium_sp._ORS_330	79.71	557	5542544	100	12	1882331	1882882	549	1	1e-105	 390	minus	0
CP030171.1	AB542360;cluster_I;Azospirillum_sp._TSH19	79.38	577	5542544	102	15	1882312	1882881	568	2	1e-105	 390	minus	0
CP030171.1	FJ347445;cluster_I;Bradyrhizobium_sp._ORS_361	79.11	560	5542544	106	10	1882327	1882882	553	1	4e-105	 388	minus	0
CP030171.1	AB542367;cluster_I;Azospirillum_sp._TSH100	79.34	576	5542544	102	15	1882312	1882880	566	1	4e-105	 388	minus	0
CP030171.1	FJ822996;cluster_I;Kluyvera_ascorbata	85.91	362	5542544	51	0	1882535	1882896	1	362	2e-104	 387	plus	0
CP030171.1	FJ347446;cluster_I;Bradyrhizobium_sp._ORS_372	79.35	557	5542544	102	12	1882331	1882882	549	1	2e-104	 387	minus	0
CP030171.1	FJ347430;cluster_I;Bradyrhizobium_sp._ORS_307	79.17	557	5542544	103	12	1882331	1882882	549	1	2e-104	 387	minus	0
CP030171.1	EU622788;cluster_I;Allochromatium_minutissimum	82.26	451	5542544	76	4	1882538	1882986	449	1	2e-104	 387	minus	0
CP030171.1	FJ347443;cluster_I;Bradyrhizobium_sp._ORS_356	78.93	560	5542544	107	10	1882327	1882882	553	1	6e-104	 385	minus	0
CP030171.1	FJ347418;cluster_I;Bradyrhizobium_sp._ORS_277	79.53	557	5542544	101	12	1882331	1882882	549	1	6e-104	 385	minus	0
CP030171.1	FJ347434;cluster_I;Bradyrhizobium_sp._ORS_318	78.96	556	5542544	106	10	1882331	1882882	549	1	2e-103	 383	minus	0
CP030171.1	FJ347422;cluster_I;Bradyrhizobium_sp._ORS_294	78.96	556	5542544	106	10	1882331	1882882	549	1	2e-103	 383	minus	0
CP030171.1	FJ347424;cluster_I;Bradyrhizobium_sp._ORS_298	78.60	570	5542544	111	10	1882317	1882882	563	1	2e-103	 383	minus	0
CP030171.1	X63352;cluster_I;Rhodobacter_capsulatus	75.36	840	5542544	184	17	1882175	1883001	2132	1303	2e-103	 383	minus	0
CP030171.1	FJ347427;cluster_I;Bradyrhizobium_sp._ORS_303	78.75	560	5542544	108	10	1882327	1882882	553	1	3e-102	 379	minus	0
CP030171.1	FJ347420;cluster_I;Bradyrhizobium_sp._ORS_285	78.98	571	5542544	107	12	1882317	1882882	563	1	3e-102	 379	minus	0
CP030171.1	FJ347441;cluster_I;Bradyrhizobium_sp._ORS_344	78.64	557	5542544	106	12	1882331	1882882	549	1	9e-102	 377	minus	0
CP030171.1	FJ347436;cluster_I;Bradyrhizobium_sp._ORS_327	78.81	571	5542544	108	12	1882317	1882882	563	1	9e-102	 377	minus	0
CP030171.1	X07866;cluster_I;Rhodobacter_capsulatus_SB_1003	75.24	840	5542544	185	17	1882175	1883001	934	105	9e-102	 377	minus	0
CP030171.1	FJ347423;cluster_I;Bradyrhizobium_sp._ORS_297	79.17	557	5542544	103	12	1882331	1882882	549	1	3e-101	 375	minus	0
CP030171.1	FJ347447;cluster_I;Bradyrhizobium_sp._ORS_375	78.46	557	5542544	107	12	1882331	1882882	549	1	1e-100	 374	minus	0
CP030171.1	FJ347426;cluster_I;Bradyrhizobium_sp._ORS_301	78.82	557	5542544	105	12	1882331	1882882	549	1	1e-100	 374	minus	0
CP030171.1	FJ347421;cluster_I;Bradyrhizobium_sp._ORS_287	78.82	557	5542544	105	12	1882331	1882882	549	1	1e-100	 374	minus	0
CP030171.1	FJ347451;cluster_I;Bradyrhizobium_sp._ORS_400	78.35	568	5542544	112	10	1882319	1882882	561	1	2e-98	 366	minus	0
CP030171.1	FJ347435;cluster_I;Bradyrhizobium_sp._ORS_324	78.60	556	5542544	108	10	1882331	1882882	549	1	2e-98	 366	minus	0
CP030171.1	GU001626;cluster_I;Bradyrhizobium_japonicum	77.73	633	5542544	116	22	1882317	1882938	57	675	7e-98	 364	plus	0
CP030171.1	GU001631;cluster_I;Bradyrhizobium_japonicum	77.73	633	5542544	116	22	1882317	1882938	57	675	7e-98	 364	plus	0
CP030171.1	GU001628;cluster_I;Bradyrhizobium_japonicum	77.73	633	5542544	116	22	1882317	1882938	57	675	7e-98	 364	plus	0
CP030171.1	FJ347437;cluster_I;Bradyrhizobium_sp._ORS_328	78.25	561	5542544	109	12	1882327	1882882	553	1	7e-98	 364	minus	0
CP030171.1	EU693339;cluster_I;Bacillus_sp._Z7	83.46	393	5542544	63	2	1882520	1882911	427	36	7e-98	 364	minus	0
CP030171.1	FJ347425;cluster_I;Bradyrhizobium_sp._ORS_300	78.43	561	5542544	108	12	1882327	1882882	553	1	3e-97	 363	minus	0
CP030171.1	EU693340;cluster_I;Bacillus_sp._Z19	82.61	414	5542544	68	4	1882520	1882932	428	18	3e-97	 363	minus	0
CP030171.1	FJ347433;cluster_I;Bradyrhizobium_sp._ORS_310	78.04	560	5542544	112	10	1882327	1882882	553	1	1e-96	 361	minus	0
CP030171.1	FJ347419;cluster_I;Bradyrhizobium_sp._ORS_279	78.07	561	5542544	110	12	1882327	1882882	553	1	3e-96	 359	minus	0
CP030171.1	AB542356;cluster_I;Azospirillum_sp._TSH2	78.50	572	5542544	106	14	1882317	1882881	562	1	3e-96	 359	minus	0
CP030171.1	EU938523;cluster_I;Erwinia_sp._gx104	84.68	359	5542544	55	0	1882538	1882896	359	1	3e-96	 359	minus	0
CP030171.1	EU693338;cluster_I;Azotobacter_chroococcum	82.45	416	5542544	68	5	1882520	1882932	434	21	3e-96	 359	minus	0
CP030171.1	EU693341;cluster_I;Acinetobacter_sp._Z21	83.33	390	5542544	63	2	1882520	1882908	429	41	3e-96	 359	minus	0
CP030171.1	AB542357;cluster_I;Azospirillum_sp._TSH5	78.42	570	5542544	106	14	1882317	1882879	560	1	4e-95	 355	minus	0
CP030171.1	AB542358;cluster_I;Azospirillum_sp._TSH6	78.42	570	5542544	106	14	1882317	1882879	560	1	4e-95	 355	minus	0
CP030171.1	AB542359;cluster_I;Azospirillum_sp._TSH10	78.42	570	5542544	106	14	1882317	1882879	560	1	4e-95	 355	minus	0
CP030171.1	GU001633;cluster_I;Bradyrhizobium_canariense	77.41	633	5542544	118	22	1882317	1882938	57	675	2e-94	 353	plus	0
CP030171.1	EU693342;cluster_I;Bacillus_sp._Z22	82.40	409	5542544	69	3	1882520	1882926	436	29	2e-94	 353	minus	0
CP030171.1	FJ822997;cluster_I;Pseudomonas_sp._gx-127	84.17	360	5542544	55	2	1882538	1882896	4	362	7e-93	 348	plus	0
CP030171.1	AB542337;cluster_I;Azospirillum_sp._TSA2s	77.27	616	5542544	123	14	1882267	1882875	610	5	3e-92	 346	minus	0
CP030171.1	AB542366;cluster_I;Azospirillum_sp._TSH96	78.19	564	5542544	106	14	1882319	1882875	557	4	1e-91	 344	minus	0
CP030171.1	AB542364;cluster_I;Azospirillum_sp._TSH78	78.07	570	5542544	108	14	1882319	1882881	561	2	1e-91	 344	minus	0
CP030171.1	AB542361;cluster_I;Azospirillum_sp._TSH21	77.80	581	5542544	112	14	1882312	1882885	571	1	3e-91	 342	minus	0
CP030171.1	GU001627;cluster_I;Bradyrhizobium_rifense	77.54	601	5542544	112	20	1882317	1882907	613	26	1e-90	 340	minus	0
CP030171.1	AB542347;cluster_I;Azospirillum_sp._TSA18	77.93	571	5542544	109	14	1882312	1882875	567	7	1e-90	 340	minus	0
CP030171.1	AB542344;cluster_I;Azospirillum_sp._TSA15c	77.93	571	5542544	109	14	1882312	1882875	565	5	1e-90	 340	minus	0
CP030171.1	AB542340;cluster_I;Azospirillum_sp._TSA11	77.93	571	5542544	109	14	1882312	1882875	567	7	1e-90	 340	minus	0
CP030171.1	AB542343;cluster_I;Azospirillum_sp._TSA14w	77.93	571	5542544	109	14	1882312	1882875	569	9	1e-90	 340	minus	0
CP030171.1	DQ821718;cluster_I;Enterobacter_sp._Y4	85.76	323	5542544	44	2	1882555	1882876	322	1	1e-90	 340	minus	0
CP030171.1	DQ821725;cluster_I;Micrococcus_sp._Y70	85.76	323	5542544	44	2	1882555	1882876	322	1	1e-90	 340	minus	0
CP030171.1	AB542348;cluster_I;Azospirillum_sp._TSA19	77.88	565	5542544	108	14	1882312	1882869	558	4	6e-89	 335	minus	0
CP030171.1	AB542341;cluster_I;Azospirillum_sp._TSA12	77.88	565	5542544	108	14	1882312	1882869	558	4	6e-89	 335	minus	0
CP030171.1	DQ821719;cluster_I;Enterobacter_sp._Y11	85.45	323	5542544	45	2	1882555	1882876	322	1	6e-89	 335	minus	0
CP030171.1	AF484657;cluster_I;Methylobacterium_sp._xct7	80.00	465	5542544	77	15	1882433	1882891	455	1	3e-87	 329	minus	0
CP030171.1	U97116;cluster_I;Azoarcus_communis	81.20	415	5542544	70	7	1882552	1882962	411	1	1e-86	 327	minus	0
CP030171.1	FJ822995;cluster_I;Agrobacterium_tumefaciens	83.06	360	5542544	59	2	1882538	1882896	4	362	3e-86	 326	plus	0
CP030171.1	AB161454;cluster_I;Pleomorphomonas_oryzae	80.85	423	5542544	72	7	1882566	1882985	417	1	1e-85	 324	minus	0
CP030171.1	DQ787333;cluster_I;Azospirillum_lipoferum	80.05	441	5542544	71	13	1882538	1882971	446	16	1e-81	 311	minus	0
CP030171.1	AB079621;cluster_I;Rhodobacter_azotoformans	79.61	456	5542544	76	14	1882538	1882986	458	13	1e-81	 311	minus	0
CP030171.1	DQ029203;cluster_I;Azonexus_caeni	85.15	303	5542544	43	2	1882550	1882851	307	6	4e-81	 309	minus	0
CP030171.1	EF626686;cluster_I;Azonexus_hydrophilus	83.38	337	5542544	52	4	1882550	1882884	335	1	4e-81	 309	minus	0
CP030171.1	GU256446;cluster_I;Azospirillum_canadense	81.75	378	5542544	60	6	1882558	1882932	375	4	1e-80	 307	minus	0
CP030171.1	FJ687518;cluster_I;Pseudomonas_sp._IPPW-3	81.92	365	5542544	60	5	1882535	1882896	362	1	2e-79	 303	minus	0
CP030171.1	EF626684;cluster_I;Azonexus_hydrophilus_DSM_23864	83.09	337	5542544	53	4	1882550	1882884	335	1	2e-79	 303	minus	0
CP030171.1	EF626685;cluster_I;Azonexus_hydrophilus	83.09	337	5542544	53	4	1882550	1882884	335	1	2e-79	 303	minus	0
CP030171.1	DQ787331;cluster_I;Azospirillum_lipoferum	79.12	455	5542544	80	12	1882538	1882986	446	1	2e-78	 300	minus	0
CP030171.1	DQ787334;cluster_I;Azospirillum_lipoferum	79.55	440	5542544	75	12	1882538	1882971	446	16	2e-78	 300	minus	0
CP030171.1	DQ787332;cluster_I;Azospirillum_lipoferum	79.55	440	5542544	75	12	1882538	1882971	446	16	2e-78	 300	minus	0
CP030171.1	AY351672;cluster_I;Azotobacter_chroococcum	83.28	323	5542544	50	4	1882558	1882878	321	1	1e-76	 294	minus	0
CP030171.1	AY768690;cluster_I;Azonexus_fungiphilus	83.28	323	5542544	50	4	1882558	1882878	321	1	1e-76	 294	minus	0
CP030171.1	EF199958;cluster_I;Thioalkalispira_microaerophila	81.51	357	5542544	64	2	1882565	1882920	383	28	4e-76	 292	minus	0
CP030171.1	AB430882;cluster_I;Azotobacter_chroococcum	82.97	323	5542544	53	2	1882555	1882876	322	1	1e-75	 291	minus	0
CP030171.1	AB182912;cluster_I;Pleomorphomonas_oryzae	79.71	409	5542544	74	7	1882566	1882971	407	5	2e-74	 287	minus	0
CP030171.1	GQ161241;cluster_I;Azospirillum_brasilense	81.27	363	5542544	57	10	1882538	1882896	356	1	2e-73	 283	minus	0
CP030171.1	FN813553;cluster_I;Azospirillum_zeae	81.15	366	5542544	58	8	1882535	1882896	359	1	2e-73	 283	minus	0
CP030171.1	FN813552;cluster_I;Azospirillum_zeae	81.15	366	5542544	58	8	1882535	1882896	359	1	2e-73	 283	minus	0
CP030171.1	FN813561;cluster_I;Azospirillum_zeae	81.20	367	5542544	56	10	1882535	1882896	359	1	2e-73	 283	minus	0
CP030171.1	EF634041;cluster_I;Rhizobium_gallicum	82.32	328	5542544	55	3	1882564	1882890	1	326	8e-73	 281	plus	0
CP030171.1	DQ682472;cluster_I;Azospirillum_zeae	81.04	364	5542544	56	10	1882538	1882896	357	2	8e-73	 281	minus	0
CP030171.1	DQ029204;cluster_I;Azonexus_fungiphilus	84.70	281	5542544	41	2	1882550	1882829	307	28	3e-72	 279	minus	0
CP030171.1	AB079622;cluster_I;Rhodobacter_sp._AP-10	78.29	456	5542544	84	11	1882537	1882986	459	13	3e-72	 279	minus	0
CP030171.1	FJ687521;cluster_I;Aeromonas_sp._IPPW-29	80.93	367	5542544	57	13	1882535	1882896	359	1	1e-71	 278	minus	0
CP030171.1	FJ687517;cluster_I;Pseudomonas_sp._IPPW-2	80.93	367	5542544	57	13	1882535	1882896	359	1	1e-71	 278	minus	0
CP030171.1	DQ393890;cluster_I;Azospirillum_canadense	81.36	354	5542544	55	8	1882538	1882887	5	351	1e-71	 278	plus	0
CP030171.1	DQ682471;cluster_I;Azospirillum_zeae	81.16	361	5542544	55	10	1882538	1882893	353	1	1e-71	 278	minus	0
CP030171.1	AB182913;cluster_I;Pleomorphomonas_oryzae	79.65	398	5542544	72	7	1882566	1882960	396	5	1e-71	 278	minus	0
CP030171.1	AB182911;cluster_I;Pleomorphomonas_oryzae	79.60	397	5542544	72	7	1882567	1882960	394	4	4e-71	 276	minus	0
CP030171.1	AB182910;cluster_I;Pleomorphomonas_oryzae	79.35	402	5542544	74	7	1882573	1882971	400	5	1e-70	 274	minus	0
CP030171.1	GU256453;cluster_I;Azospirillum_zeae	81.45	345	5542544	53	8	1882567	1882907	374	37	5e-70	 272	minus	0
CP030171.1	GQ503352;cluster_I;Mesorhizobium_ciceri	82.39	318	5542544	47	8	1882432	1882746	204	515	6e-69	 268	plus	0
CP030171.1	AB079632;cluster_I;Rhodobacter_blasticus_DSM_2131	77.75	454	5542544	88	11	1882538	1882986	458	13	6e-69	 268	minus	0
CP030171.1	AB185395;cluster_I;Azospirillum_oryzae	80.79	354	5542544	57	8	1882558	1882907	408	62	2e-68	 267	minus	0
CP030171.1	EU386145;cluster_I;Rhizobium_sp._NGR181	77.17	473	5542544	95	11	1882345	1882812	508	44	3e-67	 263	minus	0
CP030171.1	AY624581;Unclassified;Gluconacetobacter_azotocaptans	75.30	587	5542544	124	20	1881379	1881953	1257	680	1e-66	 261	minus	0
CP030171.1	AB079628;cluster_I;Rhodovulum_strictum	79.73	375	5542544	63	10	1882538	1882907	458	92	4e-66	 259	minus	0
CP030171.1	AB079629;cluster_I;Rhodovulum_strictum	79.52	376	5542544	64	10	1882537	1882907	459	92	5e-65	 255	minus	0
CP030171.1	GU256451;cluster_I;Azospirillum_picis	80.65	341	5542544	55	8	1882571	1882907	370	37	2e-64	 254	minus	0
CP030171.1	GU256450;cluster_I;Azospirillum_melinis	80.65	341	5542544	55	8	1882571	1882907	368	35	2e-64	 254	minus	0
CP030171.1	GQ411215;cluster_I;Bacillus_sp._SUND_LM2	87.91	215	5542544	25	1	1882685	1882899	314	101	6e-64	 252	minus	0
CP030171.1	AB191042;cluster_I;Heliobacterium_gestii	71.69	1028	5542544	245	42	1880946	1881953	2000	999	1e-61	 244	minus	0
CP030171.1	GQ411209;cluster_I;Bacillus_megaterium	89.47	190	5542544	19	1	1882711	1882900	336	148	5e-60	 239	minus	0
CP030171.1	ADAF001432;cluster_I;Gluconacetobacter_diazotrophicus	81.17	308	5542544	49	7	1882592	1882896	302	1	5e-60	 239	minus	0
CP030171.1	AY079181;cluster_I;Rhizobium_tropici	77.49	391	5542544	83	5	1882312	1882701	387	1	3e-57	 230	minus	0
CP030171.1	EF620478;cluster_I;Azotobacter_chroococcum	79.53	337	5542544	54	15	1882555	1882881	332	1	4e-56	 226	minus	0
CP030171.1	EU697999;cluster_I;Mesorhizobium_temperatum	83.33	240	5542544	35	5	1882433	1882671	236	1	2e-53	 217	minus	0
CP030171.1	DQ407288;cluster_I;Mesorhizobium_tianshanense	83.26	215	5542544	32	4	1882432	1882644	214	2	1e-46	 195	minus	0
CP030171.1	AH000924;cluster_I;Rhizobium_sp.	73.27	591	5542544	131	19	1880977	1881549	773	192	1e-45	 191	minus	0
CP030171.1	DQ407287;cluster_I;Mesorhizobium_tianshanense	83.10	213	5542544	31	5	1882432	1882641	214	4	5e-45	 189	minus	0
CP030171.1	DQ407295;cluster_I;Mesorhizobium_ciceri	83.25	209	5542544	31	4	1882432	1882638	207	1	5e-45	 189	minus	0
CP030171.1	GQ289582;cluster_III;Bradyrhizobium_japonicum	81.67	240	5542544	30	10	1882520	1882749	1	236	2e-44	 187	plus	0
CP030171.1	DQ315787;cluster_I;Anabaena_variabilis_ATCC_29413	72.08	684	5542544	167	21	1882314	1882986	704	34	2e-43	 183	minus	0
CP030171.1	GQ289573;cluster_III;Bradyrhizobium_japonicum	80.74	244	5542544	37	6	1882520	1882755	1	242	8e-43	 182	plus	0
CP030171.1	DQ364798;cluster_I;Paenibacillus_sp._GJ24	75.08	333	5542544	68	11	1882573	1882899	324	1	1e-30	 141	minus	0
CP030171.1	Z31716;cluster_I;Nostoc_sp._PCC_6720	70.94	695	5542544	176	24	1882310	1882992	1234	554	1e-30	 141	minus	0
CP030171.1	AVU89346;cluster_I;Anabaena_variabilis_ATCC_29413	70.81	692	5542544	182	18	1882310	1882992	1097	417	1e-30	 141	minus	0
CP030171.1	DQ364799;cluster_I;Paenibacillus_sp._GA12	80.23	177	5542544	32	2	1882573	1882749	324	151	3e-27	 130	minus	0
CP030171.1	AY373370;cluster_I;Paenibacillus_massiliensis	77.91	172	5542544	35	2	1882573	1882744	306	138	2e-19	 104	minus	0
CP030171.1	NOSGLBN;cluster_I;Nostoc_sp.	76.77	155	5542544	27	8	1882842	1882992	1184	1035	1e-11	78.7	minus	0
