CP029432.1	V00631;cluster_I;Klebsiella_pneumoniae	89.43	1769	5417030	165	19	1211297	1213055	47	1803	0.0	2211	plus	0
CP029432.1	AY242355;cluster_I;Klebsiella_pneumoniae_342	96.26	883	5417030	31	2	1211543	1212424	1	882	0.0	1447	plus	0
CP029432.1	KPNNIFH;cluster_I;Klebsiella_pneumoniae	91.36	891	5417030	75	2	1211543	1212432	1	890	0.0	1218	plus	0
CP029432.1	X96609;cluster_I;Alcaligenes_faecalis	82.49	868	5417030	144	8	1211549	1212412	612	1475	0.0	 754	plus	0
CP029432.1	AVIMONFE;cluster_I;Azotobacter_chroococcum	82.48	839	5417030	134	10	1211549	1212379	244	1077	0.0	 723	plus	0
CP029432.1	X03916;cluster_I;Azotobacter_chroococcum	81.75	833	5417030	146	6	1211550	1212379	345	1174	0.0	 691	plus	0
CP029432.1	FJ593769;cluster_I;Klebsiella_sp._P0646	97.94	389	5417030	8	0	1211627	1212015	1	389	0.0	 675	plus	0
CP029432.1	FJ593768;cluster_I;Klebsiella_sp._CRPV0611a	97.69	389	5417030	9	0	1211627	1212015	1	389	0.0	 669	plus	0
CP029432.1	FJ593767;cluster_I;Klebsiella_sp._P0643	97.43	389	5417030	10	0	1211627	1212015	1	389	0.0	 664	plus	0
CP029432.1	FJ593766;cluster_I;Klebsiella_sp._P0640	97.43	389	5417030	10	0	1211627	1212015	1	389	0.0	 664	plus	0
CP029432.1	FJ593765;cluster_I;Klebsiella_sp._P0638	97.43	389	5417030	10	0	1211627	1212015	1	389	0.0	 664	plus	0
CP029432.1	FJ593757;cluster_I;Klebsiella_sp._CRLS069a	97.43	389	5417030	10	0	1211627	1212015	1	389	0.0	 664	plus	0
CP029432.1	FJ593760;cluster_I;Klebsiella_sp._CRLS064	97.17	389	5417030	11	0	1211627	1212015	1	389	0.0	 658	plus	0
CP029432.1	FJ593763;cluster_I;Klebsiella_sp._CRLI0718a	97.17	389	5417030	11	0	1211627	1212015	1	389	0.0	 658	plus	0
CP029432.1	FJ593756;cluster_I;Klebsiella_sp._CRLI0715	97.17	389	5417030	11	0	1211627	1212015	1	389	0.0	 658	plus	0
CP029432.1	FJ593758;cluster_I;Klebsiella_sp._CRPV0610	97.17	389	5417030	11	0	1211627	1212015	1	389	0.0	 658	plus	0
CP029432.1	FJ593759;cluster_I;Klebsiella_sp._CRLS0617	97.17	389	5417030	11	0	1211627	1212015	1	389	0.0	 658	plus	0
CP029432.1	FJ593764;cluster_I;Klebsiella_sp._CRLI0713	97.17	389	5417030	11	0	1211627	1212015	1	389	0.0	 658	plus	0
CP029432.1	FJ593762;cluster_I;Klebsiella_sp._CRLI0728	97.17	389	5417030	11	0	1211627	1212015	1	389	0.0	 658	plus	0
CP029432.1	X13519;cluster_I;Azotobacter_vinelandii	81.06	834	5417030	150	7	1211550	1212379	221	1050	0.0	 658	plus	0
CP029432.1	FJ593866;cluster_I;Klebsiella_sp._AL060225_04	96.92	389	5417030	12	0	1211627	1212015	1	389	0.0	 652	plus	0
CP029432.1	FJ593865;cluster_I;Klebsiella_sp._AL050511_01	96.92	389	5417030	12	0	1211627	1212015	1	389	0.0	 652	plus	0
CP029432.1	FJ593860;cluster_I;Klebsiella_sp._MNS_801b	96.92	389	5417030	12	0	1211627	1212015	1	389	0.0	 652	plus	0
CP029432.1	FJ593864;cluster_I;Klebsiella_sp._MNFG_802	96.92	389	5417030	12	0	1211627	1212015	1	389	0.0	 652	plus	0
CP029432.1	FJ593861;cluster_I;Klebsiella_sp._MNS_801a	96.92	389	5417030	12	0	1211627	1212015	1	389	0.0	 652	plus	0
CP029432.1	FJ593862;cluster_I;Klebsiella_sp._MNW_801b	96.92	389	5417030	12	0	1211627	1212015	1	389	0.0	 652	plus	0
CP029432.1	FJ593863;cluster_I;Klebsiella_sp._MNFG_801b	96.92	389	5417030	12	0	1211627	1212015	1	389	0.0	 652	plus	0
CP029432.1	FJ593761;cluster_I;Klebsiella_sp._CRLI0730	96.92	389	5417030	12	0	1211627	1212015	1	389	0.0	 652	plus	0
CP029432.1	AY846276;cluster_I;Klebsiella_pneumoniae	96.16	391	5417030	14	1	1211560	1211949	400	10	4e-180	 638	minus	0
CP029432.1	AB189641;cluster_I;Halorhodospira_halophila	80.45	803	5417030	153	4	1211564	1212364	231	1031	8e-172	 610	plus	0
CP029432.1	EU938522;cluster_I;Burkholderia_sp._gx97	96.66	359	5417030	12	0	1211657	1212015	1	359	7e-168	 597	plus	0
CP029432.1	FJ822998;cluster_I;Klebsiella_sp._gx-3	96.38	359	5417030	13	0	1211657	1212015	362	4	3e-166	 592	minus	0
CP029432.1	AY367392;cluster_I;Klebsiella_variicola	98.21	336	5417030	6	0	1211657	1211992	2	337	4e-165	 588	plus	0
CP029432.1	FJ822994;cluster_I;Sinorhizobium_sp._gx-153	96.54	347	5417030	12	0	1211669	1212015	350	4	3e-161	 575	minus	0
CP029432.1	AY367394;cluster_I;Klebsiella_variicola	97.60	333	5417030	8	0	1211657	1211989	2	334	4e-160	 571	plus	0
CP029432.1	FJ593867;cluster_I;Klebsiella_sp._AL060224_03	92.80	389	5417030	28	0	1211627	1212015	1	389	7e-158	 564	plus	0
CP029432.1	DQ821722;cluster_I;Sphingomonas_sp._Y49	98.14	322	5417030	6	0	1211677	1211998	1	322	2e-157	 562	plus	0
CP029432.1	AY367393;cluster_I;Klebsiella_variicola	96.73	336	5417030	11	0	1211680	1212015	1	336	9e-157	 560	plus	0
CP029432.1	AY367395;cluster_I;Klebsiella_variicola	96.73	336	5417030	11	0	1211680	1212015	1	336	9e-157	 560	plus	0
CP029432.1	AJ563286;cluster_I;Dechloromonas_sp._SIUL	81.71	667	5417030	118	4	1211636	1212300	13	677	1e-154	 553	plus	0
CP029432.1	DQ821723;cluster_I;Klebsiella_sp._Y57	97.52	322	5417030	8	0	1211677	1211998	1	322	5e-154	 551	plus	0
CP029432.1	AB270756;cluster_I;Klebsiella_pneumoniae	97.49	319	5417030	8	0	1211656	1211974	42	360	2e-152	 545	plus	0
CP029432.1	DQ364801;cluster_I;Klebsiella_sp._BM92	96.88	320	5417030	10	0	1211654	1211973	1	320	1e-149	 536	plus	0
CP029432.1	KSU32183;cluster_I;Klebsiella_sp.	93.22	339	5417030	22	1	1211594	1211931	1	339	2e-142	 512	plus	0
CP029432.1	GQ381287;cluster_I;Klebsiella_sp._SZ7-2	90.25	359	5417030	32	2	1211657	1212015	1	356	2e-128	 466	plus	0
CP029432.1	AF031817;cluster_I;Rhodobacter_sphaeroides	76.95	820	5417030	165	19	1211560	1212367	283	1090	3e-122	 446	plus	0
CP029432.1	AY221827;cluster_I;Klebsiella_oxytoca_KCTC_1686	91.13	327	5417030	29	0	1211675	1212001	1	327	9e-122	 444	plus	0
CP029432.1	AY373368;cluster_I;Paenibacillus_sp._g2	90.83	327	5417030	30	0	1211654	1211980	1	327	4e-120	 438	plus	0
CP029432.1	FJ593777;cluster_I;Pantoea_sp._CRLI0725a	86.63	389	5417030	52	0	1211627	1212015	1	389	7e-118	 431	plus	0
CP029432.1	FJ593779;cluster_I;Pantoea_sp._A0305	86.63	389	5417030	52	0	1211627	1212015	1	389	7e-118	 431	plus	0
CP029432.1	FJ593780;cluster_I;Pantoea_sp._P0352	86.63	389	5417030	52	0	1211627	1212015	1	389	7e-118	 431	plus	0
CP029432.1	FJ593778;cluster_I;Pantoea_sp._P0359	86.63	389	5417030	52	0	1211627	1212015	1	389	7e-118	 431	plus	0
CP029432.1	AB542353;cluster_I;Azospirillum_sp._TSA36t	79.39	626	5417030	112	14	1211646	1212264	23	638	3e-116	 425	plus	0
CP029432.1	AY367396;cluster_I;Raoultella_terrigena	89.76	332	5417030	34	0	1211657	1211988	1	332	3e-116	 425	plus	0
CP029432.1	AY373369;cluster_I;Bacillus_cereus	89.91	327	5417030	33	0	1211654	1211980	5	331	4e-115	 422	plus	0
CP029432.1	FJ593869;cluster_I;Pantoea_sp._EC080527_02	86.12	389	5417030	54	0	1211627	1212015	1	389	2e-114	 420	plus	0
CP029432.1	FJ593776;cluster_I;Pantoea_sp._CRLI0712a	86.12	389	5417030	54	0	1211627	1212015	1	389	2e-114	 420	plus	0
CP029432.1	FJ593775;cluster_I;Pantoea_sp._CRLS0621	86.12	389	5417030	54	0	1211627	1212015	1	389	2e-114	 420	plus	0
CP029432.1	FJ593773;cluster_I;Pantoea_sp._P0356	86.12	389	5417030	54	0	1211627	1212015	1	389	2e-114	 420	plus	0
CP029432.1	AY373371;cluster_I;Bacillus_sp._w5	89.60	327	5417030	34	0	1211654	1211980	1	327	2e-113	 416	plus	0
CP029432.1	FJ593774;cluster_I;Pantoea_sp._A0310	85.86	389	5417030	55	0	1211627	1212015	1	389	7e-113	 414	plus	0
CP029432.1	EF199951;cluster_I;Halorhodospira_halophila	83.33	450	5417030	73	2	1211567	1212015	1	449	7e-113	 414	plus	0
CP029432.1	AY373365;cluster_I;Bacillus_megaterium	89.69	320	5417030	33	0	1211654	1211973	1	320	3e-111	 409	plus	0
CP029432.1	EF200511;cluster_I;Klebsiella_sp._TT001	90.79	304	5417030	28	0	1211687	1211990	1	304	1e-110	 407	plus	0
CP029432.1	EF200510;cluster_I;Klebsiella_sp._NTI31	90.79	304	5417030	28	0	1211687	1211990	1	304	1e-110	 407	plus	0
CP029432.1	DQ364804;cluster_I;Klebsiella_sp._JT42	89.02	328	5417030	34	2	1211654	1211980	1	327	4e-110	 405	plus	0
CP029432.1	GQ381290;cluster_I;Klebsiella_pneumoniae	89.41	321	5417030	32	2	1211695	1212015	13	331	2e-109	 403	plus	0
CP029432.1	AB542349;cluster_I;Azospirillum_sp._TSA20c	78.75	626	5417030	116	15	1211646	1212264	29	644	2e-109	 403	plus	0
CP029432.1	AB542346;cluster_I;Azospirillum_sp._TSA16	78.75	626	5417030	116	15	1211646	1212264	8	623	2e-109	 403	plus	0
CP029432.1	AB542338;cluster_I;Azospirillum_sp._TSA6c	78.72	625	5417030	116	15	1211646	1212263	29	643	6e-109	 401	plus	0
CP029432.1	AF545637;cluster_I;Pantoea_agglomerans	86.83	357	5417030	47	0	1211585	1211941	4	360	2e-108	 399	plus	0
CP029432.1	FJ032021;cluster_I;Klebsiella_sp._BN-4A	89.97	309	5417030	31	0	1211641	1211949	1	309	2e-108	 399	plus	0
CP029432.1	AY373366;cluster_I;Bacillus_sp._c6	88.69	327	5417030	37	0	1211654	1211980	1	327	2e-108	 399	plus	0
CP029432.1	FJ822999;cluster_I;Stenotrophomonas_sp._gx-44	86.50	363	5417030	47	2	1211657	1212018	362	1	7e-108	 398	minus	0
CP029432.1	FJ347449;cluster_I;Bradyrhizobium_sp._ORS_391	79.79	559	5417030	104	8	1211671	1212226	1	553	7e-108	 398	plus	0
CP029432.1	FJ347439;cluster_I;Bradyrhizobium_sp._ORS_331	79.79	559	5417030	104	8	1211671	1212226	1	553	7e-108	 398	plus	0
CP029432.1	GQ381289;cluster_I;Paenibacillus_sp._SZ002	89.10	321	5417030	32	3	1211695	1212015	10	327	3e-107	 396	plus	0
CP029432.1	HM047125;cluster_I;Bradyrhizobium_denitrificans	78.96	594	5417030	116	8	1211646	1212236	32	619	3e-107	 396	plus	0
CP029432.1	FJ347448;cluster_I;Bradyrhizobium_sp._ORS_377	79.43	559	5417030	106	8	1211671	1212226	1	553	1e-105	 390	plus	0
CP029432.1	FJ347438;cluster_I;Bradyrhizobium_sp._ORS_330	79.71	557	5417030	100	12	1211671	1212222	1	549	1e-105	 390	plus	0
CP029432.1	AB542360;cluster_I;Azospirillum_sp._TSH19	79.38	577	5417030	102	15	1211672	1212241	2	568	1e-105	 390	plus	0
CP029432.1	FJ347445;cluster_I;Bradyrhizobium_sp._ORS_361	79.11	560	5417030	106	10	1211671	1212226	1	553	4e-105	 388	plus	0
CP029432.1	AB542367;cluster_I;Azospirillum_sp._TSH100	79.34	576	5417030	102	15	1211673	1212241	1	566	4e-105	 388	plus	0
CP029432.1	FJ032022;cluster_I;Klebsiella_sp._AF-4C	89.32	309	5417030	33	0	1211641	1211949	3	311	4e-105	 388	plus	0
CP029432.1	X63352;cluster_I;Rhodobacter_capsulatus	75.48	840	5417030	183	17	1211552	1212378	1303	2132	4e-105	 388	plus	0
CP029432.1	FJ822996;cluster_I;Kluyvera_ascorbata	85.91	362	5417030	51	0	1211657	1212018	362	1	2e-104	 387	minus	0
CP029432.1	FJ347446;cluster_I;Bradyrhizobium_sp._ORS_372	79.35	557	5417030	102	12	1211671	1212222	1	549	2e-104	 387	plus	0
CP029432.1	FJ347430;cluster_I;Bradyrhizobium_sp._ORS_307	79.17	557	5417030	103	12	1211671	1212222	1	549	2e-104	 387	plus	0
CP029432.1	EU622788;cluster_I;Allochromatium_minutissimum	82.26	451	5417030	76	4	1211567	1212015	1	449	2e-104	 387	plus	0
CP029432.1	FJ347443;cluster_I;Bradyrhizobium_sp._ORS_356	78.93	560	5417030	107	10	1211671	1212226	1	553	6e-104	 385	plus	0
CP029432.1	FJ347418;cluster_I;Bradyrhizobium_sp._ORS_277	79.53	557	5417030	101	12	1211671	1212222	1	549	6e-104	 385	plus	0
CP029432.1	FJ347434;cluster_I;Bradyrhizobium_sp._ORS_318	78.96	556	5417030	106	10	1211671	1212222	1	549	2e-103	 383	plus	0
CP029432.1	FJ347422;cluster_I;Bradyrhizobium_sp._ORS_294	78.96	556	5417030	106	10	1211671	1212222	1	549	2e-103	 383	plus	0
CP029432.1	FJ347424;cluster_I;Bradyrhizobium_sp._ORS_298	78.60	570	5417030	111	10	1211671	1212236	1	563	2e-103	 383	plus	0
CP029432.1	X07866;cluster_I;Rhodobacter_capsulatus_SB_1003	75.36	840	5417030	184	17	1211552	1212378	105	934	2e-103	 383	plus	0
CP029432.1	FJ347427;cluster_I;Bradyrhizobium_sp._ORS_303	78.75	560	5417030	108	10	1211671	1212226	1	553	3e-102	 379	plus	0
CP029432.1	FJ347420;cluster_I;Bradyrhizobium_sp._ORS_285	78.98	571	5417030	107	12	1211671	1212236	1	563	3e-102	 379	plus	0
CP029432.1	FJ347441;cluster_I;Bradyrhizobium_sp._ORS_344	78.64	557	5417030	106	12	1211671	1212222	1	549	9e-102	 377	plus	0
CP029432.1	FJ347436;cluster_I;Bradyrhizobium_sp._ORS_327	78.81	571	5417030	108	12	1211671	1212236	1	563	9e-102	 377	plus	0
CP029432.1	FJ347423;cluster_I;Bradyrhizobium_sp._ORS_297	79.17	557	5417030	103	12	1211671	1212222	1	549	3e-101	 375	plus	0
CP029432.1	FJ347447;cluster_I;Bradyrhizobium_sp._ORS_375	78.46	557	5417030	107	12	1211671	1212222	1	549	1e-100	 374	plus	0
CP029432.1	FJ347426;cluster_I;Bradyrhizobium_sp._ORS_301	78.82	557	5417030	105	12	1211671	1212222	1	549	1e-100	 374	plus	0
CP029432.1	FJ347421;cluster_I;Bradyrhizobium_sp._ORS_287	78.82	557	5417030	105	12	1211671	1212222	1	549	1e-100	 374	plus	0
CP029432.1	FJ347451;cluster_I;Bradyrhizobium_sp._ORS_400	78.35	568	5417030	112	10	1211671	1212234	1	561	2e-98	 366	plus	0
CP029432.1	FJ347435;cluster_I;Bradyrhizobium_sp._ORS_324	78.60	556	5417030	108	10	1211671	1212222	1	549	2e-98	 366	plus	0
CP029432.1	GU001626;cluster_I;Bradyrhizobium_japonicum	77.73	633	5417030	116	22	1211615	1212236	675	57	7e-98	 364	minus	0
CP029432.1	GU001631;cluster_I;Bradyrhizobium_japonicum	77.73	633	5417030	116	22	1211615	1212236	675	57	7e-98	 364	minus	0
CP029432.1	GU001628;cluster_I;Bradyrhizobium_japonicum	77.73	633	5417030	116	22	1211615	1212236	675	57	7e-98	 364	minus	0
CP029432.1	FJ347437;cluster_I;Bradyrhizobium_sp._ORS_328	78.25	561	5417030	109	12	1211671	1212226	1	553	7e-98	 364	plus	0
CP029432.1	FJ347425;cluster_I;Bradyrhizobium_sp._ORS_300	78.43	561	5417030	108	12	1211671	1212226	1	553	3e-97	 363	plus	0
CP029432.1	FJ347433;cluster_I;Bradyrhizobium_sp._ORS_310	78.04	560	5417030	112	10	1211671	1212226	1	553	9e-97	 361	plus	0
CP029432.1	FJ347419;cluster_I;Bradyrhizobium_sp._ORS_279	78.07	561	5417030	110	12	1211671	1212226	1	553	3e-96	 359	plus	0
CP029432.1	AB542356;cluster_I;Azospirillum_sp._TSH2	78.50	572	5417030	106	14	1211672	1212236	1	562	3e-96	 359	plus	0
CP029432.1	EU938523;cluster_I;Erwinia_sp._gx104	84.68	359	5417030	55	0	1211657	1212015	1	359	3e-96	 359	plus	0
CP029432.1	EU693339;cluster_I;Bacillus_sp._Z7	83.33	390	5417030	63	2	1211645	1212033	39	427	3e-96	 359	plus	0
CP029432.1	EU693341;cluster_I;Acinetobacter_sp._Z21	83.33	390	5417030	63	2	1211645	1212033	41	429	3e-96	 359	plus	0
CP029432.1	EU693340;cluster_I;Bacillus_sp._Z19	82.37	414	5417030	69	4	1211621	1212033	18	428	1e-95	 357	plus	0
CP029432.1	AB542357;cluster_I;Azospirillum_sp._TSH5	78.42	570	5417030	106	14	1211674	1212236	1	560	4e-95	 355	plus	0
CP029432.1	AB542358;cluster_I;Azospirillum_sp._TSH6	78.42	570	5417030	106	14	1211674	1212236	1	560	4e-95	 355	plus	0
CP029432.1	AB542359;cluster_I;Azospirillum_sp._TSH10	78.42	570	5417030	106	14	1211674	1212236	1	560	4e-95	 355	plus	0
CP029432.1	GU001633;cluster_I;Bradyrhizobium_canariense	77.41	633	5417030	118	22	1211615	1212236	675	57	2e-94	 353	minus	0
CP029432.1	EU693338;cluster_I;Azotobacter_chroococcum	82.21	416	5417030	69	5	1211621	1212033	21	434	2e-94	 353	plus	0
CP029432.1	EU693342;cluster_I;Bacillus_sp._Z22	82.40	409	5417030	69	3	1211627	1212033	29	436	2e-94	 353	plus	0
CP029432.1	FJ822997;cluster_I;Pseudomonas_sp._gx-127	84.17	360	5417030	55	2	1211657	1212015	362	4	7e-93	 348	minus	0
CP029432.1	AB542337;cluster_I;Azospirillum_sp._TSA2s	77.27	616	5417030	123	14	1211678	1212286	5	610	3e-92	 346	plus	0
CP029432.1	AB542366;cluster_I;Azospirillum_sp._TSH96	78.19	564	5417030	106	14	1211678	1212234	4	557	9e-92	 344	plus	0
CP029432.1	AB542364;cluster_I;Azospirillum_sp._TSH78	78.07	570	5417030	108	14	1211672	1212234	2	561	9e-92	 344	plus	0
CP029432.1	AB542361;cluster_I;Azospirillum_sp._TSH21	77.80	581	5417030	112	14	1211668	1212241	1	571	3e-91	 342	plus	0
CP029432.1	GU001627;cluster_I;Bradyrhizobium_rifense	77.54	601	5417030	112	20	1211646	1212236	26	613	1e-90	 340	plus	0
CP029432.1	AB542347;cluster_I;Azospirillum_sp._TSA18	77.93	571	5417030	109	14	1211678	1212241	7	567	1e-90	 340	plus	0
CP029432.1	AB542344;cluster_I;Azospirillum_sp._TSA15c	77.93	571	5417030	109	14	1211678	1212241	5	565	1e-90	 340	plus	0
CP029432.1	AB542340;cluster_I;Azospirillum_sp._TSA11	77.93	571	5417030	109	14	1211678	1212241	7	567	1e-90	 340	plus	0
CP029432.1	AB542343;cluster_I;Azospirillum_sp._TSA14w	77.93	571	5417030	109	14	1211678	1212241	9	569	1e-90	 340	plus	0
CP029432.1	DQ821718;cluster_I;Enterobacter_sp._Y4	85.76	323	5417030	44	2	1211677	1211998	1	322	1e-90	 340	plus	0
CP029432.1	DQ821725;cluster_I;Micrococcus_sp._Y70	85.76	323	5417030	44	2	1211677	1211998	1	322	1e-90	 340	plus	0
CP029432.1	AB542348;cluster_I;Azospirillum_sp._TSA19	77.88	565	5417030	108	14	1211684	1212241	4	558	6e-89	 335	plus	0
CP029432.1	AB542341;cluster_I;Azospirillum_sp._TSA12	77.88	565	5417030	108	14	1211684	1212241	4	558	6e-89	 335	plus	0
CP029432.1	DQ821719;cluster_I;Enterobacter_sp._Y11	85.45	323	5417030	45	2	1211677	1211998	1	322	6e-89	 335	plus	0
CP029432.1	U97116;cluster_I;Azoarcus_communis	81.45	415	5417030	69	7	1211591	1212001	1	411	2e-88	 333	plus	0
CP029432.1	AF484657;cluster_I;Methylobacterium_sp._xct7	80.00	465	5417030	77	15	1211662	1212120	1	455	3e-87	 329	plus	0
CP029432.1	AB161454;cluster_I;Pleomorphomonas_oryzae	81.09	423	5417030	71	7	1211568	1211987	1	417	3e-87	 329	plus	0
CP029432.1	FJ822995;cluster_I;Agrobacterium_tumefaciens	83.06	360	5417030	59	2	1211657	1212015	362	4	3e-86	 326	minus	0
CP029432.1	DQ787333;cluster_I;Azospirillum_lipoferum	80.27	441	5417030	70	13	1211582	1212015	16	446	2e-83	 316	plus	0
CP029432.1	AB079621;cluster_I;Rhodobacter_azotoformans	79.82	456	5417030	75	14	1211567	1212015	13	458	2e-83	 316	plus	0
CP029432.1	DQ029203;cluster_I;Azonexus_caeni	85.15	303	5417030	43	2	1211702	1212003	6	307	3e-81	 309	plus	0
CP029432.1	EF626686;cluster_I;Azonexus_hydrophilus	83.38	337	5417030	52	4	1211669	1212003	1	335	3e-81	 309	plus	0
CP029432.1	GU256446;cluster_I;Azospirillum_canadense	81.75	378	5417030	60	6	1211621	1211995	4	375	1e-80	 307	plus	0
CP029432.1	DQ787331;cluster_I;Azospirillum_lipoferum	79.34	455	5417030	79	12	1211567	1212015	1	446	4e-80	 305	plus	0
CP029432.1	DQ787334;cluster_I;Azospirillum_lipoferum	79.77	440	5417030	74	12	1211582	1212015	16	446	4e-80	 305	plus	0
CP029432.1	DQ787332;cluster_I;Azospirillum_lipoferum	79.77	440	5417030	74	12	1211582	1212015	16	446	4e-80	 305	plus	0
CP029432.1	FJ687518;cluster_I;Pseudomonas_sp._IPPW-3	81.92	365	5417030	60	5	1211657	1212018	1	362	2e-79	 303	plus	0
CP029432.1	EF626684;cluster_I;Azonexus_hydrophilus_DSM_23864	83.09	337	5417030	53	4	1211669	1212003	1	335	2e-79	 303	plus	0
CP029432.1	EF626685;cluster_I;Azonexus_hydrophilus	83.09	337	5417030	53	4	1211669	1212003	1	335	2e-79	 303	plus	0
CP029432.1	EF199958;cluster_I;Thioalkalispira_microaerophila	81.79	357	5417030	63	2	1211633	1211988	28	383	7e-78	 298	plus	0
CP029432.1	AY351672;cluster_I;Azotobacter_chroococcum	83.28	323	5417030	50	4	1211675	1211995	1	321	1e-76	 294	plus	0
CP029432.1	AY768690;cluster_I;Azonexus_fungiphilus	83.28	323	5417030	50	4	1211675	1211995	1	321	1e-76	 294	plus	0
CP029432.1	AB182912;cluster_I;Pleomorphomonas_oryzae	79.95	409	5417030	73	7	1211582	1211987	5	407	3e-76	 292	plus	0
CP029432.1	AB430882;cluster_I;Azotobacter_chroococcum	82.97	323	5417030	53	2	1211677	1211998	1	322	1e-75	 291	plus	0
CP029432.1	AB079622;cluster_I;Rhodobacter_sp._AP-10	78.41	454	5417030	87	8	1211567	1212016	13	459	6e-74	 285	plus	0
CP029432.1	GQ161241;cluster_I;Azospirillum_brasilense	81.27	363	5417030	57	10	1211657	1212015	1	356	2e-73	 283	plus	0
CP029432.1	FN813553;cluster_I;Azospirillum_zeae	81.15	366	5417030	58	8	1211657	1212018	1	359	2e-73	 283	plus	0
CP029432.1	FN813552;cluster_I;Azospirillum_zeae	81.15	366	5417030	58	8	1211657	1212018	1	359	2e-73	 283	plus	0
CP029432.1	FN813561;cluster_I;Azospirillum_zeae	81.20	367	5417030	56	10	1211657	1212018	1	359	2e-73	 283	plus	0
CP029432.1	AB182913;cluster_I;Pleomorphomonas_oryzae	79.90	398	5417030	71	7	1211593	1211987	5	396	2e-73	 283	plus	0
CP029432.1	EF634041;cluster_I;Rhizobium_gallicum	82.32	328	5417030	55	3	1211663	1211989	326	1	7e-73	 281	minus	0
CP029432.1	DQ682472;cluster_I;Azospirillum_zeae	81.04	364	5417030	56	10	1211657	1212015	2	357	7e-73	 281	plus	0
CP029432.1	AB182911;cluster_I;Pleomorphomonas_oryzae	79.85	397	5417030	71	7	1211593	1211986	4	394	7e-73	 281	plus	0
CP029432.1	DQ029204;cluster_I;Azonexus_fungiphilus	84.70	281	5417030	41	2	1211724	1212003	28	307	3e-72	 279	plus	0
CP029432.1	AB182910;cluster_I;Pleomorphomonas_oryzae	79.60	402	5417030	73	7	1211582	1211980	5	400	3e-72	 279	plus	0
CP029432.1	FJ687521;cluster_I;Aeromonas_sp._IPPW-29	80.93	367	5417030	57	13	1211657	1212018	1	359	1e-71	 278	plus	0
CP029432.1	FJ687517;cluster_I;Pseudomonas_sp._IPPW-2	80.93	367	5417030	57	13	1211657	1212018	1	359	1e-71	 278	plus	0
CP029432.1	AY624581;Unclassified;Gluconacetobacter_azotocaptans	75.73	585	5417030	125	16	1212600	1213174	680	1257	1e-71	 278	plus	0
CP029432.1	DQ393890;cluster_I;Azospirillum_canadense	81.36	354	5417030	55	8	1211666	1212015	351	5	1e-71	 278	minus	0
CP029432.1	DQ682471;cluster_I;Azospirillum_zeae	81.16	361	5417030	55	10	1211660	1212015	1	353	1e-71	 278	plus	0
CP029432.1	AB079632;cluster_I;Rhodobacter_blasticus_DSM_2131	77.97	454	5417030	87	11	1211567	1212015	13	458	1e-70	 274	plus	0
CP029432.1	GU256453;cluster_I;Azospirillum_zeae	81.45	345	5417030	53	8	1211646	1211986	37	374	5e-70	 272	plus	0
CP029432.1	GQ503352;cluster_I;Mesorhizobium_ciceri	82.39	318	5417030	47	8	1211807	1212121	515	204	6e-69	 268	minus	0
CP029432.1	AB185395;cluster_I;Azospirillum_oryzae	79.12	407	5417030	72	10	1211594	1211995	10	408	6e-69	 268	plus	0
CP029432.1	EU386145;cluster_I;Rhizobium_sp._NGR181	77.17	473	5417030	95	11	1211741	1212208	44	508	3e-67	 263	plus	0
CP029432.1	AB079628;cluster_I;Rhodovulum_strictum	77.53	454	5417030	89	10	1211567	1212015	13	458	1e-66	 261	plus	0
CP029432.1	AB079629;cluster_I;Rhodovulum_strictum	77.36	455	5417030	90	10	1211567	1212016	13	459	1e-65	 257	plus	0
CP029432.1	GU256451;cluster_I;Azospirillum_picis	80.65	341	5417030	55	8	1211646	1211982	37	370	2e-64	 254	plus	0
CP029432.1	GU256450;cluster_I;Azospirillum_melinis	80.65	341	5417030	55	8	1211646	1211982	35	368	2e-64	 254	plus	0
CP029432.1	GQ411215;cluster_I;Bacillus_sp._SUND_LM2	87.91	215	5417030	25	1	1211654	1211868	101	314	6e-64	 252	plus	0
CP029432.1	GQ411209;cluster_I;Bacillus_megaterium	89.47	190	5417030	19	1	1211653	1211842	148	336	5e-60	 239	plus	0
CP029432.1	ADAF001432;cluster_I;Gluconacetobacter_diazotrophicus	81.17	308	5417030	49	7	1211657	1211961	1	302	5e-60	 239	plus	0
CP029432.1	AY079181;cluster_I;Rhizobium_tropici	77.49	391	5417030	83	5	1211852	1212241	1	387	3e-57	 230	plus	0
CP029432.1	AB191042;cluster_I;Heliobacterium_gestii	71.43	1029	5417030	246	43	1212600	1213607	999	2000	1e-56	 228	plus	0
CP029432.1	EF620478;cluster_I;Azotobacter_chroococcum	79.53	337	5417030	54	15	1211672	1211998	1	332	4e-56	 226	plus	0
CP029432.1	EU697999;cluster_I;Mesorhizobium_temperatum	83.33	240	5417030	35	5	1211882	1212120	1	236	2e-53	 217	plus	0
CP029432.1	DQ407288;cluster_I;Mesorhizobium_tianshanense	83.26	215	5417030	32	4	1211909	1212121	2	214	1e-46	 195	plus	0
CP029432.1	DQ315787;cluster_I;Anabaena_variabilis_ATCC_29413	72.37	684	5417030	165	21	1211567	1212239	34	704	1e-46	 195	plus	0
CP029432.1	AH000924;cluster_I;Rhizobium_sp.	73.40	594	5417030	125	24	1213004	1213576	192	773	1e-45	 191	plus	0
CP029432.1	DQ407287;cluster_I;Mesorhizobium_tianshanense	83.10	213	5417030	31	5	1211912	1212121	4	214	5e-45	 189	plus	0
CP029432.1	DQ407295;cluster_I;Mesorhizobium_ciceri	83.25	209	5417030	31	4	1211915	1212121	1	207	5e-45	 189	plus	0
CP029432.1	GQ289582;cluster_III;Bradyrhizobium_japonicum	81.67	240	5417030	30	10	1211804	1212033	236	1	2e-44	 187	minus	0
CP029432.1	GQ289573;cluster_III;Bradyrhizobium_japonicum	80.74	244	5417030	37	6	1211798	1212033	242	1	8e-43	 182	minus	0
CP029432.1	Z31716;cluster_I;Nostoc_sp._PCC_6720	71.04	694	5417030	177	22	1211561	1212243	554	1234	3e-32	 147	plus	0
CP029432.1	AVU89346;cluster_I;Anabaena_variabilis_ATCC_29413	70.91	691	5417030	183	16	1211561	1212243	417	1097	3e-32	 147	plus	0
CP029432.1	DQ364798;cluster_I;Paenibacillus_sp._GJ24	75.08	333	5417030	68	11	1211654	1211980	1	324	1e-30	 141	plus	0
CP029432.1	DQ364799;cluster_I;Paenibacillus_sp._GA12	80.23	177	5417030	32	2	1211804	1211980	151	324	3e-27	 130	plus	0
CP029432.1	AY373370;cluster_I;Paenibacillus_massiliensis	77.91	172	5417030	35	2	1211809	1211980	138	306	2e-19	 104	plus	0
CP029432.1	NOSGLBN;cluster_I;Nostoc_sp.	76.47	153	5417030	31	5	1211561	1211711	1035	1184	1e-11	78.7	plus	0
