LR134253.1	V00631;cluster_I;Klebsiella_pneumoniae	90.24	1773	5709996	163	9	2845147	2846916	1803	38	0.0	2307	minus	0
LR134253.1	KPNNIFH;cluster_I;Klebsiella_pneumoniae	91.83	894	5709996	73	0	2845766	2846659	894	1	0.0	1247	minus	0
LR134253.1	AY242355;cluster_I;Klebsiella_pneumoniae_342	89.25	884	5709996	91	4	2845778	2846659	882	1	0.0	1103	minus	0
LR134253.1	AB189641;cluster_I;Halorhodospira_halophila	77.88	1293	5709996	262	18	2844354	2845634	2509	1229	0.0	 782	minus	0
LR134253.1	AB189641;cluster_I;Halorhodospira_halophila	79.90	806	5709996	152	8	2845838	2846638	1031	231	2e-163	 582	minus	0
LR134253.1	X03916;cluster_I;Azotobacter_chroococcum	82.63	835	5709996	135	9	2845823	2846652	1174	345	0.0	 730	minus	0
LR134253.1	X13519;cluster_I;Azotobacter_vinelandii	81.70	836	5709996	141	10	2845823	2846652	1050	221	0.0	 686	minus	0
LR134253.1	AVIMONFE;cluster_I;Azotobacter_chroococcum	81.36	837	5709996	147	6	2845823	2846653	1077	244	0.0	 673	minus	0
LR134253.1	AY367396;cluster_I;Raoultella_terrigena	98.80	332	5709996	4	0	2846214	2846545	332	1	3e-166	 592	minus	0
LR134253.1	AJ563286;cluster_I;Dechloromonas_sp._SIUL	81.76	669	5709996	112	8	2845903	2846566	676	13	5e-154	 551	minus	0
LR134253.1	FJ593867;cluster_I;Klebsiella_sp._AL060224_03	92.03	389	5709996	31	0	2846187	2846575	389	1	7e-153	 547	minus	0
LR134253.1	FJ593762;cluster_I;Klebsiella_sp._CRLI0728	89.97	389	5709996	39	0	2846187	2846575	389	1	2e-139	 503	minus	0
LR134253.1	FJ593866;cluster_I;Klebsiella_sp._AL060225_04	89.72	389	5709996	40	0	2846187	2846575	389	1	7e-138	 497	minus	0
LR134253.1	FJ593865;cluster_I;Klebsiella_sp._AL050511_01	89.72	389	5709996	40	0	2846187	2846575	389	1	7e-138	 497	minus	0
LR134253.1	FJ593769;cluster_I;Klebsiella_sp._P0646	89.72	389	5709996	40	0	2846187	2846575	389	1	7e-138	 497	minus	0
LR134253.1	FJ593767;cluster_I;Klebsiella_sp._P0643	89.72	389	5709996	40	0	2846187	2846575	389	1	7e-138	 497	minus	0
LR134253.1	FJ593766;cluster_I;Klebsiella_sp._P0640	89.72	389	5709996	40	0	2846187	2846575	389	1	7e-138	 497	minus	0
LR134253.1	FJ593760;cluster_I;Klebsiella_sp._CRLS064	89.72	389	5709996	40	0	2846187	2846575	389	1	7e-138	 497	minus	0
LR134253.1	FJ593758;cluster_I;Klebsiella_sp._CRPV0610	89.72	389	5709996	40	0	2846187	2846575	389	1	7e-138	 497	minus	0
LR134253.1	FJ593765;cluster_I;Klebsiella_sp._P0638	89.72	389	5709996	40	0	2846187	2846575	389	1	7e-138	 497	minus	0
LR134253.1	FJ593759;cluster_I;Klebsiella_sp._CRLS0617	89.72	389	5709996	40	0	2846187	2846575	389	1	7e-138	 497	minus	0
LR134253.1	FJ593761;cluster_I;Klebsiella_sp._CRLI0730	89.72	389	5709996	40	0	2846187	2846575	389	1	7e-138	 497	minus	0
LR134253.1	FJ593860;cluster_I;Klebsiella_sp._MNS_801b	89.46	389	5709996	41	0	2846187	2846575	389	1	3e-136	 492	minus	0
LR134253.1	FJ593864;cluster_I;Klebsiella_sp._MNFG_802	89.46	389	5709996	41	0	2846187	2846575	389	1	3e-136	 492	minus	0
LR134253.1	FJ593861;cluster_I;Klebsiella_sp._MNS_801a	89.46	389	5709996	41	0	2846187	2846575	389	1	3e-136	 492	minus	0
LR134253.1	FJ593862;cluster_I;Klebsiella_sp._MNW_801b	89.46	389	5709996	41	0	2846187	2846575	389	1	3e-136	 492	minus	0
LR134253.1	FJ593863;cluster_I;Klebsiella_sp._MNFG_801b	89.46	389	5709996	41	0	2846187	2846575	389	1	3e-136	 492	minus	0
LR134253.1	FJ593763;cluster_I;Klebsiella_sp._CRLI0718a	89.46	389	5709996	41	0	2846187	2846575	389	1	3e-136	 492	minus	0
LR134253.1	FJ593756;cluster_I;Klebsiella_sp._CRLI0715	89.46	389	5709996	41	0	2846187	2846575	389	1	3e-136	 492	minus	0
LR134253.1	FJ593764;cluster_I;Klebsiella_sp._CRLI0713	89.46	389	5709996	41	0	2846187	2846575	389	1	3e-136	 492	minus	0
LR134253.1	FJ593757;cluster_I;Klebsiella_sp._CRLS069a	89.46	389	5709996	41	0	2846187	2846575	389	1	3e-136	 492	minus	0
LR134253.1	X51500;cluster_I;Azospirillum_brasilense	78.63	772	5709996	141	21	2845919	2846679	1458	700	1e-135	 490	minus	0
LR134253.1	FJ593768;cluster_I;Klebsiella_sp._CRPV0611a	89.20	389	5709996	42	0	2846187	2846575	389	1	2e-134	 486	minus	0
LR134253.1	AB241413;cluster_I;Rhodopseudomonas_lichen	79.55	714	5709996	119	23	2845919	2846620	701	3	6e-134	 484	minus	0
LR134253.1	GU433547;cluster_I;Bradyrhizobium_japonicum	80.09	653	5709996	121	8	2845907	2846556	666	20	9e-132	 477	minus	0
LR134253.1	X51609;cluster_I;Azospirillum_brasilense	78.11	772	5709996	145	21	2845919	2846679	1105	347	6e-129	 468	minus	0
LR134253.1	GQ381287;cluster_I;Klebsiella_sp._SZ7-2	90.25	359	5709996	32	2	2846187	2846545	356	1	2e-128	 466	minus	0
LR134253.1	AY373368;cluster_I;Paenibacillus_sp._g2	91.74	327	5709996	27	0	2846222	2846548	327	1	4e-125	 455	minus	0
LR134253.1	AB542353;cluster_I;Azospirillum_sp._TSA36t	79.63	643	5709996	118	10	2845919	2846556	657	23	2e-123	 449	minus	0
LR134253.1	HM047125;cluster_I;Bradyrhizobium_denitrificans	79.50	644	5709996	123	8	2845916	2846556	669	32	2e-123	 449	minus	0
LR134253.1	AY846276;cluster_I;Klebsiella_pneumoniae	87.47	391	5709996	48	1	2846253	2846642	10	400	2e-123	 449	plus	0
LR134253.1	EU938522;cluster_I;Burkholderia_sp._gx97	88.86	359	5709996	40	0	2846187	2846545	359	1	3e-121	 442	minus	0
LR134253.1	AB542336;cluster_I;Bradyrhizobium_sp._TSA1	79.62	628	5709996	117	10	2845933	2846556	647	27	1e-120	 440	minus	0
LR134253.1	AB542349;cluster_I;Azospirillum_sp._TSA20c	79.26	646	5709996	121	10	2845916	2846556	666	29	4e-120	 438	minus	0
LR134253.1	AY373371;cluster_I;Bacillus_sp._w5	90.83	327	5709996	30	0	2846222	2846548	327	1	4e-120	 438	minus	0
LR134253.1	AB542345;cluster_I;Bradyrhizobium_sp._TSA15y	80.81	568	5709996	100	8	2845980	2846544	562	1	2e-119	 436	minus	0
LR134253.1	AY221827;cluster_I;Klebsiella_oxytoca_KCTC_1686	90.80	326	5709996	30	0	2846202	2846527	326	1	2e-119	 436	minus	0
LR134253.1	FJ347445;cluster_I;Bradyrhizobium_sp._ORS_361	80.72	555	5709996	98	8	2845980	2846531	549	1	6e-119	 435	minus	0
LR134253.1	FJ347443;cluster_I;Bradyrhizobium_sp._ORS_356	80.72	555	5709996	98	8	2845980	2846531	549	1	6e-119	 435	minus	0
LR134253.1	FJ347435;cluster_I;Bradyrhizobium_sp._ORS_324	80.72	555	5709996	98	8	2845980	2846531	549	1	2e-118	 433	minus	0
LR134253.1	FJ347438;cluster_I;Bradyrhizobium_sp._ORS_330	80.70	570	5709996	99	10	2845966	2846531	563	1	2e-118	 433	minus	0
LR134253.1	AB542346;cluster_I;Azospirillum_sp._TSA16	79.16	643	5709996	121	10	2845919	2846556	642	8	2e-118	 433	minus	0
LR134253.1	AB542342;cluster_I;Azospirillum_sp._TSA13	79.10	646	5709996	122	10	2845916	2846556	666	29	2e-118	 433	minus	0
LR134253.1	FJ032021;cluster_I;Klebsiella_sp._BN-4A	91.91	309	5709996	25	0	2846253	2846561	309	1	2e-118	 433	minus	0
LR134253.1	FJ822998;cluster_I;Klebsiella_sp._gx-3	88.30	359	5709996	42	0	2846187	2846545	4	362	7e-118	 431	plus	0
LR134253.1	FJ347446;cluster_I;Bradyrhizobium_sp._ORS_372	80.72	555	5709996	98	8	2845980	2846531	549	1	7e-118	 431	minus	0
LR134253.1	FJ347434;cluster_I;Bradyrhizobium_sp._ORS_318	80.54	555	5709996	99	8	2845980	2846531	549	1	7e-118	 431	minus	0
LR134253.1	FJ347422;cluster_I;Bradyrhizobium_sp._ORS_294	80.54	555	5709996	99	8	2845980	2846531	549	1	7e-118	 431	minus	0
LR134253.1	FJ347427;cluster_I;Bradyrhizobium_sp._ORS_303	80.36	555	5709996	100	8	2845980	2846531	549	1	1e-116	 427	minus	0
LR134253.1	AY373369;cluster_I;Bacillus_cereus	90.21	327	5709996	32	0	2846222	2846548	331	5	1e-116	 427	minus	0
LR134253.1	FJ347424;cluster_I;Bradyrhizobium_sp._ORS_298	80.36	555	5709996	100	8	2845980	2846531	549	1	3e-116	 425	minus	0
LR134253.1	FJ347418;cluster_I;Bradyrhizobium_sp._ORS_277	80.72	555	5709996	98	8	2845980	2846531	549	1	3e-116	 425	minus	0
LR134253.1	FJ347436;cluster_I;Bradyrhizobium_sp._ORS_327	80.54	555	5709996	99	8	2845980	2846531	549	1	1e-115	 424	minus	0
LR134253.1	AB542338;cluster_I;Azospirillum_sp._TSA6c	79.38	616	5709996	114	10	2845946	2846556	636	29	4e-115	 422	minus	0
LR134253.1	FJ347421;cluster_I;Bradyrhizobium_sp._ORS_287	80.18	555	5709996	101	8	2845980	2846531	549	1	2e-114	 420	minus	0
LR134253.1	EF200511;cluster_I;Klebsiella_sp._TT001	91.72	302	5709996	25	0	2846214	2846515	302	1	2e-114	 420	minus	0
LR134253.1	EF200510;cluster_I;Klebsiella_sp._NTI31	91.72	302	5709996	25	0	2846214	2846515	302	1	2e-114	 420	minus	0
LR134253.1	FJ347420;cluster_I;Bradyrhizobium_sp._ORS_285	80.14	569	5709996	104	8	2845966	2846531	563	1	6e-114	 418	minus	0
LR134253.1	AB542351;cluster_I;Bradyrhizobium_sp._TSA27b	79.22	616	5709996	117	10	2845933	2846544	609	1	6e-114	 418	minus	0
LR134253.1	AY373365;cluster_I;Bacillus_megaterium	90.03	321	5709996	32	0	2846228	2846548	321	1	2e-113	 416	minus	0
LR134253.1	DQ364804;cluster_I;Klebsiella_sp._JT42	89.63	328	5709996	32	2	2846222	2846548	327	1	2e-113	 416	minus	0
LR134253.1	FJ032022;cluster_I;Klebsiella_sp._AF-4C	90.94	309	5709996	28	0	2846253	2846561	311	3	2e-113	 416	minus	0
LR134253.1	AY367392;cluster_I;Klebsiella_variicola	88.99	336	5709996	37	0	2846210	2846545	337	2	2e-113	 416	minus	0
LR134253.1	AY367393;cluster_I;Klebsiella_variicola	88.99	336	5709996	37	0	2846187	2846522	336	1	2e-113	 416	minus	0
LR134253.1	AY367395;cluster_I;Klebsiella_variicola	88.99	336	5709996	37	0	2846187	2846522	336	1	2e-113	 416	minus	0
LR134253.1	FJ347430;cluster_I;Bradyrhizobium_sp._ORS_307	80.07	557	5709996	98	11	2845980	2846531	549	1	7e-113	 414	minus	0
LR134253.1	AB542352;cluster_I;Bradyrhizobium_sp._TSA27s	79.15	614	5709996	117	10	2845933	2846542	607	1	7e-113	 414	minus	0
LR134253.1	AY367394;cluster_I;Klebsiella_variicola	89.16	332	5709996	36	0	2846214	2846545	333	2	7e-113	 414	minus	0
LR134253.1	GQ381290;cluster_I;Klebsiella_pneumoniae	89.57	326	5709996	31	3	2846187	2846512	331	9	1e-111	 411	minus	0
LR134253.1	FJ347447;cluster_I;Bradyrhizobium_sp._ORS_375	79.33	571	5709996	105	11	2845966	2846531	563	1	1e-111	 411	minus	0
LR134253.1	AY373366;cluster_I;Bacillus_sp._c6	89.30	327	5709996	35	0	2846222	2846548	327	1	1e-111	 411	minus	0
LR134253.1	FJ822994;cluster_I;Sinorhizobium_sp._gx-153	87.90	347	5709996	42	0	2846187	2846533	4	350	3e-111	 409	plus	0
LR134253.1	FJ347441;cluster_I;Bradyrhizobium_sp._ORS_344	79.33	571	5709996	105	11	2845966	2846531	563	1	3e-111	 409	minus	0
LR134253.1	FJ347423;cluster_I;Bradyrhizobium_sp._ORS_297	80.18	555	5709996	101	8	2845980	2846531	549	1	3e-111	 409	minus	0
LR134253.1	FJ347426;cluster_I;Bradyrhizobium_sp._ORS_301	79.68	571	5709996	103	11	2845966	2846531	563	1	3e-111	 409	minus	0
LR134253.1	FJ347449;cluster_I;Bradyrhizobium_sp._ORS_391	80.67	538	5709996	93	10	2845998	2846531	531	1	1e-110	 407	minus	0
LR134253.1	FJ347437;cluster_I;Bradyrhizobium_sp._ORS_328	79.64	555	5709996	104	8	2845980	2846531	549	1	1e-110	 407	minus	0
LR134253.1	FJ347439;cluster_I;Bradyrhizobium_sp._ORS_331	80.67	538	5709996	93	10	2845998	2846531	531	1	1e-110	 407	minus	0
LR134253.1	FJ347448;cluster_I;Bradyrhizobium_sp._ORS_377	80.48	538	5709996	94	10	2845998	2846531	531	1	4e-110	 405	minus	0
LR134253.1	FJ347425;cluster_I;Bradyrhizobium_sp._ORS_300	79.82	555	5709996	103	8	2845980	2846531	549	1	4e-110	 405	minus	0
LR134253.1	FJ347419;cluster_I;Bradyrhizobium_sp._ORS_279	79.64	555	5709996	104	8	2845980	2846531	549	1	4e-110	 405	minus	0
LR134253.1	AB542337;cluster_I;Azospirillum_sp._TSA2s	78.80	618	5709996	118	10	2845916	2846528	610	1	2e-109	 403	minus	0
LR134253.1	GQ381289;cluster_I;Paenibacillus_sp._SZ002	89.41	321	5709996	31	3	2846187	2846507	327	10	6e-109	 401	minus	0
LR134253.1	DQ364801;cluster_I;Klebsiella_sp._BM92	88.85	323	5709996	36	0	2846226	2846548	323	1	8e-108	 398	minus	0
LR134253.1	FJ347433;cluster_I;Bradyrhizobium_sp._ORS_310	79.74	538	5709996	98	10	2845998	2846531	531	1	1e-106	 394	minus	0
LR134253.1	AB542354;cluster_I;Bradyrhizobium_sp._TSA43	78.69	610	5709996	117	12	2845933	2846536	604	2	1e-106	 394	minus	0
LR134253.1	AB542355;cluster_I;Bradyrhizobium_sp._TSA44	78.62	608	5709996	119	10	2845933	2846536	603	3	3e-106	 392	minus	0
LR134253.1	AB233495;cluster_I;Amorphomonas_oryzae	76.82	729	5709996	149	17	2845916	2846635	718	1	3e-106	 392	minus	0
LR134253.1	AB542367;cluster_I;Azospirillum_sp._TSH100	79.44	569	5709996	104	10	2845961	2846524	566	6	1e-105	 390	minus	0
LR134253.1	AB542360;cluster_I;Azospirillum_sp._TSH19	79.44	569	5709996	104	10	2845961	2846524	568	8	1e-105	 390	minus	0
LR134253.1	AB542356;cluster_I;Azospirillum_sp._TSH2	79.47	565	5709996	101	12	2845966	2846524	562	7	2e-104	 387	minus	0
LR134253.1	AB542357;cluster_I;Azospirillum_sp._TSH5	79.47	565	5709996	101	12	2845966	2846524	560	5	2e-104	 387	minus	0
LR134253.1	AB542358;cluster_I;Azospirillum_sp._TSH6	79.47	565	5709996	101	12	2845966	2846524	560	5	2e-104	 387	minus	0
LR134253.1	AB542359;cluster_I;Azospirillum_sp._TSH10	79.47	565	5709996	101	12	2845966	2846524	560	5	2e-104	 387	minus	0
LR134253.1	DQ821722;cluster_I;Sphingomonas_sp._Y49	88.20	322	5709996	38	0	2846204	2846525	322	1	6e-104	 385	minus	0
LR134253.1	AB270756;cluster_I;Klebsiella_pneumoniae	88.57	315	5709996	36	0	2846232	2846546	356	42	2e-103	 383	minus	0
LR134253.1	AB542366;cluster_I;Azospirillum_sp._TSH96	79.22	563	5709996	102	12	2845968	2846524	557	4	1e-101	 377	minus	0
LR134253.1	AB542350;cluster_I;Bradyrhizobium_sp._TSA26	79.38	548	5709996	104	8	2845980	2846524	546	5	1e-101	 377	minus	0
LR134253.1	AF545637;cluster_I;Pantoea_agglomerans	85.88	354	5709996	50	0	2846261	2846614	360	7	1e-101	 377	minus	0
LR134253.1	AB542361;cluster_I;Azospirillum_sp._TSH21	78.76	579	5709996	110	10	2845961	2846534	571	1	4e-101	 375	minus	0
LR134253.1	AB542365;cluster_I;Azospirillum_sp._TSH81w	78.69	582	5709996	111	10	2845961	2846537	574	1	4e-101	 375	minus	0
LR134253.1	EF199951;cluster_I;Halorhodospira_halophila	81.86	452	5709996	76	4	2846187	2846635	449	1	4e-101	 375	minus	0
LR134253.1	AB542363;cluster_I;Azospirillum_sp._TSH64	78.66	581	5709996	111	10	2845961	2846536	573	1	1e-100	 374	minus	0
LR134253.1	AB542347;cluster_I;Azospirillum_sp._TSA18	78.78	575	5709996	109	10	2845961	2846530	567	1	1e-100	 374	minus	0
LR134253.1	AB542340;cluster_I;Azospirillum_sp._TSA11	78.78	575	5709996	109	10	2845961	2846530	567	1	1e-100	 374	minus	0
LR134253.1	AB542343;cluster_I;Azospirillum_sp._TSA14w	78.78	575	5709996	109	10	2845961	2846530	569	3	1e-100	 374	minus	0
LR134253.1	FM203337;cluster_I;Mesorhizobium_tianshanense	76.61	714	5709996	146	16	2845916	2846620	707	6	1e-100	 374	minus	0
LR134253.1	DQ821723;cluster_I;Klebsiella_sp._Y57	87.58	322	5709996	40	0	2846204	2846525	322	1	1e-100	 374	minus	0
LR134253.1	AB542364;cluster_I;Azospirillum_sp._TSH78	79.04	563	5709996	103	12	2845968	2846524	561	8	5e-100	 372	minus	0
LR134253.1	AB542344;cluster_I;Azospirillum_sp._TSA15c	78.71	573	5709996	109	10	2845961	2846528	565	1	2e-99	 370	minus	0
LR134253.1	AB542339;cluster_I;Azospirillum_sp._TSA10	78.73	569	5709996	108	10	2845961	2846524	565	5	6e-99	 368	minus	0
LR134253.1	FM203326;cluster_I;Mesorhizobium_tianshanense	76.37	711	5709996	153	12	2845916	2846620	707	6	6e-99	 368	minus	0
LR134253.1	FN397449;cluster_I;Mesorhizobium_sp._GMSS22	76.37	711	5709996	153	12	2845916	2846620	707	6	6e-99	 368	minus	0
LR134253.1	AH000924;cluster_I;Rhizobium_sp.	75.97	745	5709996	160	18	2845916	2846652	2455	1722	2e-98	 366	minus	0
LR134253.1	AH000924;cluster_I;Rhizobium_sp.	75.51	490	5709996	99	16	2844629	2845108	770	292	2e-54	 220	minus	0
LR134253.1	AB542348;cluster_I;Azospirillum_sp._TSA19	78.62	566	5709996	108	10	2845961	2846521	558	1	3e-97	 363	minus	0
LR134253.1	AB542341;cluster_I;Azospirillum_sp._TSA12	78.62	566	5709996	108	10	2845961	2846521	558	1	3e-97	 363	minus	0
LR134253.1	FJ643444;cluster_I;Sinorhizobium_fredii	75.99	729	5709996	155	18	2845916	2846635	21	738	4e-96	 359	plus	0
LR134253.1	FJ643443;cluster_I;Sinorhizobium_fredii	75.99	729	5709996	155	18	2845916	2846635	21	738	4e-96	 359	plus	0
LR134253.1	FM203327;cluster_I;Mesorhizobium_tianshanense	76.09	711	5709996	155	12	2845916	2846620	708	7	1e-95	 357	minus	0
LR134253.1	FM203333;cluster_I;Mesorhizobium_tianshanense	76.06	710	5709996	157	10	2845916	2846620	707	6	1e-95	 357	minus	0
LR134253.1	EU770982;cluster_I;Sinorhizobium_fredii	75.96	728	5709996	156	18	2845916	2846635	717	1	1e-95	 357	minus	0
LR134253.1	DQ485714;cluster_I;Sinorhizobium_fredii	75.96	728	5709996	156	18	2845916	2846635	717	1	1e-95	 357	minus	0
LR134253.1	FN397448;cluster_I;Mesorhizobium_sp._M72P	75.99	708	5709996	155	12	2845916	2846617	707	9	6e-94	 351	minus	0
LR134253.1	EU113223;cluster_I;Sinorhizobium_sp._CCBAU_31015	76.93	646	5709996	132	16	2845916	2846554	669	34	6e-94	 351	minus	0
LR134253.1	AF275671;cluster_I;Sinorhizobium_fredii_bv._mediterranense	76.92	650	5709996	129	15	2845916	2846556	695	58	2e-93	 350	minus	0
LR134253.1	AF275670;cluster_I;Sinorhizobium_fredii_bv._mediterranense	76.92	650	5709996	129	15	2845916	2846556	695	58	2e-93	 350	minus	0
LR134253.1	GU083829;cluster_I;Mesorhizobium_alhagi	76.82	647	5709996	131	14	2845916	2846554	641	6	3e-92	 346	minus	0
LR134253.1	GU083830;cluster_I;Sinorhizobium_fredii	76.47	646	5709996	135	16	2845916	2846554	641	6	6e-89	 335	minus	0
LR134253.1	GU083826;cluster_I;Agrobacterium_tumefaciens	76.40	644	5709996	139	8	2845916	2846554	641	6	6e-89	 335	minus	0
LR134253.1	FJ347444;cluster_I;Bradyrhizobium_sp._ORS_358	78.72	517	5709996	99	9	2845946	2846458	583	74	6e-89	 335	minus	0
LR134253.1	FJ347431;cluster_I;Bradyrhizobium_sp._ORS_309	78.72	517	5709996	99	9	2845946	2846458	583	74	6e-89	 335	minus	0
LR134253.1	GU994074;cluster_I;Ensifer_sojae	76.47	646	5709996	135	16	2845916	2846554	663	28	6e-89	 335	minus	0
LR134253.1	GU994075;cluster_I;Ensifer_sojae	76.47	646	5709996	135	16	2845916	2846554	663	28	6e-89	 335	minus	0
LR134253.1	GU994077;cluster_I;Ensifer_sojae_CCBAU_05684	76.47	646	5709996	135	16	2845916	2846554	663	28	6e-89	 335	minus	0
LR134253.1	GU994078;cluster_I;Ensifer_sojae	76.47	646	5709996	135	16	2845916	2846554	663	28	6e-89	 335	minus	0
LR134253.1	GU994076;cluster_I;Ensifer_sojae	76.47	646	5709996	135	16	2845916	2846554	663	28	6e-89	 335	minus	0
LR134253.1	HM057556;cluster_I;Sinorhizobium_fredii	76.47	646	5709996	135	16	2845916	2846554	663	28	6e-89	 335	minus	0
LR134253.1	HM057558;cluster_I;Sinorhizobium_sp._CCBAU_05631	76.47	646	5709996	135	16	2845916	2846554	663	28	6e-89	 335	minus	0
LR134253.1	HM057553;cluster_I;Sinorhizobium_fredii	76.47	646	5709996	135	16	2845916	2846554	663	28	6e-89	 335	minus	0
LR134253.1	HM057554;cluster_I;Sinorhizobium_sp._CCBAU_05617	76.47	646	5709996	135	16	2845916	2846554	663	28	6e-89	 335	minus	0
LR134253.1	HM057550;cluster_I;Sinorhizobium_sp._CCBAU_05672	76.47	646	5709996	135	16	2845916	2846554	663	28	6e-89	 335	minus	0
LR134253.1	HM057557;cluster_I;Sinorhizobium_fredii_CCBAU_05557	76.47	646	5709996	135	16	2845916	2846554	663	28	6e-89	 335	minus	0
LR134253.1	HM057551;cluster_I;Sinorhizobium_fredii	76.47	646	5709996	135	16	2845916	2846554	663	28	6e-89	 335	minus	0
LR134253.1	HM057549;cluster_I;Sinorhizobium_fredii	76.47	646	5709996	135	16	2845916	2846554	663	28	6e-89	 335	minus	0
LR134253.1	HM057566;cluster_I;Sinorhizobium_fredii	76.47	646	5709996	135	16	2845916	2846554	660	25	6e-89	 335	minus	0
LR134253.1	EU146013;cluster_I;Sinorhizobium_sp._CCBAU_83765	76.47	646	5709996	135	16	2845916	2846554	654	19	6e-89	 335	minus	0
LR134253.1	EU146004;cluster_I;Sinorhizobium_sp._CCBAU_83647	76.47	646	5709996	135	16	2845916	2846554	654	19	6e-89	 335	minus	0
LR134253.1	EU146003;cluster_I;Sinorhizobium_sp._CCBAU_83643	76.47	646	5709996	135	16	2845916	2846554	654	19	6e-89	 335	minus	0
LR134253.1	EU146011;cluster_I;Sinorhizobium_sp._CCBAU_83742	76.47	646	5709996	135	16	2845916	2846554	654	19	6e-89	 335	minus	0
LR134253.1	EU146012;cluster_I;Sinorhizobium_sp._CCBAU_83751	76.47	646	5709996	135	16	2845916	2846554	654	19	6e-89	 335	minus	0
LR134253.1	EU146006;cluster_I;Sinorhizobium_sp._CCBAU_83666	76.47	646	5709996	135	16	2845916	2846554	654	19	6e-89	 335	minus	0
LR134253.1	HM057555;cluster_I;Sinorhizobium_fredii	76.32	646	5709996	136	16	2845916	2846554	663	28	3e-87	 329	minus	0
LR134253.1	HM057552;cluster_I;Sinorhizobium_sp._CCBAU_05600	76.32	646	5709996	136	16	2845916	2846554	663	28	3e-87	 329	minus	0
LR134253.1	EU418416;cluster_I;Sinorhizobium_fredii	76.32	646	5709996	136	16	2845916	2846554	672	37	3e-87	 329	minus	0
LR134253.1	EU035273;cluster_I;Paracoccus_sp._4bc	79.51	493	5709996	68	25	2846040	2846527	474	10	2e-84	 320	minus	0
LR134253.1	GU083825;cluster_I;Mesorhizobium_alhagi	75.98	641	5709996	141	8	2845916	2846551	641	9	6e-84	 318	minus	0
LR134253.1	FM203329;cluster_I;Mesorhizobium_tianshanense	75.11	711	5709996	162	12	2845916	2846620	708	7	6e-84	 318	minus	0
LR134253.1	GU083824;cluster_I;Mesorhizobium_tianshanense	75.85	646	5709996	139	13	2845916	2846554	641	6	3e-82	 313	minus	0
LR134253.1	GQ892931;cluster_I;Burkholderia_phymatum	73.98	811	5709996	193	15	2845834	2846635	802	1	3e-82	 313	minus	0
LR134253.1	FN543955;cluster_I;Burkholderia_sp._JPY268	76.87	562	5709996	125	3	2845994	2846554	567	10	3e-82	 313	minus	0
LR134253.1	FN543953;cluster_I;Burkholderia_sp._JPY264	76.87	562	5709996	125	3	2845994	2846554	567	10	3e-82	 313	minus	0
LR134253.1	FN543954;cluster_I;Burkholderia_sp._JPY266	76.87	562	5709996	125	3	2845994	2846554	567	10	3e-82	 313	minus	0
LR134253.1	FN543933;cluster_I;Burkholderia_sp._JPY157	76.87	562	5709996	125	3	2845994	2846554	567	10	3e-82	 313	minus	0
LR134253.1	FJ643445;cluster_I;Mesorhizobium_amorphae	77.07	567	5709996	115	11	2845994	2846554	98	655	3e-82	 313	plus	0
LR134253.1	HM019529;cluster_I;Burkholderia_phymatum	74.73	728	5709996	170	11	2845834	2846554	802	82	3e-82	 313	minus	0
LR134253.1	EF153402;cluster_I;Mesorhizobium_huakuii	77.07	567	5709996	115	12	2845994	2846554	595	38	3e-82	 313	minus	0
LR134253.1	EU267714;cluster_I;Mesorhizobium_amorphae	77.07	567	5709996	115	12	2845994	2846554	600	43	3e-82	 313	minus	0
LR134253.1	EF153401;cluster_I;Mesorhizobium_amorphae	77.07	567	5709996	115	12	2845994	2846554	596	39	3e-82	 313	minus	0
LR134253.1	FJ878723;cluster_I;Rhizobium_sp._RPP20	75.89	647	5709996	135	16	2845917	2846554	671	37	1e-81	 311	minus	0
LR134253.1	EU035275;cluster_I;Vibrio_sp._9b	79.70	463	5709996	67	19	2846040	2846500	438	1	4e-81	 309	minus	0
LR134253.1	EU035272;cluster_I;Oceanimonas_sp._5a	79.34	484	5709996	67	25	2846040	2846518	456	1	4e-81	 309	minus	0
LR134253.1	GU220806;cluster_I;Mesorhizobium_camelthorni	75.66	641	5709996	143	8	2845916	2846551	642	10	1e-80	 307	minus	0
LR134253.1	GU220804;cluster_I;Mesorhizobium_camelthorni	75.66	641	5709996	143	8	2845916	2846551	642	10	1e-80	 307	minus	0
LR134253.1	GU220805;cluster_I;Mesorhizobium_camelthorni	75.66	641	5709996	143	8	2845916	2846551	642	10	1e-80	 307	minus	0
LR134253.1	GU083828;cluster_I;Mesorhizobium_alhagi	75.66	641	5709996	143	8	2845916	2846551	641	9	1e-80	 307	minus	0
LR134253.1	FJ481879;cluster_I;Mesorhizobium_alhagi	75.62	644	5709996	144	8	2845916	2846554	655	20	1e-80	 307	minus	0
LR134253.1	FJ481880;cluster_I;Mesorhizobium_alhagi	75.62	644	5709996	144	8	2845916	2846554	659	24	1e-80	 307	minus	0
LR134253.1	FJ481881;cluster_I;Mesorhizobium_alhagi	75.66	641	5709996	143	8	2845916	2846551	653	21	1e-80	 307	minus	0
LR134253.1	FJ481884;cluster_I;Mesorhizobium_alhagi_CCNWXJ12-2	75.66	641	5709996	143	8	2845916	2846551	665	33	1e-80	 307	minus	0
LR134253.1	HM019532;cluster_I;Burkholderia_phymatum	74.59	728	5709996	171	11	2845834	2846554	802	82	1e-80	 307	minus	0
LR134253.1	GU083827;cluster_I;Mesorhizobium_alhagi	75.59	639	5709996	143	8	2845916	2846549	641	11	2e-79	 303	minus	0
LR134253.1	FN543931;cluster_I;Burkholderia_sp._JPY155	76.61	560	5709996	124	5	2845994	2846551	567	13	6e-79	 302	minus	0
LR134253.1	HM019531;cluster_I;Burkholderia_phymatum	73.74	811	5709996	195	15	2845834	2846635	802	1	6e-79	 302	minus	0
LR134253.1	FJ481882;cluster_I;Mesorhizobium_alhagi	75.35	641	5709996	145	8	2845916	2846551	654	22	3e-77	 296	minus	0
LR134253.1	EU418411;cluster_I;Rhizobium_gallicum	75.46	648	5709996	138	18	2845916	2846554	672	37	3e-77	 296	minus	0
LR134253.1	EU035276;cluster_I;Corynebacterium_sp._12a	76.45	603	5709996	105	24	2846040	2846635	573	1	4e-76	 292	minus	0
LR134253.1	EU035277;cluster_I;Arthrobacter_sp._61k	76.41	602	5709996	107	26	2846040	2846635	573	1	4e-76	 292	minus	0
LR134253.1	FN544034;cluster_I;Burkholderia_diazotrophica	76.16	562	5709996	129	3	2845994	2846554	567	10	1e-75	 291	minus	0
LR134253.1	FN544005;cluster_I;Burkholderia_diazotrophica	76.16	562	5709996	129	3	2845994	2846554	567	10	1e-75	 291	minus	0
LR134253.1	FN543998;cluster_I;Burkholderia_sp._JPY380	76.16	562	5709996	129	3	2845994	2846554	567	10	1e-75	 291	minus	0
LR134253.1	FN543995;cluster_I;Burkholderia_diazotrophica	76.16	562	5709996	129	3	2845994	2846554	567	10	1e-75	 291	minus	0
LR134253.1	FJ623139;cluster_I;Mesorhizobium_sp._USDA_4255	77.97	472	5709996	98	4	2845917	2846387	469	3	1e-75	 291	minus	0
LR134253.1	FJ619301;cluster_I;Sinorhizobium_fredii	77.99	477	5709996	96	9	2845916	2846389	488	18	1e-75	 291	minus	0
LR134253.1	FJ481883;cluster_I;Mesorhizobium_alhagi	75.20	641	5709996	146	8	2845916	2846551	644	12	1e-75	 291	minus	0
LR134253.1	AF230189;cluster_I;Sinorhizobium_sp._C9	77.94	476	5709996	98	7	2845916	2846389	489	19	1e-75	 291	minus	0
LR134253.1	Z95229;cluster_I;Sinorhizobium_fredii	77.89	475	5709996	95	10	2845916	2846387	468	1	2e-74	 287	minus	0
LR134253.1	FN544054;cluster_I;Burkholderia_sp._JPY585	76.07	560	5709996	127	5	2845994	2846551	567	13	6e-74	 285	minus	0
LR134253.1	FN544000;cluster_I;Burkholderia_sp._JPY382	76.07	560	5709996	127	5	2845994	2846551	567	13	6e-74	 285	minus	0
LR134253.1	FN543994;cluster_I;Burkholderia_sp._JPY351	76.07	560	5709996	127	5	2845994	2846551	567	13	6e-74	 285	minus	0
LR134253.1	FN543992;cluster_I;Burkholderia_sp._JPY349	76.07	560	5709996	127	5	2845994	2846551	567	13	6e-74	 285	minus	0
LR134253.1	FJ827065;cluster_I;Mesorhizobium_sp._WSM3862	80.00	400	5709996	69	9	2845994	2846389	412	20	6e-74	 285	minus	0
LR134253.1	FJ623147;cluster_I;Mesorhizobium_sp._rob10	77.75	472	5709996	99	4	2845917	2846387	469	3	6e-74	 285	minus	0
LR134253.1	FJ623142;cluster_I;Mesorhizobium_sp._USDA_4236	77.80	473	5709996	97	6	2845917	2846387	469	3	6e-74	 285	minus	0
LR134253.1	AF285966;cluster_I;Sinorhizobium_sp._S002	77.78	477	5709996	97	9	2845916	2846389	489	19	6e-74	 285	minus	0
LR134253.1	AF230187;cluster_I;Sinorhizobium_sp._C4	77.78	477	5709996	97	9	2845916	2846389	489	19	6e-74	 285	minus	0
LR134253.1	AB191042;cluster_I;Heliobacterium_gestii	72.45	1031	5709996	232	43	2844595	2845602	2000	999	2e-73	 283	minus	0
LR134253.1	FN543993;cluster_I;Burkholderia_sp._JPY350	75.89	560	5709996	128	5	2845994	2846551	567	13	3e-72	 279	minus	0
LR134253.1	FJ623150;cluster_I;Mesorhizobium_sp._rob13	77.59	473	5709996	98	6	2845917	2846387	469	3	3e-72	 279	minus	0
LR134253.1	FJ623149;cluster_I;Mesorhizobium_sp._rob12	77.59	473	5709996	98	6	2845917	2846387	469	3	3e-72	 279	minus	0
LR134253.1	FJ623141;cluster_I;Mesorhizobium_sp._USDA_4214	77.59	473	5709996	98	6	2845917	2846387	469	3	3e-72	 279	minus	0
LR134253.1	FJ623140;cluster_I;Mesorhizobium_sp._USDA_4207	77.59	473	5709996	98	6	2845917	2846387	469	3	3e-72	 279	minus	0
LR134253.1	AF230188;cluster_I;Sinorhizobium_sp._C5	77.57	477	5709996	98	9	2845916	2846389	489	19	3e-72	 279	minus	0
LR134253.1	EU418412;cluster_I;Rhizobium_mongolense	75.00	648	5709996	141	18	2845916	2846554	672	37	3e-72	 279	minus	0
LR134253.1	FN543991;cluster_I;Burkholderia_sp._JPY346	76.00	550	5709996	125	5	2846004	2846551	557	13	1e-71	 278	minus	0
LR134253.1	GU256446;cluster_I;Azospirillum_canadense	80.38	372	5709996	64	6	2846207	2846575	375	10	1e-70	 274	minus	0
LR134253.1	GQ411215;cluster_I;Bacillus_sp._SUND_LM2	89.77	215	5709996	21	1	2846334	2846548	314	101	1e-70	 274	minus	0
LR134253.1	FN544055;cluster_I;Burkholderia_sp._JPY587	75.71	560	5709996	129	5	2845994	2846551	567	13	1e-70	 274	minus	0
LR134253.1	FM203330;cluster_I;Mesorhizobium_sp._CPS13	77.24	479	5709996	102	5	2845916	2846392	568	95	1e-70	 274	minus	0
LR134253.1	AY312969;cluster_I;Methylobacterium_nodulans_ORS_2060	78.84	430	5709996	72	17	2846187	2846608	425	7	5e-70	 272	minus	0
LR134253.1	AJ512205;cluster_I;Methylobacterium_nodulans_ORS_2060	78.84	430	5709996	72	17	2846187	2846608	425	7	5e-70	 272	minus	0
LR134253.1	FJ623148;cluster_I;Mesorhizobium_sp._rob11	77.22	474	5709996	98	8	2845917	2846387	469	3	6e-69	 268	minus	0
LR134253.1	FJ619298;cluster_I;Mesorhizobium_mediterraneum	79.15	398	5709996	76	5	2845994	2846389	411	19	6e-69	 268	minus	0
LR134253.1	AF230186;cluster_I;Sinorhizobium_sp._C2	77.15	477	5709996	100	9	2845916	2846389	489	19	6e-69	 268	minus	0
LR134253.1	EU581815;cluster_I;Sinorhizobium_meliloti	75.80	562	5709996	117	16	2845998	2846551	584	34	2e-68	 267	minus	0
LR134253.1	EU379970;cluster_I;Sinorhizobium_meliloti	75.80	562	5709996	117	16	2845998	2846551	590	40	2e-68	 267	minus	0
LR134253.1	EU581816;cluster_I;Sinorhizobium_meliloti	75.80	562	5709996	117	16	2845998	2846551	584	34	2e-68	 267	minus	0
LR134253.1	EU770978;cluster_I;Rhizobium_leguminosarum	73.80	729	5709996	165	22	2845918	2846635	714	1	8e-68	 265	minus	0
LR134253.1	GU256452;cluster_I;Azospirillum_rugosum	79.73	375	5709996	67	6	2846216	2846587	376	8	3e-67	 263	minus	0
LR134253.1	GQ871227;cluster_I;Mesorhizobium_sp._CCNWGS0010-1	77.31	454	5709996	98	3	2845916	2846368	450	1	3e-67	 263	minus	0
LR134253.1	GQ871225;cluster_I;Mesorhizobium_sp._CCNWGS0011	77.31	454	5709996	98	3	2845916	2846368	450	1	3e-67	 263	minus	0
LR134253.1	EU177587;cluster_I;Mesorhizobium_huakuii	74.69	644	5709996	134	19	2845994	2846633	146	764	4e-66	 259	plus	0
LR134253.1	GQ871224;cluster_I;Sinorhizobium_fredii	77.19	456	5709996	95	7	2845916	2846368	450	1	1e-65	 257	minus	0
LR134253.1	FJ623146;cluster_I;Mesorhizobium_sp._LMG_4270	78.83	392	5709996	76	5	2845994	2846383	392	6	1e-65	 257	minus	0
LR134253.1	FJ619297;cluster_I;Mesorhizobium_mediterraneum	76.78	478	5709996	100	9	2845916	2846389	490	20	1e-65	 257	minus	0
LR134253.1	DQ411933;cluster_I;Sinorhizobium_xinjiangense	77.63	438	5709996	89	9	2845916	2846350	432	1	1e-65	 257	minus	0
LR134253.1	DQ393890;cluster_I;Azospirillum_canadense	80.23	354	5709996	59	7	2846187	2846536	5	351	5e-65	 255	plus	0
LR134253.1	EU770979;cluster_I;Rhizobium_leguminosarum	73.53	729	5709996	167	22	2845918	2846635	714	1	2e-64	 254	minus	0
LR134253.1	DQ411942;cluster_I;Ensifer_mexicanus	77.45	439	5709996	88	8	2845916	2846350	432	1	6e-64	 252	minus	0
LR134253.1	GQ411209;cluster_I;Bacillus_megaterium	90.48	189	5709996	18	0	2846361	2846549	336	148	2e-63	 250	minus	0
LR134253.1	DQ413015;cluster_I;Rhizobium_leguminosarum_bv._viciae	76.26	476	5709996	107	5	2845918	2846392	676	206	8e-63	 248	minus	0
LR134253.1	DQ450927;cluster_I;Mesorhizobium_chacoense	78.12	393	5709996	80	4	2845998	2846389	388	1	1e-61	 244	minus	0
LR134253.1	EU581817;cluster_I;Sinorhizobium_meliloti	75.09	562	5709996	121	16	2845998	2846551	581	31	1e-61	 244	minus	0
LR134253.1	EU379969;cluster_I;Sinorhizobium_meliloti	75.09	562	5709996	115	19	2845998	2846551	106	650	5e-60	 239	plus	0
LR134253.1	EU698001;cluster_I;Mesorhizobium_temperatum	77.52	387	5709996	85	2	2845916	2846301	386	1	8e-58	 231	minus	0
LR134253.1	EU697999;cluster_I;Mesorhizobium_temperatum	77.27	396	5709996	84	6	2845916	2846308	402	10	1e-56	 228	minus	0
LR134253.1	EU697995;cluster_I;Mesorhizobium_temperatum	77.11	367	5709996	82	2	2845916	2846281	366	1	1e-51	 211	minus	0
LR134253.1	ADAF001432;cluster_I;Gluconacetobacter_diazotrophicus	79.74	306	5709996	51	8	2846244	2846545	299	1	1e-51	 211	minus	0
LR134253.1	EU252601;cluster_I;Mesorhizobium_septentrionale	76.02	342	5709996	76	6	2845916	2846254	339	1	5e-40	 172	minus	0
LR134253.1	GQ289583;cluster_III;Bradyrhizobium_japonicum	73.78	473	5709996	100	16	2846169	2846629	1	461	8e-38	 165	plus	0
LR134253.1	AY624581;Unclassified;Gluconacetobacter_azotocaptans	76.28	253	5709996	56	3	2845926	2846176	251	1	8e-28	 132	minus	0
