CP013985.1	V00631;cluster_I;Klebsiella_pneumoniae	88.89	1773	5600402	169	23	1769645	1771404	1803	46	0.0	2158	minus	0
CP013985.1	AY242355;cluster_I;Klebsiella_pneumoniae_342	97.51	883	5600402	20	2	1770276	1771157	882	1	0.0	1507	minus	0
CP013985.1	KPNNIFH;cluster_I;Klebsiella_pneumoniae	91.02	891	5600402	78	2	1770268	1771157	890	1	0.0	1201	minus	0
CP013985.1	X96609;cluster_I;Alcaligenes_faecalis	82.35	867	5600402	147	6	1770288	1771151	1475	612	0.0	 749	minus	0
CP013985.1	AVIMONFE;cluster_I;Azotobacter_chroococcum	82.46	838	5600402	136	8	1770321	1771151	1077	244	0.0	 723	minus	0
CP013985.1	FJ593866;cluster_I;Klebsiella_sp._AL060225_04	99.74	389	5600402	1	0	1770685	1771073	389	1	0.0	 713	minus	0
CP013985.1	FJ593865;cluster_I;Klebsiella_sp._AL050511_01	99.74	389	5600402	1	0	1770685	1771073	389	1	0.0	 713	minus	0
CP013985.1	FJ593767;cluster_I;Klebsiella_sp._P0643	99.74	389	5600402	1	0	1770685	1771073	389	1	0.0	 713	minus	0
CP013985.1	FJ593766;cluster_I;Klebsiella_sp._P0640	99.74	389	5600402	1	0	1770685	1771073	389	1	0.0	 713	minus	0
CP013985.1	FJ593765;cluster_I;Klebsiella_sp._P0638	99.74	389	5600402	1	0	1770685	1771073	389	1	0.0	 713	minus	0
CP013985.1	FJ593760;cluster_I;Klebsiella_sp._CRLS064	99.49	389	5600402	2	0	1770685	1771073	389	1	0.0	 708	minus	0
CP013985.1	FJ593763;cluster_I;Klebsiella_sp._CRLI0718a	99.49	389	5600402	2	0	1770685	1771073	389	1	0.0	 708	minus	0
CP013985.1	FJ593756;cluster_I;Klebsiella_sp._CRLI0715	99.49	389	5600402	2	0	1770685	1771073	389	1	0.0	 708	minus	0
CP013985.1	FJ593758;cluster_I;Klebsiella_sp._CRPV0610	99.49	389	5600402	2	0	1770685	1771073	389	1	0.0	 708	minus	0
CP013985.1	FJ593759;cluster_I;Klebsiella_sp._CRLS0617	99.49	389	5600402	2	0	1770685	1771073	389	1	0.0	 708	minus	0
CP013985.1	FJ593764;cluster_I;Klebsiella_sp._CRLI0713	99.49	389	5600402	2	0	1770685	1771073	389	1	0.0	 708	minus	0
CP013985.1	FJ593860;cluster_I;Klebsiella_sp._MNS_801b	99.23	389	5600402	3	0	1770685	1771073	389	1	0.0	 702	minus	0
CP013985.1	FJ593864;cluster_I;Klebsiella_sp._MNFG_802	99.23	389	5600402	3	0	1770685	1771073	389	1	0.0	 702	minus	0
CP013985.1	FJ593861;cluster_I;Klebsiella_sp._MNS_801a	99.23	389	5600402	3	0	1770685	1771073	389	1	0.0	 702	minus	0
CP013985.1	FJ593862;cluster_I;Klebsiella_sp._MNW_801b	99.23	389	5600402	3	0	1770685	1771073	389	1	0.0	 702	minus	0
CP013985.1	FJ593863;cluster_I;Klebsiella_sp._MNFG_801b	99.23	389	5600402	3	0	1770685	1771073	389	1	0.0	 702	minus	0
CP013985.1	FJ593757;cluster_I;Klebsiella_sp._CRLS069a	99.23	389	5600402	3	0	1770685	1771073	389	1	0.0	 702	minus	0
CP013985.1	FJ593762;cluster_I;Klebsiella_sp._CRLI0728	98.97	389	5600402	4	0	1770685	1771073	389	1	0.0	 697	minus	0
CP013985.1	FJ593761;cluster_I;Klebsiella_sp._CRLI0730	98.71	389	5600402	5	0	1770685	1771073	389	1	0.0	 691	minus	0
CP013985.1	X03916;cluster_I;Azotobacter_chroococcum	81.63	833	5600402	147	6	1770321	1771150	1174	345	0.0	 686	minus	0
CP013985.1	FJ593768;cluster_I;Klebsiella_sp._CRPV0611a	97.43	389	5600402	10	0	1770685	1771073	389	1	0.0	 664	minus	0
CP013985.1	X13519;cluster_I;Azotobacter_vinelandii	81.18	834	5600402	149	7	1770321	1771150	1050	221	0.0	 664	minus	0
CP013985.1	FJ593769;cluster_I;Klebsiella_sp._P0646	97.17	389	5600402	11	0	1770685	1771073	389	1	0.0	 658	minus	0
CP013985.1	FJ822998;cluster_I;Klebsiella_sp._gx-3	98.33	359	5600402	6	0	1770685	1771043	4	362	7e-178	 630	plus	0
CP013985.1	AY846276;cluster_I;Klebsiella_pneumoniae	95.65	391	5600402	16	1	1770751	1771140	10	400	9e-177	 627	plus	0
CP013985.1	EU938522;cluster_I;Burkholderia_sp._gx97	97.77	359	5600402	8	0	1770685	1771043	359	1	1e-174	 619	minus	0
CP013985.1	FJ822994;cluster_I;Sinorhizobium_sp._gx-153	98.29	350	5600402	6	0	1770685	1771034	4	353	7e-173	 614	plus	0
CP013985.1	AY367395;cluster_I;Klebsiella_variicola	99.40	336	5600402	2	0	1770685	1771020	336	1	9e-172	 610	minus	0
CP013985.1	AY367392;cluster_I;Klebsiella_variicola	99.11	336	5600402	3	0	1770708	1771043	337	2	4e-170	 604	minus	0
CP013985.1	AY367394;cluster_I;Klebsiella_variicola	99.10	333	5600402	3	0	1770711	1771043	334	2	2e-168	 599	minus	0
CP013985.1	AY367393;cluster_I;Klebsiella_variicola	98.81	336	5600402	4	0	1770685	1771020	336	1	2e-168	 599	minus	0
CP013985.1	AB189641;cluster_I;Halorhodospira_halophila	79.98	804	5600402	155	6	1770336	1771136	1031	231	4e-165	 588	minus	0
CP013985.1	DQ364801;cluster_I;Klebsiella_sp._BM92	98.44	320	5600402	5	0	1770727	1771046	320	1	7e-158	 564	minus	0
CP013985.1	AB270756;cluster_I;Klebsiella_pneumoniae	98.43	319	5600402	5	0	1770726	1771044	360	42	2e-157	 562	minus	0
CP013985.1	FJ593867;cluster_I;Klebsiella_sp._AL060224_03	92.03	389	5600402	31	0	1770685	1771073	389	1	7e-153	 547	minus	0
CP013985.1	KSU32183;cluster_I;Klebsiella_sp.	94.99	339	5600402	16	1	1770769	1771106	339	1	2e-152	 545	minus	0
CP013985.1	DQ821722;cluster_I;Sphingomonas_sp._Y49	96.89	322	5600402	10	0	1770702	1771023	322	1	1e-150	 540	minus	0
CP013985.1	DQ821723;cluster_I;Klebsiella_sp._Y57	96.27	322	5600402	12	0	1770702	1771023	322	1	3e-147	 529	minus	0
CP013985.1	AJ563286;cluster_I;Dechloromonas_sp._SIUL	81.02	669	5600402	119	7	1770400	1771064	677	13	3e-146	 525	minus	0
CP013985.1	AF031817;cluster_I;Rhodobacter_sphaeroides	77.49	822	5600402	157	21	1770333	1771140	1090	283	6e-129	 468	minus	0
CP013985.1	GQ381287;cluster_I;Klebsiella_sp._SZ7-2	89.97	359	5600402	33	2	1770685	1771043	356	1	9e-127	 460	minus	0
CP013985.1	AY221827;cluster_I;Klebsiella_oxytoca_KCTC_1686	90.52	327	5600402	31	0	1770699	1771025	327	1	2e-118	 433	minus	0
CP013985.1	FJ593868;cluster_I;Enterobacter_sp._MTP_050512_17	86.63	389	5600402	52	0	1770685	1771073	389	1	7e-118	 431	minus	0
CP013985.1	EF199951;cluster_I;Halorhodospira_halophila	83.74	449	5600402	73	0	1770685	1771133	449	1	3e-116	 425	minus	0
CP013985.1	EU622783;cluster_I;Thiocapsa_bogorovii	84.74	426	5600402	63	2	1770685	1771109	449	25	3e-116	 425	minus	0
CP013985.1	AB542353;cluster_I;Azospirillum_sp._TSA36t	79.67	600	5600402	111	9	1770459	1771054	615	23	4e-115	 422	minus	0
CP013985.1	AY373368;cluster_I;Paenibacillus_sp._g2	89.91	327	5600402	33	0	1770720	1771046	327	1	4e-115	 422	minus	0
CP013985.1	AY367396;cluster_I;Raoultella_terrigena	89.46	332	5600402	35	0	1770712	1771043	332	1	2e-114	 420	minus	0
CP013985.1	AY373369;cluster_I;Bacillus_cereus	89.60	327	5600402	34	0	1770720	1771046	331	5	2e-113	 416	minus	0
CP013985.1	X63352;cluster_I;Rhodobacter_capsulatus	76.13	842	5600402	174	20	1770322	1771148	2132	1303	2e-113	 416	minus	0
CP013985.1	FJ347424;cluster_I;Bradyrhizobium_sp._ORS_298	79.65	570	5600402	105	10	1770464	1771029	563	1	7e-113	 414	minus	0
CP013985.1	FJ347438;cluster_I;Bradyrhizobium_sp._ORS_330	80.43	557	5600402	96	12	1770478	1771029	549	1	3e-112	 412	minus	0
CP013985.1	FJ347445;cluster_I;Bradyrhizobium_sp._ORS_361	79.82	560	5600402	102	10	1770474	1771029	553	1	9e-112	 411	minus	0
CP013985.1	FJ347430;cluster_I;Bradyrhizobium_sp._ORS_307	79.89	557	5600402	99	12	1770478	1771029	549	1	9e-112	 411	minus	0
CP013985.1	FJ347427;cluster_I;Bradyrhizobium_sp._ORS_303	79.82	560	5600402	102	10	1770474	1771029	553	1	9e-112	 411	minus	0
CP013985.1	AY373371;cluster_I;Bacillus_sp._w5	89.30	327	5600402	35	0	1770720	1771046	327	1	9e-112	 411	minus	0
CP013985.1	X07866;cluster_I;Rhodobacter_capsulatus_SB_1003	76.01	842	5600402	175	20	1770322	1771148	934	105	9e-112	 411	minus	0
CP013985.1	FJ347446;cluster_I;Bradyrhizobium_sp._ORS_372	80.07	557	5600402	98	12	1770478	1771029	549	1	3e-111	 409	minus	0
CP013985.1	FJ347443;cluster_I;Bradyrhizobium_sp._ORS_356	79.64	560	5600402	103	10	1770474	1771029	553	1	1e-110	 407	minus	0
CP013985.1	AB542360;cluster_I;Azospirillum_sp._TSH19	79.79	574	5600402	105	10	1770459	1771028	568	2	1e-110	 407	minus	0
CP013985.1	HM047125;cluster_I;Bradyrhizobium_denitrificans	79.33	595	5600402	112	10	1770464	1771054	619	32	1e-110	 407	minus	0
CP013985.1	EF200511;cluster_I;Klebsiella_sp._TT001	90.79	304	5600402	28	0	1770710	1771013	304	1	1e-110	 407	minus	0
CP013985.1	EF200510;cluster_I;Klebsiella_sp._NTI31	90.79	304	5600402	28	0	1770710	1771013	304	1	1e-110	 407	minus	0
CP013985.1	FJ347434;cluster_I;Bradyrhizobium_sp._ORS_318	79.68	556	5600402	102	10	1770478	1771029	549	1	4e-110	 405	minus	0
CP013985.1	FJ347422;cluster_I;Bradyrhizobium_sp._ORS_294	79.68	556	5600402	102	10	1770478	1771029	549	1	4e-110	 405	minus	0
CP013985.1	AB542367;cluster_I;Azospirillum_sp._TSH100	79.76	573	5600402	105	10	1770459	1771027	566	1	4e-110	 405	minus	0
CP013985.1	GU001626;cluster_I;Bradyrhizobium_japonicum	78.83	633	5600402	109	22	1770464	1771085	57	675	2e-109	 403	plus	0
CP013985.1	GU001631;cluster_I;Bradyrhizobium_japonicum	78.83	633	5600402	109	22	1770464	1771085	57	675	2e-109	 403	plus	0
CP013985.1	GU001628;cluster_I;Bradyrhizobium_japonicum	78.83	633	5600402	109	22	1770464	1771085	57	675	2e-109	 403	plus	0
CP013985.1	FJ593777;cluster_I;Pantoea_sp._CRLI0725a	85.35	389	5600402	57	0	1770685	1771073	389	1	2e-109	 403	minus	0
CP013985.1	FJ593779;cluster_I;Pantoea_sp._A0305	85.35	389	5600402	57	0	1770685	1771073	389	1	2e-109	 403	minus	0
CP013985.1	FJ593780;cluster_I;Pantoea_sp._P0352	85.35	389	5600402	57	0	1770685	1771073	389	1	2e-109	 403	minus	0
CP013985.1	FJ593778;cluster_I;Pantoea_sp._P0359	85.35	389	5600402	57	0	1770685	1771073	389	1	2e-109	 403	minus	0
CP013985.1	FJ347449;cluster_I;Bradyrhizobium_sp._ORS_391	80.00	560	5600402	101	10	1770474	1771029	553	1	2e-109	 403	minus	0
CP013985.1	FJ347439;cluster_I;Bradyrhizobium_sp._ORS_331	80.00	560	5600402	101	10	1770474	1771029	553	1	2e-109	 403	minus	0
CP013985.1	FJ347418;cluster_I;Bradyrhizobium_sp._ORS_277	80.07	557	5600402	98	12	1770478	1771029	549	1	2e-109	 403	minus	0
CP013985.1	AY373365;cluster_I;Bacillus_megaterium	89.38	320	5600402	34	0	1770727	1771046	320	1	2e-109	 403	minus	0
CP013985.1	FJ347420;cluster_I;Bradyrhizobium_sp._ORS_285	79.68	571	5600402	103	12	1770464	1771029	563	1	6e-109	 401	minus	0
CP013985.1	FJ347436;cluster_I;Bradyrhizobium_sp._ORS_327	79.51	571	5600402	104	12	1770464	1771029	563	1	2e-108	 399	minus	0
CP013985.1	AB542349;cluster_I;Azospirillum_sp._TSA20c	79.00	600	5600402	115	9	1770459	1771054	621	29	2e-108	 399	minus	0
CP013985.1	AB542346;cluster_I;Azospirillum_sp._TSA16	79.00	600	5600402	115	9	1770459	1771054	600	8	2e-108	 399	minus	0
CP013985.1	AB542338;cluster_I;Azospirillum_sp._TSA6c	79.00	600	5600402	115	9	1770459	1771054	621	29	2e-108	 399	minus	0
CP013985.1	FJ032021;cluster_I;Klebsiella_sp._BN-4A	89.97	309	5600402	31	0	1770751	1771059	309	1	2e-108	 399	minus	0
CP013985.1	GQ381290;cluster_I;Klebsiella_pneumoniae	89.10	321	5600402	33	2	1770685	1771005	331	13	7e-108	 398	minus	0
CP013985.1	FJ347423;cluster_I;Bradyrhizobium_sp._ORS_297	79.89	557	5600402	99	12	1770478	1771029	549	1	7e-108	 398	minus	0
CP013985.1	FJ347448;cluster_I;Bradyrhizobium_sp._ORS_377	79.64	560	5600402	103	10	1770474	1771029	553	1	3e-107	 396	minus	0
CP013985.1	FJ347426;cluster_I;Bradyrhizobium_sp._ORS_301	79.53	557	5600402	101	12	1770478	1771029	549	1	3e-107	 396	minus	0
CP013985.1	FJ347421;cluster_I;Bradyrhizobium_sp._ORS_287	79.53	557	5600402	101	12	1770478	1771029	549	1	3e-107	 396	minus	0
CP013985.1	FJ347435;cluster_I;Bradyrhizobium_sp._ORS_324	79.50	556	5600402	103	10	1770478	1771029	549	1	1e-106	 394	minus	0
CP013985.1	AF545637;cluster_I;Pantoea_agglomerans	86.55	357	5600402	48	0	1770759	1771115	360	4	1e-106	 394	minus	0
CP013985.1	AY373366;cluster_I;Bacillus_sp._c6	88.38	327	5600402	38	0	1770720	1771046	327	1	1e-106	 394	minus	0
CP013985.1	GU001618;cluster_I;Bradyrhizobium_cytisi	78.03	660	5600402	120	22	1770406	1771054	671	26	3e-106	 392	minus	0
CP013985.1	FJ347441;cluster_I;Bradyrhizobium_sp._ORS_344	79.17	557	5600402	103	12	1770478	1771029	549	1	3e-106	 392	minus	0
CP013985.1	EU622788;cluster_I;Allochromatium_minutissimum	82.44	450	5600402	77	2	1770685	1771133	449	1	3e-106	 392	minus	0
CP013985.1	GU001633;cluster_I;Bradyrhizobium_canariense	77.66	685	5600402	124	26	1770414	1771085	7	675	1e-105	 390	plus	0
CP013985.1	GQ381289;cluster_I;Paenibacillus_sp._SZ002	88.79	321	5600402	33	3	1770685	1771005	327	10	1e-105	 390	minus	0
CP013985.1	FJ347437;cluster_I;Bradyrhizobium_sp._ORS_328	79.14	561	5600402	104	12	1770474	1771029	553	1	1e-105	 390	minus	0
CP013985.1	FJ347447;cluster_I;Bradyrhizobium_sp._ORS_375	78.99	557	5600402	104	12	1770478	1771029	549	1	4e-105	 388	minus	0
CP013985.1	FJ347425;cluster_I;Bradyrhizobium_sp._ORS_300	79.32	561	5600402	103	12	1770474	1771029	553	1	4e-105	 388	minus	0
CP013985.1	DQ364804;cluster_I;Klebsiella_sp._JT42	88.11	328	5600402	37	2	1770720	1771046	327	1	4e-105	 388	minus	0
CP013985.1	FJ032022;cluster_I;Klebsiella_sp._AF-4C	89.32	309	5600402	33	0	1770751	1771059	311	3	4e-105	 388	minus	0
CP013985.1	FJ347451;cluster_I;Bradyrhizobium_sp._ORS_400	78.87	568	5600402	109	10	1770466	1771029	561	1	6e-104	 385	minus	0
CP013985.1	GU001627;cluster_I;Bradyrhizobium_rifense	77.79	662	5600402	118	25	1770406	1771054	671	26	7e-103	 381	minus	0
CP013985.1	FJ822999;cluster_I;Stenotrophomonas_sp._gx-44	85.64	362	5600402	52	0	1770682	1771043	1	362	7e-103	 381	plus	0
CP013985.1	FJ347419;cluster_I;Bradyrhizobium_sp._ORS_279	78.79	561	5600402	106	12	1770474	1771029	553	1	7e-103	 381	minus	0
CP013985.1	FJ347433;cluster_I;Bradyrhizobium_sp._ORS_310	78.57	560	5600402	109	10	1770474	1771029	553	1	1e-101	 377	minus	0
CP013985.1	GQ289574;cluster_I/IA;Bradyrhizobium_japonicum	81.25	464	5600402	81	6	1770667	1771127	1	461	2e-99	 370	plus	0
CP013985.1	EU693339;cluster_I;Bacillus_sp._Z7	83.67	392	5600402	64	0	1770667	1771058	427	36	2e-99	 370	minus	0
CP013985.1	EU693340;cluster_I;Bacillus_sp._Z19	82.81	413	5600402	69	2	1770667	1771079	428	18	6e-99	 368	minus	0
CP013985.1	GU001619;cluster_I;Bradyrhizobium_cytisi	77.38	663	5600402	119	26	1770406	1771054	671	26	7e-98	 364	minus	0
CP013985.1	FJ822997;cluster_I;Pseudomonas_sp._gx-127	85.00	360	5600402	52	2	1770685	1771043	4	362	7e-98	 364	plus	0
CP013985.1	AB542356;cluster_I;Azospirillum_sp._TSH2	78.63	571	5600402	107	11	1770464	1771028	562	1	7e-98	 364	minus	0
CP013985.1	EU693338;cluster_I;Azotobacter_chroococcum	82.65	415	5600402	69	3	1770667	1771079	434	21	7e-98	 364	minus	0
CP013985.1	EU693341;cluster_I;Acinetobacter_sp._Z21	83.55	389	5600402	64	0	1770667	1771055	429	41	7e-98	 364	minus	0
CP013985.1	AB542357;cluster_I;Azospirillum_sp._TSH5	78.56	569	5600402	107	11	1770464	1771026	560	1	1e-96	 361	minus	0
CP013985.1	AB542358;cluster_I;Azospirillum_sp._TSH6	78.56	569	5600402	107	11	1770464	1771026	560	1	1e-96	 361	minus	0
CP013985.1	AB542359;cluster_I;Azospirillum_sp._TSH10	78.56	569	5600402	107	11	1770464	1771026	560	1	1e-96	 361	minus	0
CP013985.1	EU693342;cluster_I;Bacillus_sp._Z22	82.60	408	5600402	70	1	1770667	1771073	436	29	3e-96	 359	minus	0
CP013985.1	AB542361;cluster_I;Azospirillum_sp._TSH21	78.35	568	5600402	112	9	1770459	1771022	571	11	1e-95	 357	minus	0
CP013985.1	AB542347;cluster_I;Azospirillum_sp._TSA18	78.35	568	5600402	112	9	1770459	1771022	567	7	1e-95	 357	minus	0
CP013985.1	AB542337;cluster_I;Azospirillum_sp._TSA2s	78.35	568	5600402	112	9	1770459	1771022	565	5	1e-95	 357	minus	0
CP013985.1	AB542344;cluster_I;Azospirillum_sp._TSA15c	78.35	568	5600402	112	9	1770459	1771022	565	5	1e-95	 357	minus	0
CP013985.1	AB542340;cluster_I;Azospirillum_sp._TSA11	78.35	568	5600402	112	9	1770459	1771022	567	7	1e-95	 357	minus	0
CP013985.1	AB542343;cluster_I;Azospirillum_sp._TSA14w	78.35	568	5600402	112	9	1770459	1771022	569	9	1e-95	 357	minus	0
CP013985.1	AB542348;cluster_I;Azospirillum_sp._TSA19	78.29	562	5600402	111	9	1770459	1771016	558	4	6e-94	 351	minus	0
CP013985.1	AB542341;cluster_I;Azospirillum_sp._TSA12	78.29	562	5600402	111	9	1770459	1771016	558	4	6e-94	 351	minus	0
CP013985.1	AB542366;cluster_I;Azospirillum_sp._TSH96	78.15	563	5600402	108	11	1770466	1771022	557	4	1e-91	 344	minus	0
CP013985.1	AB542364;cluster_I;Azospirillum_sp._TSH78	78.03	569	5600402	110	11	1770466	1771028	561	2	1e-91	 344	minus	0
CP013985.1	DQ821718;cluster_I;Enterobacter_sp._Y4	85.40	322	5600402	47	0	1770702	1771023	322	1	6e-89	 335	minus	0
CP013985.1	FJ822995;cluster_I;Agrobacterium_tumefaciens	83.29	359	5600402	60	0	1770685	1771043	4	362	8e-88	 331	plus	0
CP013985.1	GQ289580;cluster_I/IA;Bradyrhizobium_japonicum	79.53	464	5600402	89	6	1770667	1771127	1	461	4e-86	 326	plus	0
CP013985.1	AF484657;cluster_I;Methylobacterium_sp._xct7	79.70	463	5600402	82	10	1770580	1771038	455	1	1e-85	 324	minus	0
CP013985.1	U97116;cluster_I;Azoarcus_communis	80.92	414	5600402	73	5	1770699	1771109	411	1	5e-85	 322	minus	0
CP013985.1	DQ787333;cluster_I;Azospirillum_lipoferum	80.50	441	5600402	69	12	1770685	1771118	446	16	5e-85	 322	minus	0
CP013985.1	DQ787331;cluster_I;Azospirillum_lipoferum	79.91	453	5600402	80	9	1770685	1771133	446	1	5e-85	 322	minus	0
CP013985.1	DQ787334;cluster_I;Azospirillum_lipoferum	80.37	438	5600402	75	9	1770685	1771118	446	16	5e-85	 322	minus	0
CP013985.1	DQ787332;cluster_I;Azospirillum_lipoferum	80.37	438	5600402	75	9	1770685	1771118	446	16	5e-85	 322	minus	0
CP013985.1	FJ687522;cluster_I;Aeromonas_sp._IPPW-33a	82.64	363	5600402	61	2	1770682	1771043	362	1	2e-84	 320	minus	0
CP013985.1	DQ821725;cluster_I;Micrococcus_sp._Y70	84.47	322	5600402	50	0	1770702	1771023	322	1	6e-84	 318	minus	0
CP013985.1	AB079621;cluster_I;Rhodobacter_azotoformans	79.82	456	5600402	75	13	1770685	1771133	458	13	2e-83	 316	minus	0
CP013985.1	DQ821719;cluster_I;Enterobacter_sp._Y11	84.16	322	5600402	51	0	1770702	1771023	322	1	3e-82	 313	minus	0
CP013985.1	EF626686;cluster_I;Azonexus_hydrophilus	83.19	339	5600402	55	2	1770694	1771031	338	1	4e-81	 309	minus	0
CP013985.1	AB161454;cluster_I;Pleomorphomonas_oryzae	80.14	423	5600402	75	6	1770713	1771132	417	1	1e-80	 307	minus	0
CP013985.1	DQ029203;cluster_I;Azonexus_caeni	84.87	304	5600402	42	3	1770697	1770998	307	6	2e-79	 303	minus	0
CP013985.1	EF626684;cluster_I;Azonexus_hydrophilus_DSM_23864	82.89	339	5600402	56	2	1770694	1771031	338	1	2e-79	 303	minus	0
CP013985.1	EF626685;cluster_I;Azonexus_hydrophilus	82.89	339	5600402	56	2	1770694	1771031	338	1	2e-79	 303	minus	0
CP013985.1	FN813553;cluster_I;Azospirillum_zeae	81.87	364	5600402	59	5	1770682	1771043	359	1	2e-78	 300	minus	0
CP013985.1	FN813552;cluster_I;Azospirillum_zeae	81.87	364	5600402	59	5	1770682	1771043	359	1	2e-78	 300	minus	0
CP013985.1	V01215;cluster_I;Sinorhizobium_meliloti	77.61	518	5600402	101	15	1770639	1771150	677	169	2e-78	 300	minus	0
CP013985.1	AB430882;cluster_I;Azotobacter_chroococcum	83.28	323	5600402	52	2	1770702	1771023	322	1	3e-77	 296	minus	0
CP013985.1	FJ687521;cluster_I;Aeromonas_sp._IPPW-29	81.74	367	5600402	54	12	1770682	1771043	359	1	1e-76	 294	minus	0
CP013985.1	FJ687517;cluster_I;Pseudomonas_sp._IPPW-2	81.74	367	5600402	54	12	1770682	1771043	359	1	1e-76	 294	minus	0
CP013985.1	FN813561;cluster_I;Azospirillum_zeae	81.64	365	5600402	58	7	1770682	1771043	359	1	1e-76	 294	minus	0
CP013985.1	AY351672;cluster_I;Azotobacter_chroococcum	83.23	322	5600402	52	2	1770705	1771025	321	1	1e-76	 294	minus	0
CP013985.1	EU418411;cluster_I;Rhizobium_gallicum	79.67	423	5600402	75	11	1770472	1770890	614	199	1e-76	 294	minus	0
CP013985.1	DQ682472;cluster_I;Azospirillum_zeae	81.49	362	5600402	58	7	1770685	1771043	357	2	4e-76	 292	minus	0
CP013985.1	GU256446;cluster_I;Azospirillum_canadense	80.95	378	5600402	63	6	1770705	1771079	375	4	1e-75	 291	minus	0
CP013985.1	AB489139;cluster_I;Paenibacillus_abekawaensis	80.41	388	5600402	71	4	1770511	1770897	816	433	1e-75	 291	minus	0
CP013985.1	DQ682471;cluster_I;Azospirillum_zeae	81.62	359	5600402	57	7	1770685	1771040	353	1	5e-75	 289	minus	0
CP013985.1	AB079622;cluster_I;Rhodobacter_sp._AP-10	78.41	454	5600402	87	7	1770684	1771133	459	13	6e-74	 285	minus	0
CP013985.1	AY624581;Unclassified;Gluconacetobacter_azotocaptans	75.90	585	5600402	124	16	1769526	1770100	1257	680	2e-73	 283	minus	0
CP013985.1	AY768690;cluster_I;Azonexus_fungiphilus	82.72	324	5600402	50	5	1770705	1771025	321	1	2e-73	 283	minus	0
CP013985.1	EU418412;cluster_I;Rhizobium_mongolense	79.20	423	5600402	77	11	1770472	1770890	614	199	2e-73	 283	minus	0
CP013985.1	EF634041;cluster_I;Rhizobium_gallicum	82.26	327	5600402	57	1	1770711	1771037	1	326	8e-73	 281	plus	0
CP013985.1	GQ503352;cluster_I;Mesorhizobium_ciceri	83.02	318	5600402	45	9	1770579	1770893	204	515	3e-72	 279	plus	0
CP013985.1	DQ413015;cluster_I;Rhizobium_leguminosarum_bv._viciae	80.21	384	5600402	67	8	1770579	1770959	514	137	3e-72	 279	minus	0
CP013985.1	GU256453;cluster_I;Azospirillum_zeae	81.63	343	5600402	56	5	1770714	1771054	374	37	1e-71	 278	minus	0
CP013985.1	FJ643446;cluster_I;Sinorhizobium_meliloti	77.05	501	5600402	101	14	1770639	1771133	246	738	4e-71	 276	plus	0
CP013985.1	AB182912;cluster_I;Pleomorphomonas_oryzae	79.22	409	5600402	76	6	1770713	1771118	407	5	4e-71	 276	minus	0
CP013985.1	DQ029204;cluster_I;Azonexus_fungiphilus	83.39	295	5600402	49	0	1770696	1770990	308	14	1e-70	 274	minus	0
CP013985.1	AB185395;cluster_I;Azospirillum_oryzae	79.26	405	5600402	75	7	1770705	1771106	408	10	1e-70	 274	minus	0
CP013985.1	GQ161241;cluster_I;Azospirillum_brasilense	80.72	363	5600402	59	8	1770685	1771043	356	1	5e-70	 272	minus	0
CP013985.1	EU379970;cluster_I;Sinorhizobium_meliloti	75.34	588	5600402	134	10	1770466	1771049	620	40	5e-70	 272	minus	0
CP013985.1	EU581816;cluster_I;Sinorhizobium_meliloti	75.34	588	5600402	134	10	1770466	1771049	614	34	5e-70	 272	minus	0
CP013985.1	AY929545;cluster_I;Rhizobium_sp._USDA_1920	79.44	394	5600402	70	11	1770492	1770881	387	1	6e-69	 268	minus	0
CP013985.1	AY929537;cluster_I;Rhizobium_mongolense	79.44	394	5600402	70	11	1770492	1770881	387	1	6e-69	 268	minus	0
CP013985.1	AY929538;cluster_I;Rhizobium_mongolense	79.44	394	5600402	70	11	1770492	1770881	387	1	6e-69	 268	minus	0
CP013985.1	AY929541;cluster_I;Rhizobium_yanglingense	79.44	394	5600402	70	11	1770492	1770881	387	1	6e-69	 268	minus	0
CP013985.1	DQ393890;cluster_I;Azospirillum_canadense	80.91	351	5600402	56	8	1770685	1771031	5	348	2e-68	 267	plus	0
CP013985.1	AB182913;cluster_I;Pleomorphomonas_oryzae	79.15	398	5600402	74	6	1770713	1771107	396	5	2e-68	 267	minus	0
CP013985.1	EU379969;cluster_I;Sinorhizobium_meliloti	76.75	499	5600402	102	13	1770639	1771133	246	734	2e-68	 267	plus	0
CP013985.1	EU581815;cluster_I;Sinorhizobium_meliloti	77.23	470	5600402	98	8	1770583	1771049	497	34	2e-68	 267	minus	0
CP013985.1	AJ457920;cluster_I;Sinorhizobium_sp._Rch-9868	77.45	470	5600402	91	14	1770583	1771046	525	65	2e-68	 267	minus	0
CP013985.1	EF199958;cluster_I;Thioalkalispira_microaerophila	80.06	356	5600402	71	0	1770712	1771067	383	28	8e-68	 265	minus	0
CP013985.1	AB079632;cluster_I;Rhodobacter_blasticus_DSM_2131	77.53	454	5600402	89	9	1770685	1771133	458	13	8e-68	 265	minus	0
CP013985.1	AB182911;cluster_I;Pleomorphomonas_oryzae	79.09	397	5600402	74	6	1770714	1771107	394	4	8e-68	 265	minus	0
CP013985.1	AB182910;cluster_I;Pleomorphomonas_oryzae	78.86	402	5600402	76	6	1770720	1771118	400	5	3e-67	 263	minus	0
CP013985.1	AY934874;cluster_I;Sinorhizobium_sp._CCBAU_33036A	75.13	583	5600402	134	10	1770471	1771049	630	55	3e-67	 263	minus	0
CP013985.1	EF153400;cluster_I;Sinorhizobium_meliloti	78.50	414	5600402	80	9	1770639	1771049	447	40	3e-67	 263	minus	0
CP013985.1	AY934877;cluster_I;Sinorhizobium_sp._CCBAU_53044B	78.50	414	5600402	80	9	1770639	1771049	463	56	3e-67	 263	minus	0
CP013985.1	DQ413016;cluster_I;Sinorhizobium_meliloti	78.50	414	5600402	80	9	1770639	1771049	454	47	3e-67	 263	minus	0
CP013985.1	EU707160;cluster_I;Sinorhizobium_meliloti	78.50	414	5600402	80	9	1770639	1771049	425	18	3e-67	 263	minus	0
CP013985.1	EU252599;cluster_I;Sinorhizobium_meliloti	78.50	414	5600402	80	9	1770639	1771049	446	39	3e-67	 263	minus	0
CP013985.1	EU252600;cluster_I;Sinorhizobium_sp._CCBAU_83317	78.50	414	5600402	80	9	1770639	1771049	447	40	3e-67	 263	minus	0
CP013985.1	EU770978;cluster_I;Rhizobium_leguminosarum	75.58	561	5600402	122	14	1770579	1771133	552	1	3e-67	 263	minus	0
CP013985.1	AJ457919;cluster_I;Sinorhizobium_sp._Rch-9813	77.23	470	5600402	92	14	1770583	1771046	525	65	1e-66	 261	minus	0
CP013985.1	EU407189;cluster_I;Rhizobium_tibeticum	76.89	476	5600402	101	8	1770580	1771052	495	26	1e-66	 261	minus	0
CP013985.1	GU256450;cluster_I;Azospirillum_melinis	80.83	339	5600402	58	5	1770718	1771054	368	35	4e-66	 259	minus	0
CP013985.1	EF070145;cluster_I;Sinorhizobium_meliloti	78.26	414	5600402	81	9	1770639	1771049	416	9	1e-65	 257	minus	0
CP013985.1	EU418418;cluster_I;Sinorhizobium_meliloti	78.26	414	5600402	81	9	1770639	1771049	441	34	1e-65	 257	minus	0
CP013985.1	EF158046;cluster_I;Azospira_restricta	83.76	271	5600402	40	3	1770694	1770962	269	1	2e-64	 254	minus	0
CP013985.1	EU386145;cluster_I;Rhizobium_sp._NGR181	79.07	387	5600402	68	10	1770578	1770959	422	44	2e-64	 254	minus	0
CP013985.1	EU770979;cluster_I;Rhizobium_leguminosarum	75.22	561	5600402	124	14	1770579	1771133	552	1	6e-64	 252	minus	0
CP013985.1	EU581817;cluster_I;Sinorhizobium_meliloti	74.66	588	5600402	138	10	1770466	1771049	611	31	2e-63	 250	minus	0
CP013985.1	GU256451;cluster_I;Azospirillum_picis	80.35	341	5600402	56	7	1770718	1771054	370	37	8e-63	 248	minus	0
CP013985.1	GQ411215;cluster_I;Bacillus_sp._SUND_LM2	87.44	215	5600402	26	1	1770832	1771046	314	101	3e-62	 246	minus	0
CP013985.1	AB079628;cluster_I;Rhodovulum_strictum	76.65	454	5600402	93	9	1770685	1771133	458	13	5e-60	 239	minus	0
CP013985.1	AB079629;cluster_I;Rhodovulum_strictum	76.48	455	5600402	94	9	1770684	1771133	459	13	6e-59	 235	minus	0
CP013985.1	AB191042;cluster_I;Heliobacterium_gestii	71.41	1025	5600402	253	36	1769093	1770100	2000	999	2e-58	 233	minus	0
CP013985.1	ADAF001432;cluster_I;Gluconacetobacter_diazotrophicus	80.84	308	5600402	50	5	1770739	1771043	302	1	2e-58	 233	minus	0
CP013985.1	GQ411209;cluster_I;Bacillus_megaterium	88.48	191	5600402	22	0	1770857	1771047	338	148	8e-58	 231	minus	0
CP013985.1	AY079181;cluster_I;Rhizobium_tropici	77.24	391	5600402	84	4	1770459	1770848	387	1	1e-55	 224	minus	0
CP013985.1	EF620478;cluster_I;Azotobacter_chroococcum	79.23	337	5600402	55	15	1770702	1771028	332	1	2e-54	 220	minus	0
CP013985.1	EU697999;cluster_I;Mesorhizobium_temperatum	85.51	207	5600402	28	2	1770580	1770785	236	31	8e-53	 215	minus	0
CP013985.1	EU177583;cluster_I;Sinorhizobium_meliloti	75.35	495	5600402	89	26	1770639	1771127	290	757	1e-50	 207	plus	0
CP013985.1	DQ407288;cluster_I;Mesorhizobium_tianshanense	84.19	215	5600402	30	4	1770579	1770791	214	2	5e-50	 206	minus	0
CP013985.1	AH000924;cluster_I;Rhizobium_sp.	74.79	472	5600402	107	11	1769124	1769589	773	308	6e-49	 202	minus	0
CP013985.1	AH000924;cluster_I;Rhizobium_sp.	85.19	81	5600402	9	3	1768250	1768328	116	37	3e-12	80.5	minus	0
CP013985.1	DQ407287;cluster_I;Mesorhizobium_tianshanense	84.04	213	5600402	29	5	1770579	1770788	214	4	2e-48	 200	minus	0
CP013985.1	DQ407295;cluster_I;Mesorhizobium_ciceri	84.21	209	5600402	29	4	1770579	1770785	207	1	2e-48	 200	minus	0
CP013985.1	GQ289582;cluster_III;Bradyrhizobium_japonicum	82.08	240	5600402	29	10	1770667	1770896	1	236	4e-46	 193	plus	0
CP013985.1	DQ315787;cluster_I;Anabaena_variabilis_ATCC_29413	72.16	686	5600402	163	23	1770461	1771133	704	34	2e-43	 183	minus	0
CP013985.1	AJ968685;cluster_I;Microbacterium_sp._ORS_1418	76.97	343	5600402	66	12	1770697	1771034	335	1	2e-43	 183	minus	0
CP013985.1	GQ289573;cluster_III;Bradyrhizobium_japonicum	80.33	244	5600402	38	6	1770667	1770902	1	242	4e-41	 176	plus	0
CP013985.1	AJ968687;cluster_I;Microbacterium_sp._ORS_1417	76.65	334	5600402	67	10	1770705	1771034	329	3	1e-40	 174	minus	0
CP013985.1	AJ968686;cluster_I;Agromyces_sp._ORS_1437	78.73	268	5600402	44	12	1770697	1770959	312	53	2e-38	 167	minus	0
CP013985.1	AVU89346;cluster_I;Anabaena_variabilis_ATCC_29413	71.35	691	5600402	180	16	1770457	1771139	1097	417	3e-37	 163	minus	0
CP013985.1	Z31716;cluster_I;Nostoc_sp._PCC_6720	71.20	691	5600402	181	16	1770457	1771139	1234	554	1e-35	 158	minus	0
CP013985.1	FJ712276;cluster_I;Rhizobium_petrolearium	76.41	301	5600402	64	7	1770751	1771049	331	36	5e-35	 156	minus	0
CP013985.1	DQ364798;cluster_I;Paenibacillus_sp._GJ24	74.55	334	5600402	68	12	1770720	1771046	324	1	3e-27	 130	minus	0
CP013985.1	EF560698;cluster_III;Chlorobaculum_macestae	77.29	229	5600402	44	5	1770685	1770906	449	222	1e-26	 128	minus	0
CP013985.1	DQ364799;cluster_I;Paenibacillus_sp._GA12	75.77	260	5600402	54	6	1770720	1770976	324	71	5e-25	 122	minus	0
CP013985.1	AY373370;cluster_I;Paenibacillus_massiliensis	77.91	172	5600402	35	2	1770720	1770891	306	138	2e-19	 104	minus	0
CP013985.1	NOSGLBN;cluster_I;Nostoc_sp.	77.12	153	5600402	30	5	1770989	1771139	1184	1035	2e-13	84.2	minus	0
CP013985.1	RHMNIFHA;cluster_I;Sinorhizobium_meliloti	92.68	41	5600402	3	0	1771009	1771049	44	4	4e-06	60.2	minus	0
