CP023185.1	V00631;cluster_I;Klebsiella_pneumoniae	95.74	1809	6138996	75	2	4645714	4647522	1807	1	0.0	2913	minus	0
CP023185.1	KPNNIFH;cluster_I;Klebsiella_pneumoniae	96.76	894	6138996	29	0	4646337	4647230	894	1	0.0	1491	minus	0
CP023185.1	AY242355;cluster_I;Klebsiella_pneumoniae_342	90.72	884	6138996	78	4	4646349	4647230	882	1	0.0	1175	minus	0
CP023185.1	X03916;cluster_I;Azotobacter_chroococcum	83.07	833	6138996	135	6	4646394	4647223	1174	345	0.0	 752	minus	0
CP023185.1	FJ593867;cluster_I;Klebsiella_sp._AL060224_03	99.49	389	6138996	2	0	4646758	4647146	389	1	0.0	 708	minus	0
CP023185.1	AY221827;cluster_I;Klebsiella_oxytoca_KCTC_1686	99.39	327	6138996	2	0	4646772	4647098	327	1	1e-166	 593	minus	0
CP023185.1	AY373368;cluster_I;Paenibacillus_sp._g2	98.78	327	6138996	4	0	4646793	4647119	327	1	2e-163	 582	minus	0
CP023185.1	AB189641;cluster_I;Halorhodospira_halophila	79.75	800	6138996	158	4	4646409	4647206	1031	234	1e-161	 577	minus	0
CP023185.1	FJ593769;cluster_I;Klebsiella_sp._P0646	92.29	389	6138996	30	0	4646758	4647146	389	1	2e-154	 553	minus	0
CP023185.1	GQ381287;cluster_I;Klebsiella_sp._SZ7-2	94.43	359	6138996	17	2	4646758	4647116	356	1	2e-153	 549	minus	0
CP023185.1	FJ593860;cluster_I;Klebsiella_sp._MNS_801b	92.03	389	6138996	31	0	4646758	4647146	389	1	8e-153	 547	minus	0
CP023185.1	FJ593864;cluster_I;Klebsiella_sp._MNFG_802	92.03	389	6138996	31	0	4646758	4647146	389	1	8e-153	 547	minus	0
CP023185.1	FJ593861;cluster_I;Klebsiella_sp._MNS_801a	92.03	389	6138996	31	0	4646758	4647146	389	1	8e-153	 547	minus	0
CP023185.1	FJ593862;cluster_I;Klebsiella_sp._MNW_801b	92.03	389	6138996	31	0	4646758	4647146	389	1	8e-153	 547	minus	0
CP023185.1	FJ593863;cluster_I;Klebsiella_sp._MNFG_801b	92.03	389	6138996	31	0	4646758	4647146	389	1	8e-153	 547	minus	0
CP023185.1	DQ364804;cluster_I;Klebsiella_sp._JT42	96.65	328	6138996	9	2	4646793	4647119	327	1	1e-151	 544	minus	0
CP023185.1	FJ593866;cluster_I;Klebsiella_sp._AL060225_04	91.77	389	6138996	32	0	4646758	4647146	389	1	4e-151	 542	minus	0
CP023185.1	FJ593865;cluster_I;Klebsiella_sp._AL050511_01	91.77	389	6138996	32	0	4646758	4647146	389	1	4e-151	 542	minus	0
CP023185.1	FJ593768;cluster_I;Klebsiella_sp._CRPV0611a	91.77	389	6138996	32	0	4646758	4647146	389	1	4e-151	 542	minus	0
CP023185.1	FJ593767;cluster_I;Klebsiella_sp._P0643	91.77	389	6138996	32	0	4646758	4647146	389	1	4e-151	 542	minus	0
CP023185.1	FJ593766;cluster_I;Klebsiella_sp._P0640	91.77	389	6138996	32	0	4646758	4647146	389	1	4e-151	 542	minus	0
CP023185.1	FJ593765;cluster_I;Klebsiella_sp._P0638	91.77	389	6138996	32	0	4646758	4647146	389	1	4e-151	 542	minus	0
CP023185.1	FJ593757;cluster_I;Klebsiella_sp._CRLS069a	91.77	389	6138996	32	0	4646758	4647146	389	1	4e-151	 542	minus	0
CP023185.1	FJ593760;cluster_I;Klebsiella_sp._CRLS064	91.52	389	6138996	33	0	4646758	4647146	389	1	2e-149	 536	minus	0
CP023185.1	FJ593763;cluster_I;Klebsiella_sp._CRLI0718a	91.52	389	6138996	33	0	4646758	4647146	389	1	2e-149	 536	minus	0
CP023185.1	FJ593756;cluster_I;Klebsiella_sp._CRLI0715	91.52	389	6138996	33	0	4646758	4647146	389	1	2e-149	 536	minus	0
CP023185.1	FJ593758;cluster_I;Klebsiella_sp._CRPV0610	91.52	389	6138996	33	0	4646758	4647146	389	1	2e-149	 536	minus	0
CP023185.1	FJ593759;cluster_I;Klebsiella_sp._CRLS0617	91.52	389	6138996	33	0	4646758	4647146	389	1	2e-149	 536	minus	0
CP023185.1	FJ593764;cluster_I;Klebsiella_sp._CRLI0713	91.52	389	6138996	33	0	4646758	4647146	389	1	2e-149	 536	minus	0
CP023185.1	FJ593762;cluster_I;Klebsiella_sp._CRLI0728	91.26	389	6138996	34	0	4646758	4647146	389	1	8e-148	 531	minus	0
CP023185.1	EF200511;cluster_I;Klebsiella_sp._TT001	98.03	304	6138996	6	0	4646783	4647086	304	1	3e-147	 529	minus	0
CP023185.1	EF200510;cluster_I;Klebsiella_sp._NTI31	98.03	304	6138996	6	0	4646783	4647086	304	1	3e-147	 529	minus	0
CP023185.1	AY373371;cluster_I;Bacillus_sp._w5	95.72	327	6138996	14	0	4646793	4647119	327	1	1e-146	 527	minus	0
CP023185.1	FJ032021;cluster_I;Klebsiella_sp._BN-4A	97.41	309	6138996	8	0	4646824	4647132	309	1	1e-146	 527	minus	0
CP023185.1	AY373369;cluster_I;Bacillus_cereus	95.72	327	6138996	14	0	4646793	4647119	331	5	1e-146	 527	minus	0
CP023185.1	FJ593761;cluster_I;Klebsiella_sp._CRLI0730	91.00	389	6138996	35	0	4646758	4647146	389	1	4e-146	 525	minus	0
CP023185.1	AJ563286;cluster_I;Dechloromonas_sp._SIUL	81.02	669	6138996	117	9	4646474	4647137	676	13	1e-145	 523	minus	0
CP023185.1	AY373365;cluster_I;Bacillus_megaterium	95.94	320	6138996	13	0	4646800	4647119	320	1	2e-144	 520	minus	0
CP023185.1	AY373366;cluster_I;Bacillus_sp._c6	94.80	327	6138996	17	0	4646793	4647119	327	1	1e-141	 510	minus	0
CP023185.1	FJ032022;cluster_I;Klebsiella_sp._AF-4C	96.12	309	6138996	12	0	4646824	4647132	311	3	5e-140	 505	minus	0
CP023185.1	EU938522;cluster_I;Burkholderia_sp._gx97	91.36	359	6138996	31	0	4646758	4647116	359	1	4e-136	 492	minus	0
CP023185.1	GQ381290;cluster_I;Klebsiella_pneumoniae	93.87	326	6138996	17	3	4646758	4647083	331	9	5e-135	 488	minus	0
CP023185.1	FJ822998;cluster_I;Klebsiella_sp._gx-3	90.81	359	6138996	33	0	4646758	4647116	4	362	8e-133	 481	plus	0
CP023185.1	GQ381289;cluster_I;Paenibacillus_sp._SZ002	93.77	321	6138996	17	3	4646758	4647078	327	10	3e-132	 479	minus	0
CP023185.1	AY846276;cluster_I;Klebsiella_pneumoniae	88.75	391	6138996	43	1	4646824	4647213	10	400	1e-131	 477	plus	0
CP023185.1	AY367396;cluster_I;Raoultella_terrigena	91.87	332	6138996	27	0	4646785	4647116	332	1	8e-128	 464	minus	0
CP023185.1	AY367392;cluster_I;Klebsiella_variicola	91.07	336	6138996	30	0	4646781	4647116	337	2	5e-125	 455	minus	0
CP023185.1	AY367394;cluster_I;Klebsiella_variicola	91.29	333	6138996	29	0	4646784	4647116	334	2	5e-125	 455	minus	0
CP023185.1	AY367395;cluster_I;Klebsiella_variicola	91.07	336	6138996	30	0	4646758	4647093	336	1	5e-125	 455	minus	0
CP023185.1	FJ822994;cluster_I;Sinorhizobium_sp._gx-153	90.20	347	6138996	34	0	4646758	4647104	4	350	2e-124	 453	plus	0
CP023185.1	AF031817;cluster_I;Rhodobacter_sphaeroides	77.05	819	6138996	166	19	4646406	4647213	1090	283	6e-124	 451	minus	0
CP023185.1	AY367393;cluster_I;Klebsiella_variicola	90.77	336	6138996	31	0	4646758	4647093	336	1	2e-123	 449	minus	0
CP023185.1	FJ593779;cluster_I;Pantoea_sp._A0305	86.89	389	6138996	51	0	4646758	4647146	389	1	2e-119	 436	minus	0
CP023185.1	FJ593780;cluster_I;Pantoea_sp._P0352	86.89	389	6138996	51	0	4646758	4647146	389	1	2e-119	 436	minus	0
CP023185.1	FJ593778;cluster_I;Pantoea_sp._P0359	86.89	389	6138996	51	0	4646758	4647146	389	1	2e-119	 436	minus	0
CP023185.1	FJ593777;cluster_I;Pantoea_sp._CRLI0725a	86.63	389	6138996	52	0	4646758	4647146	389	1	8e-118	 431	minus	0
CP023185.1	DQ821722;cluster_I;Sphingomonas_sp._Y49	90.68	322	6138996	30	0	4646775	4647096	322	1	3e-117	 429	minus	0
CP023185.1	FJ593868;cluster_I;Enterobacter_sp._MTP_050512_17	86.38	389	6138996	53	0	4646758	4647146	389	1	4e-116	 425	minus	0
CP023185.1	DQ821723;cluster_I;Klebsiella_sp._Y57	90.06	322	6138996	32	0	4646775	4647096	322	1	6e-114	 418	minus	0
CP023185.1	AB270756;cluster_I;Klebsiella_pneumoniae	90.28	319	6138996	31	0	4646799	4647117	360	42	6e-114	 418	minus	0
CP023185.1	EU622783;cluster_I;Thiocapsa_bogorovii	84.27	426	6138996	65	2	4646758	4647182	449	25	8e-113	 414	minus	0
CP023185.1	AF545637;cluster_I;Pantoea_agglomerans	87.57	354	6138996	44	0	4646832	4647185	360	7	1e-111	 411	minus	0
CP023185.1	X07866;cluster_I;Rhodobacter_capsulatus_SB_1003	76.12	825	6138996	174	19	4646395	4647206	934	120	1e-111	 411	minus	0
CP023185.1	HM047125;cluster_I;Bradyrhizobium_denitrificans	78.11	667	6138996	131	13	4646496	4647156	660	3	4e-111	 409	minus	0
CP023185.1	DQ364801;cluster_I;Klebsiella_sp._BM92	89.69	320	6138996	33	0	4646800	4647119	320	1	4e-111	 409	minus	0
CP023185.1	X63352;cluster_I;Rhodobacter_capsulatus	76.00	825	6138996	175	19	4646395	4647206	2132	1318	5e-110	 405	minus	0
CP023185.1	EU622788;cluster_I;Allochromatium_minutissimum	82.67	450	6138996	76	2	4646758	4647206	449	1	8e-108	 398	minus	0
CP023185.1	AB542360;cluster_I;Azospirillum_sp._TSH19	79.30	575	6138996	107	10	4646531	4647101	568	2	4e-106	 392	minus	0
CP023185.1	EF199951;cluster_I;Halorhodospira_halophila	82.41	449	6138996	79	0	4646758	4647206	449	1	4e-106	 392	minus	0
CP023185.1	FJ347420;cluster_I;Bradyrhizobium_sp._ORS_285	79.33	571	6138996	105	12	4646537	4647102	563	1	1e-105	 390	minus	0
CP023185.1	AB542367;cluster_I;Azospirillum_sp._TSH100	79.27	574	6138996	107	10	4646531	4647100	566	1	1e-105	 390	minus	0
CP023185.1	FJ347446;cluster_I;Bradyrhizobium_sp._ORS_372	79.35	557	6138996	102	12	4646551	4647102	549	1	2e-104	 387	minus	0
CP023185.1	FJ347435;cluster_I;Bradyrhizobium_sp._ORS_324	79.14	556	6138996	105	10	4646551	4647102	549	1	8e-103	 381	minus	0
CP023185.1	FJ347418;cluster_I;Bradyrhizobium_sp._ORS_277	79.35	557	6138996	102	12	4646551	4647102	549	1	8e-103	 381	minus	0
CP023185.1	FJ347436;cluster_I;Bradyrhizobium_sp._ORS_327	79.17	557	6138996	103	12	4646551	4647102	549	1	3e-102	 379	minus	0
CP023185.1	FJ347434;cluster_I;Bradyrhizobium_sp._ORS_318	78.96	556	6138996	106	10	4646551	4647102	549	1	3e-102	 379	minus	0
CP023185.1	FJ347422;cluster_I;Bradyrhizobium_sp._ORS_294	78.96	556	6138996	106	10	4646551	4647102	549	1	3e-102	 379	minus	0
CP023185.1	FJ347438;cluster_I;Bradyrhizobium_sp._ORS_330	78.98	571	6138996	107	12	4646537	4647102	563	1	1e-101	 377	minus	0
CP023185.1	FJ347427;cluster_I;Bradyrhizobium_sp._ORS_303	78.78	556	6138996	107	10	4646551	4647102	549	1	1e-101	 377	minus	0
CP023185.1	AB542364;cluster_I;Azospirillum_sp._TSH78	79.09	569	6138996	104	13	4646539	4647101	561	2	1e-101	 377	minus	0
CP023185.1	FJ347445;cluster_I;Bradyrhizobium_sp._ORS_361	78.78	556	6138996	107	10	4646551	4647102	549	1	4e-101	 375	minus	0
CP023185.1	FJ347443;cluster_I;Bradyrhizobium_sp._ORS_356	78.78	556	6138996	107	10	4646551	4647102	549	1	4e-101	 375	minus	0
CP023185.1	FJ347424;cluster_I;Bradyrhizobium_sp._ORS_298	78.78	556	6138996	107	10	4646551	4647102	549	1	4e-101	 375	minus	0
CP023185.1	FJ347430;cluster_I;Bradyrhizobium_sp._ORS_307	78.64	557	6138996	106	12	4646551	4647102	549	1	5e-100	 372	minus	0
CP023185.1	FJ347423;cluster_I;Bradyrhizobium_sp._ORS_297	78.99	557	6138996	104	12	4646551	4647102	549	1	2e-99	 370	minus	0
CP023185.1	AB542356;cluster_I;Azospirillum_sp._TSH2	78.81	571	6138996	106	13	4646537	4647101	562	1	2e-99	 370	minus	0
CP023185.1	AB542337;cluster_I;Azospirillum_sp._TSA2s	77.81	613	6138996	125	9	4646487	4647095	610	5	6e-99	 368	minus	0
CP023185.1	GQ289562;cluster_I;Bradyrhizobium_japonicum	81.21	463	6138996	80	6	4646740	4647200	1	458	2e-98	 366	plus	0
CP023185.1	FJ347447;cluster_I;Bradyrhizobium_sp._ORS_375	77.97	572	6138996	111	13	4646537	4647102	563	1	2e-98	 366	minus	0
CP023185.1	FJ347441;cluster_I;Bradyrhizobium_sp._ORS_344	77.93	571	6138996	113	12	4646537	4647102	563	1	2e-98	 366	minus	0
CP023185.1	FJ347426;cluster_I;Bradyrhizobium_sp._ORS_301	78.28	571	6138996	111	12	4646537	4647102	563	1	2e-98	 366	minus	0
CP023185.1	AB542357;cluster_I;Azospirillum_sp._TSH5	78.73	569	6138996	106	13	4646537	4647099	560	1	2e-98	 366	minus	0
CP023185.1	AB542358;cluster_I;Azospirillum_sp._TSH6	78.73	569	6138996	106	13	4646537	4647099	560	1	2e-98	 366	minus	0
CP023185.1	AB542359;cluster_I;Azospirillum_sp._TSH10	78.73	569	6138996	106	13	4646537	4647099	560	1	2e-98	 366	minus	0
CP023185.1	FJ347437;cluster_I;Bradyrhizobium_sp._ORS_328	78.10	557	6138996	109	12	4646551	4647102	549	1	5e-95	 355	minus	0
CP023185.1	AB542366;cluster_I;Azospirillum_sp._TSH96	78.51	563	6138996	106	13	4646539	4647095	557	4	5e-95	 355	minus	0
CP023185.1	EF199953;cluster_I;Ectothiorhodospira_shaposhnikovii	80.89	450	6138996	84	2	4646758	4647206	449	1	2e-94	 353	minus	0
CP023185.1	FJ347433;cluster_I;Bradyrhizobium_sp._ORS_310	77.70	556	6138996	113	10	4646551	4647102	549	1	2e-93	 350	minus	0
CP023185.1	AB542361;cluster_I;Azospirillum_sp._TSH21	77.89	579	6138996	116	10	4646531	4647105	571	1	2e-93	 350	minus	0
CP023185.1	AB542347;cluster_I;Azospirillum_sp._TSA18	78.03	569	6138996	113	10	4646531	4647095	567	7	8e-93	 348	minus	0
CP023185.1	AB542344;cluster_I;Azospirillum_sp._TSA15c	78.03	569	6138996	113	10	4646531	4647095	565	5	8e-93	 348	minus	0
CP023185.1	AB542340;cluster_I;Azospirillum_sp._TSA11	78.03	569	6138996	113	10	4646531	4647095	567	7	8e-93	 348	minus	0
CP023185.1	AB542343;cluster_I;Azospirillum_sp._TSA14w	78.03	569	6138996	113	10	4646531	4647095	569	9	8e-93	 348	minus	0
CP023185.1	EF199954;cluster_I;Ectothiorhodospira_mobilis	80.67	450	6138996	85	2	4646758	4647206	449	1	8e-93	 348	minus	0
CP023185.1	DQ787333;cluster_I;Azospirillum_lipoferum	81.32	439	6138996	69	11	4646758	4647191	446	16	1e-91	 344	minus	0
CP023185.1	AB542348;cluster_I;Azospirillum_sp._TSA19	77.92	566	6138996	113	10	4646531	4647092	558	1	4e-91	 342	minus	0
CP023185.1	AB542341;cluster_I;Azospirillum_sp._TSA12	77.92	566	6138996	113	10	4646531	4647092	558	1	4e-91	 342	minus	0
CP023185.1	EF199952;cluster_I;Halorhodospira_abdelmalekii	80.44	450	6138996	86	2	4646758	4647206	449	1	4e-91	 342	minus	0
CP023185.1	FSU53362;cluster_I;Frankia_sp._EuIK1	72.14	1278	6138996	293	53	4644926	4646173	2530	1286	3e-87	 329	minus	0
CP023185.1	AF484657;cluster_I;Methylobacterium_sp._xct7	80.00	460	6138996	80	10	4646656	4647111	452	1	3e-87	 329	minus	0
CP023185.1	GQ161239;cluster_I;Azospirillum_brasilense	83.38	361	6138996	53	6	4646758	4647116	356	1	1e-86	 327	minus	0
CP023185.1	AF059648;cluster_I;Marichromatium_purpuratum	84.92	325	6138996	47	2	4646772	4647095	327	4	1e-86	 327	minus	0
CP023185.1	GQ411215;cluster_I;Bacillus_sp._SUND_LM2	93.98	216	6138996	12	1	4646904	4647119	315	101	4e-86	 326	minus	0
CP023185.1	GQ289571;cluster_I;Bradyrhizobium_japonicum	79.66	467	6138996	83	11	4646740	4647200	1	461	4e-86	 326	plus	0
CP023185.1	FN813553;cluster_I;Azospirillum_zeae	82.69	364	6138996	56	5	4646755	4647116	359	1	2e-83	 316	minus	0
CP023185.1	FN813552;cluster_I;Azospirillum_zeae	82.69	364	6138996	56	5	4646755	4647116	359	1	2e-83	 316	minus	0
CP023185.1	FN813561;cluster_I;Azospirillum_zeae	82.74	365	6138996	54	7	4646755	4647116	359	1	2e-83	 316	minus	0
CP023185.1	GQ289577;cluster_I;Bradyrhizobium_japonicum	79.45	472	6138996	75	17	4646740	4647200	1	461	8e-83	 315	plus	0
CP023185.1	EU672874;cluster_I;Methylogaea_oryzae_JCM_16910	84.94	312	6138996	45	2	4646758	4647068	311	1	8e-83	 315	minus	0
CP023185.1	AB079621;cluster_I;Rhodobacter_azotoformans	79.65	457	6138996	78	13	4646758	4647208	458	11	8e-83	 315	minus	0
CP023185.1	GQ161241;cluster_I;Azospirillum_brasilense	82.60	362	6138996	54	7	4646758	4647116	356	1	1e-81	 311	minus	0
CP023185.1	GU256446;cluster_I;Azospirillum_canadense	81.94	371	6138996	60	5	4646778	4647146	375	10	1e-80	 307	minus	0
CP023185.1	FJ687518;cluster_I;Pseudomonas_sp._IPPW-3	81.82	363	6138996	64	2	4646755	4647116	362	1	2e-79	 303	minus	0
CP023185.1	AB191041;cluster_I;Heliobacterium_chlorum	74.10	776	6138996	183	17	4646395	4647161	767	1	2e-79	 303	minus	0
CP023185.1	DQ682472;cluster_I;Azospirillum_zeae	82.04	362	6138996	56	7	4646758	4647116	357	2	2e-79	 303	minus	0
CP023185.1	DQ029203;cluster_I;Azonexus_caeni	86.07	280	6138996	39	0	4646770	4647049	307	28	7e-79	 302	minus	0
CP023185.1	DQ682471;cluster_I;Azospirillum_zeae	82.17	359	6138996	55	7	4646758	4647113	353	1	2e-78	 300	minus	0
CP023185.1	FJ687522;cluster_I;Aeromonas_sp._IPPW-33a	81.54	363	6138996	65	2	4646755	4647116	362	1	8e-78	 298	minus	0
CP023185.1	AB185395;cluster_I;Azospirillum_oryzae	80.25	405	6138996	71	7	4646778	4647179	408	10	3e-77	 296	minus	0
CP023185.1	EU770978;cluster_I;Rhizobium_leguminosarum	76.73	563	6138996	112	17	4646652	4647206	552	1	3e-77	 296	minus	0
CP023185.1	GQ411209;cluster_I;Bacillus_megaterium	94.71	189	6138996	10	0	4646932	4647120	336	148	1e-76	 294	minus	0
CP023185.1	DQ393890;cluster_I;Azospirillum_canadense	82.15	353	6138996	54	7	4646758	4647107	5	351	1e-76	 294	plus	0
CP023185.1	GU256453;cluster_I;Azospirillum_zeae	81.02	374	6138996	64	5	4646787	4647158	374	6	1e-75	 291	minus	0
CP023185.1	EU418412;cluster_I;Rhizobium_mongolense	76.49	570	6138996	113	18	4646565	4647125	594	37	1e-75	 291	minus	0
CP023185.1	EU418411;cluster_I;Rhizobium_gallicum	76.49	570	6138996	113	18	4646565	4647125	594	37	1e-75	 291	minus	0
CP023185.1	EU770979;cluster_I;Rhizobium_leguminosarum	76.38	563	6138996	114	17	4646652	4647206	552	1	7e-74	 285	minus	0
CP023185.1	FJ687521;cluster_I;Aeromonas_sp._IPPW-29	81.10	365	6138996	60	8	4646755	4647116	359	1	2e-73	 283	minus	0
CP023185.1	FJ687517;cluster_I;Pseudomonas_sp._IPPW-2	81.10	365	6138996	60	8	4646755	4647116	359	1	2e-73	 283	minus	0
CP023185.1	AY768690;cluster_I;Azonexus_fungiphilus	82.66	323	6138996	52	4	4646778	4647098	321	1	2e-73	 283	minus	0
CP023185.1	AB079628;cluster_I;Rhodovulum_strictum	78.34	457	6138996	84	13	4646758	4647208	458	11	8e-73	 281	minus	0
CP023185.1	AB079629;cluster_I;Rhodovulum_strictum	78.17	458	6138996	85	13	4646757	4647208	459	11	1e-71	 278	minus	0
CP023185.1	EF158046;cluster_I;Azospira_restricta	85.13	269	6138996	40	0	4646767	4647035	269	1	4e-71	 276	minus	0
CP023185.1	GU256445;cluster_I;Nitrospirillum_amazonense	80.66	362	6138996	61	8	4646767	4647125	373	18	5e-70	 272	minus	0
CP023185.1	GU256451;cluster_I;Azospirillum_picis	81.47	340	6138996	54	7	4646791	4647127	370	37	2e-69	 270	minus	0
CP023185.1	EF634050;cluster_I;Azotobacter_chroococcum	82.79	308	6138996	47	5	4646761	4647065	305	1	2e-69	 270	minus	0
CP023185.1	EU291983;cluster_I;Ensifer_mexicanus	77.22	474	6138996	99	7	4646487	4646957	468	1	7e-69	 268	minus	0
CP023185.1	EU291980;cluster_I;Sinorhizobium_chiapanecum	77.17	473	6138996	101	5	4646487	4646957	468	1	7e-69	 268	minus	0
CP023185.1	DQ413015;cluster_I;Rhizobium_leguminosarum_bv._viciae	77.78	459	6138996	87	13	4646673	4647125	493	44	7e-69	 268	minus	0
CP023185.1	AB191042;cluster_I;Heliobacterium_gestii	72.11	1029	6138996	239	38	4645166	4646173	2000	999	2e-68	 267	minus	0
CP023185.1	EF634053;cluster_I;Azotobacter_chroococcum	82.22	315	6138996	48	7	4646759	4647068	326	15	9e-68	 265	minus	0
CP023185.1	GQ289563;cluster_I;Bradyrhizobium_japonicum	76.71	468	6138996	95	12	4646740	4647200	1	461	9e-63	 248	plus	0
CP023185.1	AB191043;cluster_I;Heliobacterium_modesticaldum_Ice1	71.40	1147	6138996	270	47	4645053	4646173	2207	1093	9e-63	 248	minus	0
CP023185.1	EF634055;cluster_I;Azotobacter_chroococcum	82.56	281	6138996	43	5	4646759	4647036	288	11	4e-61	 243	minus	0
CP023185.1	AY644349;cluster_I;Azomonas_macrocytogenes	78.65	356	6138996	76	0	4646758	4647113	362	7	1e-60	 241	minus	0
CP023185.1	DQ411938;cluster_I;Ensifer_mexicanus	76.92	429	6138996	90	7	4646487	4646912	432	10	7e-59	 235	minus	0
CP023185.1	DQ411939;cluster_I;Ensifer_mexicanus	76.92	429	6138996	90	7	4646487	4646912	432	10	7e-59	 235	minus	0
CP023185.1	ADAF001432;cluster_I;Gluconacetobacter_diazotrophicus	80.92	304	6138996	51	5	4646815	4647116	299	1	2e-58	 233	minus	0
CP023185.1	GQ289567;cluster_III;Bradyrhizobium_japonicum	76.03	463	6138996	91	17	4646740	4647192	1	453	5e-55	 222	plus	0
CP023185.1	AB100830;cluster_I;Heliobacterium_chlorum	76.60	359	6138996	78	6	4646758	4647113	359	4	4e-46	 193	minus	0
CP023185.1	GQ289582;cluster_III;Bradyrhizobium_japonicum	80.25	243	6138996	42	2	4646740	4646976	1	243	1e-41	 178	plus	0
CP023185.1	GQ289570;Unclassified;Bradyrhizobium_japonicum	73.49	464	6138996	111	9	4646740	4647200	1	455	9e-38	 165	plus	0
CP023185.1	GQ289566;cluster_III;Bradyrhizobium_japonicum	79.32	237	6138996	41	4	4646740	4646969	1	236	4e-36	 159	plus	0
CP023185.1	GQ289573;cluster_III;Bradyrhizobium_japonicum	78.90	237	6138996	42	5	4646740	4646969	1	236	2e-34	 154	plus	0
