LR130544.1	V00631;cluster_I;Klebsiella_pneumoniae	88.49	1773	5425242	176	24	1805742	1807501	1803	46	0.0	2119	minus	0
LR130544.1	AY242355;cluster_I;Klebsiella_pneumoniae_342	97.62	883	5425242	19	2	1806373	1807254	882	1	0.0	1513	minus	0
LR130544.1	KPNNIFH;cluster_I;Klebsiella_pneumoniae	90.68	891	5425242	81	2	1806365	1807254	890	1	0.0	1184	minus	0
LR130544.1	X96609;cluster_I;Alcaligenes_faecalis	82.35	867	5425242	147	6	1806385	1807248	1475	612	0.0	 749	minus	0
LR130544.1	AVIMONFE;cluster_I;Azotobacter_chroococcum	82.12	839	5425242	137	10	1806418	1807248	1077	244	0.0	 706	minus	0
LR130544.1	FJ593866;cluster_I;Klebsiella_sp._AL060225_04	98.71	389	5425242	5	0	1806782	1807170	389	1	0.0	 691	minus	0
LR130544.1	FJ593865;cluster_I;Klebsiella_sp._AL050511_01	98.71	389	5425242	5	0	1806782	1807170	389	1	0.0	 691	minus	0
LR130544.1	FJ593757;cluster_I;Klebsiella_sp._CRLS069a	98.71	389	5425242	5	0	1806782	1807170	389	1	0.0	 691	minus	0
LR130544.1	FJ593860;cluster_I;Klebsiella_sp._MNS_801b	98.46	389	5425242	6	0	1806782	1807170	389	1	0.0	 686	minus	0
LR130544.1	FJ593864;cluster_I;Klebsiella_sp._MNFG_802	98.46	389	5425242	6	0	1806782	1807170	389	1	0.0	 686	minus	0
LR130544.1	FJ593861;cluster_I;Klebsiella_sp._MNS_801a	98.46	389	5425242	6	0	1806782	1807170	389	1	0.0	 686	minus	0
LR130544.1	FJ593862;cluster_I;Klebsiella_sp._MNW_801b	98.46	389	5425242	6	0	1806782	1807170	389	1	0.0	 686	minus	0
LR130544.1	FJ593863;cluster_I;Klebsiella_sp._MNFG_801b	98.46	389	5425242	6	0	1806782	1807170	389	1	0.0	 686	minus	0
LR130544.1	FJ593756;cluster_I;Klebsiella_sp._CRLI0715	98.46	389	5425242	6	0	1806782	1807170	389	1	0.0	 686	minus	0
LR130544.1	FJ593762;cluster_I;Klebsiella_sp._CRLI0728	98.46	389	5425242	6	0	1806782	1807170	389	1	0.0	 686	minus	0
LR130544.1	FJ593767;cluster_I;Klebsiella_sp._P0643	98.20	389	5425242	7	0	1806782	1807170	389	1	0.0	 680	minus	0
LR130544.1	FJ593766;cluster_I;Klebsiella_sp._P0640	98.20	389	5425242	7	0	1806782	1807170	389	1	0.0	 680	minus	0
LR130544.1	FJ593765;cluster_I;Klebsiella_sp._P0638	98.20	389	5425242	7	0	1806782	1807170	389	1	0.0	 680	minus	0
LR130544.1	FJ593761;cluster_I;Klebsiella_sp._CRLI0730	98.20	389	5425242	7	0	1806782	1807170	389	1	0.0	 680	minus	0
LR130544.1	X03916;cluster_I;Azotobacter_chroococcum	81.53	834	5425242	146	8	1806418	1807247	1174	345	0.0	 680	minus	0
LR130544.1	FJ593760;cluster_I;Klebsiella_sp._CRLS064	97.94	389	5425242	8	0	1806782	1807170	389	1	0.0	 675	minus	0
LR130544.1	FJ593763;cluster_I;Klebsiella_sp._CRLI0718a	97.94	389	5425242	8	0	1806782	1807170	389	1	0.0	 675	minus	0
LR130544.1	FJ593758;cluster_I;Klebsiella_sp._CRPV0610	97.94	389	5425242	8	0	1806782	1807170	389	1	0.0	 675	minus	0
LR130544.1	FJ593759;cluster_I;Klebsiella_sp._CRLS0617	97.94	389	5425242	8	0	1806782	1807170	389	1	0.0	 675	minus	0
LR130544.1	FJ593764;cluster_I;Klebsiella_sp._CRLI0713	97.94	389	5425242	8	0	1806782	1807170	389	1	0.0	 675	minus	0
LR130544.1	X13519;cluster_I;Azotobacter_vinelandii	81.08	835	5425242	148	9	1806418	1807247	1050	221	0.0	 658	minus	0
LR130544.1	FJ593768;cluster_I;Klebsiella_sp._CRPV0611a	96.92	389	5425242	12	0	1806782	1807170	389	1	0.0	 652	minus	0
LR130544.1	FJ593769;cluster_I;Klebsiella_sp._P0646	96.14	389	5425242	15	0	1806782	1807170	389	1	1e-179	 636	minus	0
LR130544.1	AY846276;cluster_I;Klebsiella_pneumoniae	95.40	391	5425242	17	1	1806848	1807237	10	400	4e-175	 621	plus	0
LR130544.1	FJ822998;cluster_I;Klebsiella_sp._gx-3	97.21	359	5425242	10	0	1806782	1807140	4	362	3e-171	 608	plus	0
LR130544.1	EU938522;cluster_I;Burkholderia_sp._gx97	96.94	359	5425242	11	0	1806782	1807140	359	1	1e-169	 603	minus	0
LR130544.1	AY367395;cluster_I;Klebsiella_variicola	98.51	336	5425242	5	0	1806782	1807117	336	1	8e-167	 593	minus	0
LR130544.1	FJ822994;cluster_I;Sinorhizobium_sp._gx-153	97.14	350	5425242	10	0	1806782	1807131	4	353	3e-166	 592	plus	0
LR130544.1	AY367394;cluster_I;Klebsiella_variicola	98.50	333	5425242	5	0	1806808	1807140	334	2	4e-165	 588	minus	0
LR130544.1	AY367392;cluster_I;Klebsiella_variicola	97.92	336	5425242	7	0	1806805	1807140	337	2	2e-163	 582	minus	0
LR130544.1	AB189641;cluster_I;Halorhodospira_halophila	79.90	806	5425242	152	9	1806433	1807233	1031	231	2e-163	 582	minus	0
LR130544.1	AY367393;cluster_I;Klebsiella_variicola	97.32	336	5425242	9	0	1806782	1807117	336	1	4e-160	 571	minus	0
LR130544.1	AB270756;cluster_I;Klebsiella_pneumoniae	97.81	319	5425242	7	0	1806823	1807141	360	42	5e-154	 551	minus	0
LR130544.1	DQ364801;cluster_I;Klebsiella_sp._BM92	97.19	320	5425242	9	0	1806824	1807143	320	1	3e-151	 542	minus	0
LR130544.1	DQ821722;cluster_I;Sphingomonas_sp._Y49	96.58	322	5425242	11	0	1806799	1807120	322	1	5e-149	 534	minus	0
LR130544.1	KSU32183;cluster_I;Klebsiella_sp.	94.40	339	5425242	18	1	1806866	1807203	339	1	5e-149	 534	minus	0
LR130544.1	FJ593867;cluster_I;Klebsiella_sp._AL060224_03	91.26	389	5425242	34	0	1806782	1807170	389	1	7e-148	 531	minus	0
LR130544.1	DQ821723;cluster_I;Klebsiella_sp._Y57	95.96	322	5425242	13	0	1806799	1807120	322	1	1e-145	 523	minus	0
LR130544.1	AJ563286;cluster_I;Dechloromonas_sp._SIUL	80.87	669	5425242	120	7	1806497	1807161	677	13	1e-144	 520	minus	0
LR130544.1	AF031817;cluster_I;Rhodobacter_sphaeroides	77.25	822	5425242	159	21	1806430	1807237	1090	283	1e-125	 457	minus	0
LR130544.1	FJ593868;cluster_I;Enterobacter_sp._MTP_050512_17	86.89	389	5425242	51	0	1806782	1807170	389	1	2e-119	 436	minus	0
LR130544.1	GQ381287;cluster_I;Klebsiella_sp._SZ7-2	88.58	359	5425242	38	2	1806782	1807140	356	1	2e-118	 433	minus	0
LR130544.1	AY221827;cluster_I;Klebsiella_oxytoca_KCTC_1686	89.91	327	5425242	33	0	1806796	1807122	327	1	4e-115	 422	minus	0
LR130544.1	EF199951;cluster_I;Halorhodospira_halophila	83.59	451	5425242	70	3	1806782	1807230	449	1	2e-114	 420	minus	0
LR130544.1	EU622783;cluster_I;Thiocapsa_bogorovii	84.51	426	5425242	64	2	1806782	1807206	449	25	2e-114	 420	minus	0
LR130544.1	AB542353;cluster_I;Azospirillum_sp._TSA36t	79.50	600	5425242	112	9	1806556	1807151	615	23	2e-113	 416	minus	0
LR130544.1	AY373368;cluster_I;Paenibacillus_sp._g2	89.60	327	5425242	34	0	1806817	1807143	327	1	2e-113	 416	minus	0
LR130544.1	X63352;cluster_I;Rhodobacter_capsulatus	76.01	842	5425242	175	20	1806419	1807245	2132	1303	9e-112	 411	minus	0
LR130544.1	FJ593777;cluster_I;Pantoea_sp._CRLI0725a	85.60	389	5425242	56	0	1806782	1807170	389	1	3e-111	 409	minus	0
LR130544.1	FJ593779;cluster_I;Pantoea_sp._A0305	85.60	389	5425242	56	0	1806782	1807170	389	1	3e-111	 409	minus	0
LR130544.1	FJ593780;cluster_I;Pantoea_sp._P0352	85.60	389	5425242	56	0	1806782	1807170	389	1	3e-111	 409	minus	0
LR130544.1	FJ593778;cluster_I;Pantoea_sp._P0359	85.60	389	5425242	56	0	1806782	1807170	389	1	3e-111	 409	minus	0
LR130544.1	AY367396;cluster_I;Raoultella_terrigena	88.86	332	5425242	37	0	1806809	1807140	332	1	3e-111	 409	minus	0
LR130544.1	AY373371;cluster_I;Bacillus_sp._w5	88.99	327	5425242	36	0	1806817	1807143	327	1	4e-110	 405	minus	0
LR130544.1	X07866;cluster_I;Rhodobacter_capsulatus_SB_1003	75.89	842	5425242	176	20	1806419	1807245	934	105	4e-110	 405	minus	0
LR130544.1	FJ347438;cluster_I;Bradyrhizobium_sp._ORS_330	80.07	557	5425242	98	12	1806575	1807126	549	1	6e-109	 401	minus	0
LR130544.1	FJ347445;cluster_I;Bradyrhizobium_sp._ORS_361	79.46	560	5425242	104	10	1806571	1807126	553	1	2e-108	 399	minus	0
LR130544.1	FJ347430;cluster_I;Bradyrhizobium_sp._ORS_307	79.53	557	5425242	101	12	1806575	1807126	549	1	2e-108	 399	minus	0
LR130544.1	AY373369;cluster_I;Bacillus_cereus	88.69	327	5425242	37	0	1806817	1807143	331	5	2e-108	 399	minus	0
LR130544.1	FJ347446;cluster_I;Bradyrhizobium_sp._ORS_372	79.71	557	5425242	100	12	1806575	1807126	549	1	7e-108	 398	minus	0
LR130544.1	FJ347434;cluster_I;Bradyrhizobium_sp._ORS_318	79.50	556	5425242	103	10	1806575	1807126	549	1	7e-108	 398	minus	0
LR130544.1	FJ347422;cluster_I;Bradyrhizobium_sp._ORS_294	79.50	556	5425242	103	10	1806575	1807126	549	1	7e-108	 398	minus	0
LR130544.1	FJ347424;cluster_I;Bradyrhizobium_sp._ORS_298	79.12	570	5425242	108	10	1806561	1807126	563	1	7e-108	 398	minus	0
LR130544.1	FJ347443;cluster_I;Bradyrhizobium_sp._ORS_356	79.29	560	5425242	105	10	1806571	1807126	553	1	3e-107	 396	minus	0
LR130544.1	HM047125;cluster_I;Bradyrhizobium_denitrificans	78.96	594	5425242	116	8	1806561	1807151	619	32	3e-107	 396	minus	0
LR130544.1	EF200511;cluster_I;Klebsiella_sp._TT001	90.13	304	5425242	30	0	1806807	1807110	304	1	3e-107	 396	minus	0
LR130544.1	EF200510;cluster_I;Klebsiella_sp._NTI31	90.13	304	5425242	30	0	1806807	1807110	304	1	3e-107	 396	minus	0
LR130544.1	FJ347427;cluster_I;Bradyrhizobium_sp._ORS_303	79.29	560	5425242	105	10	1806571	1807126	553	1	9e-107	 394	minus	0
LR130544.1	AF545637;cluster_I;Pantoea_agglomerans	86.55	357	5425242	48	0	1806856	1807212	360	4	9e-107	 394	minus	0
LR130544.1	FJ347449;cluster_I;Bradyrhizobium_sp._ORS_391	79.61	559	5425242	105	8	1806571	1807126	553	1	3e-106	 392	minus	0
LR130544.1	FJ347436;cluster_I;Bradyrhizobium_sp._ORS_327	79.33	571	5425242	105	12	1806561	1807126	563	1	3e-106	 392	minus	0
LR130544.1	FJ347439;cluster_I;Bradyrhizobium_sp._ORS_331	79.61	559	5425242	105	8	1806571	1807126	553	1	3e-106	 392	minus	0
LR130544.1	FJ347418;cluster_I;Bradyrhizobium_sp._ORS_277	79.71	557	5425242	100	12	1806575	1807126	549	1	3e-106	 392	minus	0
LR130544.1	FJ347420;cluster_I;Bradyrhizobium_sp._ORS_285	79.33	571	5425242	105	12	1806561	1807126	563	1	1e-105	 390	minus	0
LR130544.1	AB542367;cluster_I;Azospirillum_sp._TSH100	79.40	568	5425242	106	10	1806556	1807119	566	6	1e-105	 390	minus	0
LR130544.1	AB542360;cluster_I;Azospirillum_sp._TSH19	79.40	568	5425242	106	10	1806556	1807119	568	8	1e-105	 390	minus	0
LR130544.1	AB542349;cluster_I;Azospirillum_sp._TSA20c	78.67	600	5425242	117	9	1806556	1807151	621	29	4e-105	 388	minus	0
LR130544.1	AB542346;cluster_I;Azospirillum_sp._TSA16	78.67	600	5425242	117	9	1806556	1807151	600	8	4e-105	 388	minus	0
LR130544.1	AB542338;cluster_I;Azospirillum_sp._TSA6c	78.67	600	5425242	117	9	1806556	1807151	621	29	4e-105	 388	minus	0
LR130544.1	FJ032021;cluster_I;Klebsiella_sp._BN-4A	89.32	309	5425242	33	0	1806848	1807156	309	1	4e-105	 388	minus	0
LR130544.1	FJ347423;cluster_I;Bradyrhizobium_sp._ORS_297	79.53	557	5425242	101	12	1806575	1807126	549	1	2e-104	 387	minus	0
LR130544.1	AY373365;cluster_I;Bacillus_megaterium	88.44	320	5425242	37	0	1806824	1807143	320	1	2e-104	 387	minus	0
LR130544.1	EU622788;cluster_I;Allochromatium_minutissimum	82.22	450	5425242	78	2	1806782	1807230	449	1	2e-104	 387	minus	0
LR130544.1	FJ347448;cluster_I;Bradyrhizobium_sp._ORS_377	79.25	559	5425242	107	8	1806571	1807126	553	1	6e-104	 385	minus	0
LR130544.1	FJ347426;cluster_I;Bradyrhizobium_sp._ORS_301	79.17	557	5425242	103	12	1806575	1807126	549	1	6e-104	 385	minus	0
LR130544.1	FJ347421;cluster_I;Bradyrhizobium_sp._ORS_287	79.17	557	5425242	103	12	1806575	1807126	549	1	6e-104	 385	minus	0
LR130544.1	FJ347441;cluster_I;Bradyrhizobium_sp._ORS_344	78.82	557	5425242	105	12	1806575	1807126	549	1	2e-103	 383	minus	0
LR130544.1	DQ364804;cluster_I;Klebsiella_sp._JT42	87.80	328	5425242	38	2	1806817	1807143	327	1	2e-103	 383	minus	0
LR130544.1	FJ347435;cluster_I;Bradyrhizobium_sp._ORS_324	79.14	556	5425242	105	10	1806575	1807126	549	1	7e-103	 381	minus	0
LR130544.1	FJ347447;cluster_I;Bradyrhizobium_sp._ORS_375	78.64	557	5425242	106	12	1806575	1807126	549	1	3e-102	 379	minus	0
LR130544.1	FJ347437;cluster_I;Bradyrhizobium_sp._ORS_328	78.79	561	5425242	106	12	1806571	1807126	553	1	3e-102	 379	minus	0
LR130544.1	FJ347425;cluster_I;Bradyrhizobium_sp._ORS_300	78.97	561	5425242	105	12	1806571	1807126	553	1	9e-102	 377	minus	0
LR130544.1	AY373366;cluster_I;Bacillus_sp._c6	87.46	327	5425242	41	0	1806817	1807143	327	1	9e-102	 377	minus	0
LR130544.1	GQ381290;cluster_I;Klebsiella_pneumoniae	87.85	321	5425242	37	2	1806782	1807102	331	13	3e-101	 375	minus	0
LR130544.1	FJ347451;cluster_I;Bradyrhizobium_sp._ORS_400	78.52	568	5425242	111	10	1806563	1807126	561	1	1e-100	 374	minus	0
LR130544.1	GU001626;cluster_I;Bradyrhizobium_japonicum	77.88	633	5425242	115	22	1806561	1807182	57	675	2e-99	 370	plus	0
LR130544.1	GU001618;cluster_I;Bradyrhizobium_cytisi	77.42	660	5425242	124	22	1806503	1807151	671	26	2e-99	 370	minus	0
LR130544.1	GU001631;cluster_I;Bradyrhizobium_japonicum	77.88	633	5425242	115	22	1806561	1807182	57	675	2e-99	 370	plus	0
LR130544.1	GU001628;cluster_I;Bradyrhizobium_japonicum	77.88	633	5425242	115	22	1806561	1807182	57	675	2e-99	 370	plus	0
LR130544.1	FJ347419;cluster_I;Bradyrhizobium_sp._ORS_279	78.43	561	5425242	108	12	1806571	1807126	553	1	2e-99	 370	minus	0
LR130544.1	GU001633;cluster_I;Bradyrhizobium_canariense	77.08	685	5425242	128	26	1806511	1807182	7	675	6e-99	 368	plus	0
LR130544.1	GQ381289;cluster_I;Paenibacillus_sp._SZ002	87.54	321	5425242	37	3	1806782	1807102	327	10	6e-99	 368	minus	0
LR130544.1	FJ347433;cluster_I;Bradyrhizobium_sp._ORS_310	78.21	560	5425242	111	10	1806571	1807126	553	1	2e-98	 366	minus	0
LR130544.1	FJ032022;cluster_I;Klebsiella_sp._AF-4C	88.03	309	5425242	37	0	1806848	1807156	311	3	2e-98	 366	minus	0
LR130544.1	GQ289574;cluster_I/IA;Bradyrhizobium_japonicum	81.03	464	5425242	82	6	1806764	1807224	1	461	7e-98	 364	plus	0
LR130544.1	EU693339;cluster_I;Bacillus_sp._Z7	83.42	392	5425242	65	0	1806764	1807155	427	36	7e-98	 364	minus	0
LR130544.1	EU693340;cluster_I;Bacillus_sp._Z19	82.57	413	5425242	70	2	1806764	1807176	428	18	3e-97	 363	minus	0
LR130544.1	FJ822997;cluster_I;Pseudomonas_sp._gx-127	84.72	360	5425242	53	2	1806782	1807140	4	362	3e-96	 359	plus	0
LR130544.1	EU693338;cluster_I;Azotobacter_chroococcum	82.41	415	5425242	70	3	1806764	1807176	434	21	3e-96	 359	minus	0
LR130544.1	EU693341;cluster_I;Acinetobacter_sp._Z21	83.29	389	5425242	65	0	1806764	1807152	429	41	3e-96	 359	minus	0
LR130544.1	AB542361;cluster_I;Azospirillum_sp._TSH21	78.22	574	5425242	114	9	1806556	1807125	571	5	1e-95	 357	minus	0
LR130544.1	AB542347;cluster_I;Azospirillum_sp._TSA18	78.22	574	5425242	114	9	1806556	1807125	567	1	1e-95	 357	minus	0
LR130544.1	AB542340;cluster_I;Azospirillum_sp._TSA11	78.22	574	5425242	114	9	1806556	1807125	567	1	1e-95	 357	minus	0
LR130544.1	AB542343;cluster_I;Azospirillum_sp._TSA14w	78.22	574	5425242	114	9	1806556	1807125	569	3	1e-95	 357	minus	0
LR130544.1	GU001619;cluster_I;Bradyrhizobium_cytisi	77.07	663	5425242	121	26	1806503	1807151	671	26	2e-94	 353	minus	0
LR130544.1	AB542356;cluster_I;Azospirillum_sp._TSH2	78.45	566	5425242	105	13	1806561	1807119	562	7	2e-94	 353	minus	0
LR130544.1	AB542357;cluster_I;Azospirillum_sp._TSH5	78.45	566	5425242	105	13	1806561	1807119	560	5	2e-94	 353	minus	0
LR130544.1	AB542358;cluster_I;Azospirillum_sp._TSH6	78.45	566	5425242	105	13	1806561	1807119	560	5	2e-94	 353	minus	0
LR130544.1	AB542359;cluster_I;Azospirillum_sp._TSH10	78.45	566	5425242	105	13	1806561	1807119	560	5	2e-94	 353	minus	0
LR130544.1	AB542337;cluster_I;Azospirillum_sp._TSA2s	78.15	572	5425242	114	9	1806556	1807123	565	1	2e-94	 353	minus	0
LR130544.1	AB542344;cluster_I;Azospirillum_sp._TSA15c	78.15	572	5425242	114	9	1806556	1807123	565	1	2e-94	 353	minus	0
LR130544.1	EU693342;cluster_I;Bacillus_sp._Z22	82.35	408	5425242	71	1	1806764	1807170	436	29	2e-94	 353	minus	0
LR130544.1	GU001627;cluster_I;Bradyrhizobium_rifense	76.89	662	5425242	124	25	1806503	1807151	671	26	7e-93	 348	minus	0
LR130544.1	AB542348;cluster_I;Azospirillum_sp._TSA19	78.11	562	5425242	112	9	1806556	1807113	558	4	3e-92	 346	minus	0
LR130544.1	AB542341;cluster_I;Azospirillum_sp._TSA12	78.11	562	5425242	112	9	1806556	1807113	558	4	3e-92	 346	minus	0
LR130544.1	AB542366;cluster_I;Azospirillum_sp._TSH96	78.19	564	5425242	106	13	1806563	1807119	557	4	9e-92	 344	minus	0
LR130544.1	AB542364;cluster_I;Azospirillum_sp._TSH78	77.84	564	5425242	108	13	1806563	1807119	561	8	2e-88	 333	minus	0
LR130544.1	GQ289580;cluster_I/IA;Bradyrhizobium_japonicum	79.53	464	5425242	89	6	1806764	1807224	1	461	3e-86	 326	plus	0
LR130544.1	FJ822995;cluster_I;Agrobacterium_tumefaciens	83.01	359	5425242	61	0	1806782	1807140	4	362	3e-86	 326	plus	0
LR130544.1	AF484657;cluster_I;Methylobacterium_sp._xct7	79.78	460	5425242	81	10	1806680	1807135	452	1	1e-85	 324	minus	0
LR130544.1	U97116;cluster_I;Azoarcus_communis	80.43	414	5425242	75	5	1806796	1807206	411	1	1e-81	 311	minus	0
LR130544.1	AY351672;cluster_I;Azotobacter_chroococcum	83.54	322	5425242	51	2	1806802	1807122	321	1	2e-78	 300	minus	0
LR130544.1	DQ787333;cluster_I;Azospirillum_lipoferum	79.59	441	5425242	73	12	1806782	1807215	446	16	2e-78	 300	minus	0
LR130544.1	AB079621;cluster_I;Rhodobacter_azotoformans	79.17	456	5425242	78	13	1806782	1807230	458	13	2e-78	 300	minus	0
LR130544.1	DQ029203;cluster_I;Azonexus_caeni	84.44	302	5425242	47	0	1806794	1807095	307	6	7e-78	 298	minus	0
LR130544.1	EF626686;cluster_I;Azonexus_hydrophilus	82.60	339	5425242	57	2	1806791	1807128	338	1	7e-78	 298	minus	0
LR130544.1	AB430882;cluster_I;Azotobacter_chroococcum	83.28	323	5425242	52	2	1806799	1807120	322	1	3e-77	 296	minus	0
LR130544.1	AB161454;cluster_I;Pleomorphomonas_oryzae	79.67	423	5425242	77	6	1806810	1807229	417	1	3e-77	 296	minus	0
LR130544.1	DQ787331;cluster_I;Azospirillum_lipoferum	78.81	453	5425242	85	9	1806782	1807230	446	1	1e-76	 294	minus	0
LR130544.1	DQ787334;cluster_I;Azospirillum_lipoferum	79.22	438	5425242	80	9	1806782	1807215	446	16	1e-76	 294	minus	0
LR130544.1	DQ787332;cluster_I;Azospirillum_lipoferum	79.22	438	5425242	80	9	1806782	1807215	446	16	1e-76	 294	minus	0
LR130544.1	EF626684;cluster_I;Azonexus_hydrophilus_DSM_23864	82.30	339	5425242	58	2	1806791	1807128	338	1	3e-76	 292	minus	0
LR130544.1	EF626685;cluster_I;Azonexus_hydrophilus	82.30	339	5425242	58	2	1806791	1807128	338	1	3e-76	 292	minus	0
LR130544.1	AB489139;cluster_I;Paenibacillus_abekawaensis	77.89	484	5425242	94	11	1806521	1806999	903	428	4e-75	 289	minus	0
LR130544.1	GQ503352;cluster_I;Mesorhizobium_ciceri	75.76	594	5425242	131	13	1806561	1807149	89	674	2e-74	 287	plus	0
LR130544.1	AB079622;cluster_I;Rhodobacter_sp._AP-10	78.41	454	5425242	87	7	1806781	1807230	459	13	6e-74	 285	minus	0
LR130544.1	EU418411;cluster_I;Rhizobium_gallicum	75.73	585	5425242	131	11	1806569	1807149	614	37	2e-73	 283	minus	0
LR130544.1	FJ687521;cluster_I;Aeromonas_sp._IPPW-29	80.82	365	5425242	61	9	1806779	1807140	359	1	1e-71	 278	minus	0
LR130544.1	FJ687517;cluster_I;Pseudomonas_sp._IPPW-2	80.82	365	5425242	61	9	1806779	1807140	359	1	1e-71	 278	minus	0
LR130544.1	AY768690;cluster_I;Azonexus_fungiphilus	82.30	322	5425242	55	2	1806802	1807122	321	1	1e-71	 278	minus	0
LR130544.1	EU581815;cluster_I;Sinorhizobium_meliloti	77.59	473	5425242	97	8	1806677	1807146	500	34	1e-71	 278	minus	0
LR130544.1	EU379970;cluster_I;Sinorhizobium_meliloti	77.59	473	5425242	97	8	1806677	1807146	506	40	1e-71	 278	minus	0
LR130544.1	EU581816;cluster_I;Sinorhizobium_meliloti	77.59	473	5425242	97	8	1806677	1807146	500	34	1e-71	 278	minus	0
LR130544.1	EF634041;cluster_I;Rhizobium_gallicum	81.96	327	5425242	58	1	1806808	1807134	1	326	3e-71	 276	plus	0
LR130544.1	FN813553;cluster_I;Azospirillum_zeae	80.49	364	5425242	64	5	1806779	1807140	359	1	5e-70	 272	minus	0
LR130544.1	FN813552;cluster_I;Azospirillum_zeae	80.49	364	5425242	64	5	1806779	1807140	359	1	5e-70	 272	minus	0
LR130544.1	FN813561;cluster_I;Azospirillum_zeae	80.55	365	5425242	62	7	1806779	1807140	359	1	5e-70	 272	minus	0
LR130544.1	EU418412;cluster_I;Rhizobium_mongolense	75.38	585	5425242	133	11	1806569	1807149	614	37	5e-70	 272	minus	0
LR130544.1	EU386145;cluster_I;Rhizobium_sp._NGR181	79.80	391	5425242	66	10	1806671	1807056	426	44	5e-70	 272	minus	0
LR130544.1	DQ682472;cluster_I;Azospirillum_zeae	80.39	362	5425242	62	7	1806782	1807140	357	2	2e-69	 270	minus	0
LR130544.1	AB182912;cluster_I;Pleomorphomonas_oryzae	78.97	409	5425242	77	6	1806810	1807215	407	5	2e-69	 270	minus	0
LR130544.1	DQ029204;cluster_I;Azonexus_fungiphilus	83.05	295	5425242	50	0	1806793	1807087	308	14	6e-69	 268	minus	0
LR130544.1	DQ682471;cluster_I;Azospirillum_zeae	80.50	359	5425242	61	7	1806782	1807137	353	1	2e-68	 267	minus	0
LR130544.1	EU379969;cluster_I;Sinorhizobium_meliloti	75.81	558	5425242	118	15	1806677	1807230	190	734	2e-68	 267	plus	0
LR130544.1	AJ457920;cluster_I;Sinorhizobium_sp._Rch-9868	77.33	472	5425242	94	12	1806677	1807143	528	65	2e-68	 267	minus	0
LR130544.1	EF199958;cluster_I;Thioalkalispira_microaerophila	80.06	356	5425242	71	0	1806809	1807164	383	28	8e-68	 265	minus	0
LR130544.1	DQ413015;cluster_I;Rhizobium_leguminosarum_bv._viciae	79.48	385	5425242	68	10	1806676	1807056	514	137	3e-67	 263	minus	0
LR130544.1	EU770978;cluster_I;Rhizobium_leguminosarum	75.62	562	5425242	120	16	1806676	1807230	552	1	3e-67	 263	minus	0
LR130544.1	AB182913;cluster_I;Pleomorphomonas_oryzae	78.89	398	5425242	75	6	1806810	1807204	396	5	1e-66	 261	minus	0
LR130544.1	AJ457919;cluster_I;Sinorhizobium_sp._Rch-9813	77.12	472	5425242	95	12	1806677	1807143	528	65	1e-66	 261	minus	0
LR130544.1	AB182911;cluster_I;Pleomorphomonas_oryzae	78.84	397	5425242	75	6	1806811	1807204	394	4	4e-66	 259	minus	0
LR130544.1	AB182910;cluster_I;Pleomorphomonas_oryzae	78.61	402	5425242	77	6	1806817	1807215	400	5	1e-65	 257	minus	0
LR130544.1	GU256453;cluster_I;Azospirillum_zeae	80.47	343	5425242	60	5	1806811	1807151	374	37	5e-65	 255	minus	0
LR130544.1	GQ161241;cluster_I;Azospirillum_brasilense	79.89	363	5425242	62	8	1806782	1807140	356	1	5e-65	 255	minus	0
LR130544.1	EU581817;cluster_I;Sinorhizobium_meliloti	76.74	473	5425242	101	8	1806677	1807146	497	31	5e-65	 255	minus	0
LR130544.1	AB079632;cluster_I;Rhodobacter_blasticus_DSM_2131	77.09	454	5425242	91	9	1806782	1807230	458	13	2e-64	 254	minus	0
LR130544.1	AB185395;cluster_I;Azospirillum_oryzae	78.27	405	5425242	79	7	1806802	1807203	408	10	6e-64	 252	minus	0
LR130544.1	EU770979;cluster_I;Rhizobium_leguminosarum	75.27	562	5425242	122	16	1806676	1807230	552	1	6e-64	 252	minus	0
LR130544.1	EF158046;cluster_I;Azospira_restricta	83.27	269	5425242	45	0	1806791	1807059	269	1	8e-63	 248	minus	0
LR130544.1	GQ411215;cluster_I;Bacillus_sp._SUND_LM2	87.44	215	5425242	26	1	1806929	1807143	314	101	3e-62	 246	minus	0
LR130544.1	AY929545;cluster_I;Rhizobium_sp._USDA_1920	78.37	393	5425242	76	9	1806589	1806978	387	1	3e-62	 246	minus	0
LR130544.1	AY929537;cluster_I;Rhizobium_mongolense	78.37	393	5425242	76	9	1806589	1806978	387	1	3e-62	 246	minus	0
LR130544.1	EU407189;cluster_I;Rhizobium_tibeticum	74.53	585	5425242	140	8	1806568	1807149	604	26	3e-62	 246	minus	0
LR130544.1	AY929538;cluster_I;Rhizobium_mongolense	78.37	393	5425242	76	9	1806589	1806978	387	1	3e-62	 246	minus	0
LR130544.1	AY929541;cluster_I;Rhizobium_yanglingense	78.37	393	5425242	76	9	1806589	1806978	387	1	3e-62	 246	minus	0
LR130544.1	GU256450;cluster_I;Azospirillum_melinis	79.65	339	5425242	62	5	1806815	1807151	368	35	2e-59	 237	minus	0
LR130544.1	AY079181;cluster_I;Rhizobium_tropici	77.49	391	5425242	83	4	1806556	1806945	387	1	3e-57	 230	minus	0
LR130544.1	GU256451;cluster_I;Azospirillum_picis	79.18	341	5425242	60	7	1806815	1807151	370	37	4e-56	 226	minus	0
LR130544.1	AB191042;cluster_I;Heliobacterium_gestii	71.22	1025	5425242	255	36	1805190	1806197	2000	999	5e-55	 222	minus	0
LR130544.1	AB079628;cluster_I;Rhodovulum_strictum	75.99	454	5425242	96	9	1806782	1807230	458	13	5e-55	 222	minus	0
LR130544.1	GQ411209;cluster_I;Bacillus_megaterium	87.43	191	5425242	24	0	1806954	1807144	338	148	2e-54	 220	minus	0
LR130544.1	AB079629;cluster_I;Rhodovulum_strictum	75.82	455	5425242	97	9	1806781	1807230	459	13	6e-54	 219	minus	0
LR130544.1	EU697999;cluster_I;Mesorhizobium_temperatum	85.78	204	5425242	27	2	1806680	1806882	233	31	8e-53	 215	minus	0
LR130544.1	EF620478;cluster_I;Azotobacter_chroococcum	79.10	335	5425242	53	16	1806799	1807122	332	4	8e-53	 215	minus	0
LR130544.1	DQ407288;cluster_I;Mesorhizobium_tianshanense	77.95	331	5425242	67	6	1806561	1806888	329	2	6e-49	 202	minus	0
LR130544.1	DQ407287;cluster_I;Mesorhizobium_tianshanense	77.81	329	5425242	66	7	1806561	1806885	329	4	3e-47	 196	minus	0
LR130544.1	DQ407295;cluster_I;Mesorhizobium_ciceri	77.85	325	5425242	66	6	1806561	1806882	322	1	3e-47	 196	minus	0
LR130544.1	AH000924;cluster_I;Rhizobium_sp.	74.58	472	5425242	108	11	1805221	1805686	773	308	3e-47	 196	minus	0
LR130544.1	AH000924;cluster_I;Rhizobium_sp.	86.42	81	5425242	8	3	1804347	1804425	116	37	6e-14	86.1	minus	0
LR130544.1	DQ315787;cluster_I;Anabaena_variabilis_ATCC_29413	72.45	686	5425242	161	23	1806558	1807230	704	34	1e-46	 195	minus	0
LR130544.1	AJ968685;cluster_I;Microbacterium_sp._ORS_1418	76.97	343	5425242	66	12	1806794	1807131	335	1	2e-43	 183	minus	0
LR130544.1	AJ968687;cluster_I;Microbacterium_sp._ORS_1417	76.65	334	5425242	67	10	1806802	1807131	329	3	1e-40	 174	minus	0
LR130544.1	AJ968686;cluster_I;Agromyces_sp._ORS_1437	79.10	268	5425242	43	12	1806794	1807056	312	53	5e-40	 172	minus	0
LR130544.1	AVU89346;cluster_I;Anabaena_variabilis_ATCC_29413	71.35	691	5425242	180	16	1806554	1807236	1097	417	3e-37	 163	minus	0
LR130544.1	Z31716;cluster_I;Nostoc_sp._PCC_6720	71.20	691	5425242	181	16	1806554	1807236	1234	554	1e-35	 158	minus	0
LR130544.1	EF560698;cluster_III;Chlorobaculum_macestae	77.38	221	5425242	42	5	1806782	1806995	449	230	1e-25	 124	minus	0
LR130544.1	DQ364798;cluster_I;Paenibacillus_sp._GJ24	79.66	177	5425242	33	2	1806817	1806993	324	151	1e-25	 124	minus	0
LR130544.1	DQ364799;cluster_I;Paenibacillus_sp._GA12	79.10	177	5425242	34	2	1806817	1806993	324	151	6e-24	 119	minus	0
LR130544.1	AY373370;cluster_I;Paenibacillus_massiliensis	77.91	172	5425242	35	2	1806817	1806988	306	138	2e-19	 104	minus	0
LR130544.1	NOSGLBN;cluster_I;Nostoc_sp.	76.47	153	5425242	31	5	1807086	1807236	1184	1035	1e-11	78.7	minus	0
