CP018307.1	V00631;cluster_I;Klebsiella_pneumoniae	89.00	1773	5641443	167	23	607598	609357	1803	46	0.0	2169	minus	0
CP018307.1	AY242355;cluster_I;Klebsiella_pneumoniae_342	98.64	883	5641443	10	2	608229	609110	882	1	0.0	1563	minus	0
CP018307.1	KPNNIFH;cluster_I;Klebsiella_pneumoniae	91.36	891	5641443	75	2	608221	609110	890	1	0.0	1218	minus	0
CP018307.1	X96609;cluster_I;Alcaligenes_faecalis	82.47	867	5641443	146	6	608241	609104	1475	612	0.0	 754	minus	0
CP018307.1	AVIMONFE;cluster_I;Azotobacter_chroococcum	82.46	838	5641443	136	8	608274	609104	1077	244	0.0	 723	minus	0
CP018307.1	FJ593767;cluster_I;Klebsiella_sp._P0643	99.74	389	5641443	1	0	608638	609026	389	1	0.0	 713	minus	0
CP018307.1	FJ593766;cluster_I;Klebsiella_sp._P0640	99.74	389	5641443	1	0	608638	609026	389	1	0.0	 713	minus	0
CP018307.1	FJ593765;cluster_I;Klebsiella_sp._P0638	99.74	389	5641443	1	0	608638	609026	389	1	0.0	 713	minus	0
CP018307.1	FJ593760;cluster_I;Klebsiella_sp._CRLS064	99.49	389	5641443	2	0	608638	609026	389	1	0.0	 708	minus	0
CP018307.1	FJ593763;cluster_I;Klebsiella_sp._CRLI0718a	99.49	389	5641443	2	0	608638	609026	389	1	0.0	 708	minus	0
CP018307.1	FJ593756;cluster_I;Klebsiella_sp._CRLI0715	99.49	389	5641443	2	0	608638	609026	389	1	0.0	 708	minus	0
CP018307.1	FJ593758;cluster_I;Klebsiella_sp._CRPV0610	99.49	389	5641443	2	0	608638	609026	389	1	0.0	 708	minus	0
CP018307.1	FJ593759;cluster_I;Klebsiella_sp._CRLS0617	99.49	389	5641443	2	0	608638	609026	389	1	0.0	 708	minus	0
CP018307.1	FJ593764;cluster_I;Klebsiella_sp._CRLI0713	99.49	389	5641443	2	0	608638	609026	389	1	0.0	 708	minus	0
CP018307.1	FJ593866;cluster_I;Klebsiella_sp._AL060225_04	99.23	389	5641443	3	0	608638	609026	389	1	0.0	 702	minus	0
CP018307.1	FJ593865;cluster_I;Klebsiella_sp._AL050511_01	99.23	389	5641443	3	0	608638	609026	389	1	0.0	 702	minus	0
CP018307.1	FJ593757;cluster_I;Klebsiella_sp._CRLS069a	99.23	389	5641443	3	0	608638	609026	389	1	0.0	 702	minus	0
CP018307.1	FJ593762;cluster_I;Klebsiella_sp._CRLI0728	98.97	389	5641443	4	0	608638	609026	389	1	0.0	 697	minus	0
CP018307.1	FJ593860;cluster_I;Klebsiella_sp._MNS_801b	98.71	389	5641443	5	0	608638	609026	389	1	0.0	 691	minus	0
CP018307.1	FJ593864;cluster_I;Klebsiella_sp._MNFG_802	98.71	389	5641443	5	0	608638	609026	389	1	0.0	 691	minus	0
CP018307.1	FJ593861;cluster_I;Klebsiella_sp._MNS_801a	98.71	389	5641443	5	0	608638	609026	389	1	0.0	 691	minus	0
CP018307.1	FJ593862;cluster_I;Klebsiella_sp._MNW_801b	98.71	389	5641443	5	0	608638	609026	389	1	0.0	 691	minus	0
CP018307.1	FJ593863;cluster_I;Klebsiella_sp._MNFG_801b	98.71	389	5641443	5	0	608638	609026	389	1	0.0	 691	minus	0
CP018307.1	FJ593761;cluster_I;Klebsiella_sp._CRLI0730	98.71	389	5641443	5	0	608638	609026	389	1	0.0	 691	minus	0
CP018307.1	X03916;cluster_I;Azotobacter_chroococcum	81.61	832	5641443	149	4	608274	609103	1174	345	0.0	 686	minus	0
CP018307.1	FJ593768;cluster_I;Klebsiella_sp._CRPV0611a	97.94	389	5641443	8	0	608638	609026	389	1	0.0	 675	minus	0
CP018307.1	X13519;cluster_I;Azotobacter_vinelandii	81.15	833	5641443	151	5	608274	609103	1050	221	0.0	 664	minus	0
CP018307.1	FJ593769;cluster_I;Klebsiella_sp._P0646	97.17	389	5641443	11	0	608638	609026	389	1	0.0	 658	minus	0
CP018307.1	AY846276;cluster_I;Klebsiella_pneumoniae	96.16	391	5641443	14	1	608704	609093	10	400	4e-180	 638	plus	0
CP018307.1	FJ822998;cluster_I;Klebsiella_sp._gx-3	97.77	359	5641443	8	0	608638	608996	4	362	1e-174	 619	plus	0
CP018307.1	FJ822994;cluster_I;Sinorhizobium_sp._gx-153	98.29	350	5641443	6	0	608638	608987	4	353	7e-173	 614	plus	0
CP018307.1	EU938522;cluster_I;Burkholderia_sp._gx97	97.21	359	5641443	10	0	608638	608996	359	1	3e-171	 608	minus	0
CP018307.1	AY367392;cluster_I;Klebsiella_variicola	99.11	336	5641443	3	0	608661	608996	337	2	4e-170	 604	minus	0
CP018307.1	AY367393;cluster_I;Klebsiella_variicola	98.81	336	5641443	4	0	608638	608973	336	1	2e-168	 599	minus	0
CP018307.1	AY367395;cluster_I;Klebsiella_variicola	98.81	336	5641443	4	0	608638	608973	336	1	2e-168	 599	minus	0
CP018307.1	AB189641;cluster_I;Halorhodospira_halophila	80.22	804	5641443	153	6	608289	609089	1031	231	2e-168	 599	minus	0
CP018307.1	AY367394;cluster_I;Klebsiella_variicola	98.50	333	5641443	5	0	608664	608996	334	2	4e-165	 588	minus	0
CP018307.1	DQ364801;cluster_I;Klebsiella_sp._BM92	98.44	320	5641443	5	0	608680	608999	320	1	7e-158	 564	minus	0
CP018307.1	AB270756;cluster_I;Klebsiella_pneumoniae	98.43	319	5641443	5	0	608679	608997	360	42	2e-157	 562	minus	0
CP018307.1	DQ821722;cluster_I;Sphingomonas_sp._Y49	97.52	322	5641443	8	0	608655	608976	322	1	5e-154	 551	minus	0
CP018307.1	AJ563286;cluster_I;Dechloromonas_sp._SIUL	81.67	671	5641443	111	10	608353	609017	677	13	7e-153	 547	minus	0
CP018307.1	KSU32183;cluster_I;Klebsiella_sp.	94.99	339	5641443	16	1	608722	609059	339	1	3e-152	 545	minus	0
CP018307.1	DQ821723;cluster_I;Klebsiella_sp._Y57	96.89	322	5641443	10	0	608655	608976	322	1	1e-150	 540	minus	0
CP018307.1	FJ593867;cluster_I;Klebsiella_sp._AL060224_03	91.52	389	5641443	33	0	608638	609026	389	1	2e-149	 536	minus	0
CP018307.1	AF031817;cluster_I;Rhodobacter_sphaeroides	77.37	822	5641443	158	21	608286	609093	1090	283	3e-127	 462	minus	0
CP018307.1	GQ381287;cluster_I;Klebsiella_sp._SZ7-2	89.97	359	5641443	33	2	608638	608996	356	1	9e-127	 460	minus	0
CP018307.1	FJ593868;cluster_I;Enterobacter_sp._MTP_050512_17	86.89	389	5641443	51	0	608638	609026	389	1	2e-119	 436	minus	0
CP018307.1	AB542353;cluster_I;Azospirillum_sp._TSA36t	79.45	623	5641443	117	9	608389	609007	638	23	7e-118	 431	minus	0
CP018307.1	AY221827;cluster_I;Klebsiella_oxytoca_KCTC_1686	89.91	327	5641443	33	0	608652	608978	327	1	4e-115	 422	minus	0
CP018307.1	FJ593777;cluster_I;Pantoea_sp._CRLI0725a	85.86	389	5641443	55	0	608638	609026	389	1	7e-113	 414	minus	0
CP018307.1	FJ593779;cluster_I;Pantoea_sp._A0305	85.86	389	5641443	55	0	608638	609026	389	1	7e-113	 414	minus	0
CP018307.1	FJ593780;cluster_I;Pantoea_sp._P0352	85.86	389	5641443	55	0	608638	609026	389	1	7e-113	 414	minus	0
CP018307.1	FJ593778;cluster_I;Pantoea_sp._P0359	85.86	389	5641443	55	0	608638	609026	389	1	7e-113	 414	minus	0
CP018307.1	EF199951;cluster_I;Halorhodospira_halophila	83.30	449	5641443	75	0	608638	609086	449	1	7e-113	 414	minus	0
CP018307.1	EU622783;cluster_I;Thiocapsa_bogorovii	84.27	426	5641443	65	2	608638	609062	449	25	7e-113	 414	minus	0
CP018307.1	AY373368;cluster_I;Paenibacillus_sp._g2	89.30	327	5641443	35	0	608673	608999	327	1	1e-111	 411	minus	0
CP018307.1	X63352;cluster_I;Rhodobacter_capsulatus	76.01	842	5641443	175	20	608275	609101	2132	1303	1e-111	 411	minus	0
CP018307.1	AY367396;cluster_I;Raoultella_terrigena	88.86	332	5641443	37	0	608665	608996	332	1	3e-111	 409	minus	0
CP018307.1	AB542360;cluster_I;Azospirillum_sp._TSH19	79.79	574	5641443	105	10	608412	608981	568	2	1e-110	 407	minus	0
CP018307.1	AB542367;cluster_I;Azospirillum_sp._TSH100	79.76	573	5641443	105	10	608412	608980	566	1	4e-110	 405	minus	0
CP018307.1	AY373369;cluster_I;Bacillus_cereus	88.99	327	5641443	36	0	608673	608999	331	5	4e-110	 405	minus	0
CP018307.1	X07866;cluster_I;Rhodobacter_capsulatus_SB_1003	75.89	842	5641443	176	20	608275	609101	934	105	4e-110	 405	minus	0
CP018307.1	AB542349;cluster_I;Azospirillum_sp._TSA20c	78.65	623	5641443	122	9	608389	609007	644	29	2e-109	 403	minus	0
CP018307.1	AB542346;cluster_I;Azospirillum_sp._TSA16	78.65	623	5641443	122	9	608389	609007	623	8	2e-109	 403	minus	0
CP018307.1	FJ347438;cluster_I;Bradyrhizobium_sp._ORS_330	80.07	557	5641443	98	12	608431	608982	549	1	6e-109	 401	minus	0
CP018307.1	AB542338;cluster_I;Azospirillum_sp._TSA6c	78.62	622	5641443	122	9	608390	609007	643	29	6e-109	 401	minus	0
CP018307.1	FJ347445;cluster_I;Bradyrhizobium_sp._ORS_361	79.46	560	5641443	104	10	608427	608982	553	1	2e-108	 399	minus	0
CP018307.1	FJ347430;cluster_I;Bradyrhizobium_sp._ORS_307	79.53	557	5641443	101	12	608431	608982	549	1	2e-108	 399	minus	0
CP018307.1	AY373371;cluster_I;Bacillus_sp._w5	88.69	327	5641443	37	0	608673	608999	327	1	2e-108	 399	minus	0
CP018307.1	GQ381290;cluster_I;Klebsiella_pneumoniae	89.10	321	5641443	33	2	608638	608958	331	13	7e-108	 398	minus	0
CP018307.1	FJ347446;cluster_I;Bradyrhizobium_sp._ORS_372	79.71	557	5641443	100	12	608431	608982	549	1	7e-108	 398	minus	0
CP018307.1	FJ347449;cluster_I;Bradyrhizobium_sp._ORS_391	79.79	559	5641443	104	8	608427	608982	553	1	7e-108	 398	minus	0
CP018307.1	FJ347434;cluster_I;Bradyrhizobium_sp._ORS_318	79.50	556	5641443	103	10	608431	608982	549	1	7e-108	 398	minus	0
CP018307.1	FJ347439;cluster_I;Bradyrhizobium_sp._ORS_331	79.79	559	5641443	104	8	608427	608982	553	1	7e-108	 398	minus	0
CP018307.1	FJ347422;cluster_I;Bradyrhizobium_sp._ORS_294	79.50	556	5641443	103	10	608431	608982	549	1	7e-108	 398	minus	0
CP018307.1	FJ347424;cluster_I;Bradyrhizobium_sp._ORS_298	79.12	570	5641443	108	10	608417	608982	563	1	7e-108	 398	minus	0
CP018307.1	FJ347443;cluster_I;Bradyrhizobium_sp._ORS_356	79.29	560	5641443	105	10	608427	608982	553	1	3e-107	 396	minus	0
CP018307.1	HM047125;cluster_I;Bradyrhizobium_denitrificans	78.96	594	5641443	116	8	608417	609007	619	32	3e-107	 396	minus	0
CP018307.1	EF200511;cluster_I;Klebsiella_sp._TT001	90.13	304	5641443	30	0	608663	608966	304	1	3e-107	 396	minus	0
CP018307.1	EF200510;cluster_I;Klebsiella_sp._NTI31	90.13	304	5641443	30	0	608663	608966	304	1	3e-107	 396	minus	0
CP018307.1	FJ347427;cluster_I;Bradyrhizobium_sp._ORS_303	79.29	560	5641443	105	10	608427	608982	553	1	1e-106	 394	minus	0
CP018307.1	FJ822999;cluster_I;Stenotrophomonas_sp._gx-44	86.23	363	5641443	48	2	608635	608996	1	362	3e-106	 392	plus	0
CP018307.1	FJ347436;cluster_I;Bradyrhizobium_sp._ORS_327	79.33	571	5641443	105	12	608417	608982	563	1	3e-106	 392	minus	0
CP018307.1	FJ347418;cluster_I;Bradyrhizobium_sp._ORS_277	79.71	557	5641443	100	12	608431	608982	549	1	3e-106	 392	minus	0
CP018307.1	AY373365;cluster_I;Bacillus_megaterium	88.75	320	5641443	36	0	608680	608999	320	1	3e-106	 392	minus	0
CP018307.1	GQ381289;cluster_I;Paenibacillus_sp._SZ002	88.79	321	5641443	33	3	608638	608958	327	10	1e-105	 390	minus	0
CP018307.1	FJ347448;cluster_I;Bradyrhizobium_sp._ORS_377	79.43	559	5641443	106	8	608427	608982	553	1	1e-105	 390	minus	0
CP018307.1	FJ347420;cluster_I;Bradyrhizobium_sp._ORS_285	79.33	571	5641443	105	12	608417	608982	563	1	1e-105	 390	minus	0
CP018307.1	FJ347423;cluster_I;Bradyrhizobium_sp._ORS_297	79.53	557	5641443	101	12	608431	608982	549	1	4e-105	 388	minus	0
CP018307.1	AF545637;cluster_I;Pantoea_agglomerans	86.27	357	5641443	49	0	608712	609068	360	4	4e-105	 388	minus	0
CP018307.1	FJ032021;cluster_I;Klebsiella_sp._BN-4A	89.32	309	5641443	33	0	608704	609012	309	1	4e-105	 388	minus	0
CP018307.1	FJ032022;cluster_I;Klebsiella_sp._AF-4C	89.32	309	5641443	33	0	608704	609012	311	3	4e-105	 388	minus	0
CP018307.1	FJ347426;cluster_I;Bradyrhizobium_sp._ORS_301	79.17	557	5641443	103	12	608431	608982	549	1	6e-104	 385	minus	0
CP018307.1	FJ347421;cluster_I;Bradyrhizobium_sp._ORS_287	79.17	557	5641443	103	12	608431	608982	549	1	6e-104	 385	minus	0
CP018307.1	AY373366;cluster_I;Bacillus_sp._c6	87.77	327	5641443	40	0	608673	608999	327	1	2e-103	 383	minus	0
CP018307.1	FJ347435;cluster_I;Bradyrhizobium_sp._ORS_324	79.14	556	5641443	105	10	608431	608982	549	1	7e-103	 381	minus	0
CP018307.1	FJ347441;cluster_I;Bradyrhizobium_sp._ORS_344	78.82	557	5641443	105	12	608431	608982	549	1	7e-103	 381	minus	0
CP018307.1	EU622788;cluster_I;Allochromatium_minutissimum	82.00	450	5641443	79	2	608638	609086	449	1	7e-103	 381	minus	0
CP018307.1	FJ347437;cluster_I;Bradyrhizobium_sp._ORS_328	78.79	561	5641443	106	12	608427	608982	553	1	3e-102	 379	minus	0
CP018307.1	FJ347447;cluster_I;Bradyrhizobium_sp._ORS_375	78.64	557	5641443	106	12	608431	608982	549	1	1e-101	 377	minus	0
CP018307.1	FJ347425;cluster_I;Bradyrhizobium_sp._ORS_300	78.97	561	5641443	105	12	608427	608982	553	1	1e-101	 377	minus	0
CP018307.1	DQ364804;cluster_I;Klebsiella_sp._JT42	87.50	328	5641443	39	2	608673	608999	327	1	1e-101	 377	minus	0
CP018307.1	GU001626;cluster_I;Bradyrhizobium_japonicum	78.04	633	5641443	114	22	608417	609038	57	675	3e-101	 375	plus	0
CP018307.1	GU001631;cluster_I;Bradyrhizobium_japonicum	78.04	633	5641443	114	22	608417	609038	57	675	3e-101	 375	plus	0
CP018307.1	GU001628;cluster_I;Bradyrhizobium_japonicum	78.04	633	5641443	114	22	608417	609038	57	675	3e-101	 375	plus	0
CP018307.1	GQ289574;cluster_I/IA;Bradyrhizobium_japonicum	81.47	464	5641443	80	6	608620	609080	1	461	3e-101	 375	plus	0
CP018307.1	GU001618;cluster_I;Bradyrhizobium_cytisi	78.46	599	5641443	110	17	608417	609007	613	26	1e-100	 374	minus	0
CP018307.1	FJ347451;cluster_I;Bradyrhizobium_sp._ORS_400	78.52	568	5641443	111	10	608419	608982	561	1	1e-100	 374	minus	0
CP018307.1	FJ347419;cluster_I;Bradyrhizobium_sp._ORS_279	78.43	561	5641443	108	12	608427	608982	553	1	2e-99	 370	minus	0
CP018307.1	EU693339;cluster_I;Bacillus_sp._Z7	83.67	392	5641443	64	0	608620	609011	427	36	2e-99	 370	minus	0
CP018307.1	EU693340;cluster_I;Bacillus_sp._Z19	82.81	413	5641443	69	2	608620	609032	428	18	6e-99	 368	minus	0
CP018307.1	FJ347433;cluster_I;Bradyrhizobium_sp._ORS_310	78.21	560	5641443	111	10	608427	608982	553	1	2e-98	 366	minus	0
CP018307.1	GU001633;cluster_I;Bradyrhizobium_canariense	77.73	633	5641443	116	22	608417	609038	57	675	8e-98	 364	plus	0
CP018307.1	AB542356;cluster_I;Azospirillum_sp._TSH2	78.63	571	5641443	107	11	608417	608981	562	1	8e-98	 364	minus	0
CP018307.1	EU693338;cluster_I;Azotobacter_chroococcum	82.65	415	5641443	69	3	608620	609032	434	21	8e-98	 364	minus	0
CP018307.1	EU693341;cluster_I;Acinetobacter_sp._Z21	83.55	389	5641443	64	0	608620	609008	429	41	8e-98	 364	minus	0
CP018307.1	AB542357;cluster_I;Azospirillum_sp._TSH5	78.56	569	5641443	107	11	608417	608979	560	1	1e-96	 361	minus	0
CP018307.1	AB542358;cluster_I;Azospirillum_sp._TSH6	78.56	569	5641443	107	11	608417	608979	560	1	1e-96	 361	minus	0
CP018307.1	AB542359;cluster_I;Azospirillum_sp._TSH10	78.56	569	5641443	107	11	608417	608979	560	1	1e-96	 361	minus	0
CP018307.1	AB542337;cluster_I;Azospirillum_sp._TSA2s	78.00	591	5641443	119	9	608389	608975	588	5	1e-96	 361	minus	0
CP018307.1	EU693342;cluster_I;Bacillus_sp._Z22	82.60	408	5641443	70	1	608620	609026	436	29	4e-96	 359	minus	0
CP018307.1	AB542361;cluster_I;Azospirillum_sp._TSH21	78.35	568	5641443	112	9	608412	608975	571	11	1e-95	 357	minus	0
CP018307.1	AB542347;cluster_I;Azospirillum_sp._TSA18	78.35	568	5641443	112	9	608412	608975	567	7	1e-95	 357	minus	0
CP018307.1	AB542344;cluster_I;Azospirillum_sp._TSA15c	78.35	568	5641443	112	9	608412	608975	565	5	1e-95	 357	minus	0
CP018307.1	AB542340;cluster_I;Azospirillum_sp._TSA11	78.35	568	5641443	112	9	608412	608975	567	7	1e-95	 357	minus	0
CP018307.1	AB542343;cluster_I;Azospirillum_sp._TSA14w	78.35	568	5641443	112	9	608412	608975	569	9	1e-95	 357	minus	0
CP018307.1	FJ822997;cluster_I;Pseudomonas_sp._gx-127	84.40	359	5641443	56	0	608638	608996	4	362	2e-94	 353	plus	0
CP018307.1	GU001627;cluster_I;Bradyrhizobium_rifense	77.87	601	5641443	110	20	608417	609007	613	26	6e-94	 351	minus	0
CP018307.1	AB542348;cluster_I;Azospirillum_sp._TSA19	78.29	562	5641443	111	9	608412	608969	558	4	6e-94	 351	minus	0
CP018307.1	AB542341;cluster_I;Azospirillum_sp._TSA12	78.29	562	5641443	111	9	608412	608969	558	4	6e-94	 351	minus	0
CP018307.1	AB542366;cluster_I;Azospirillum_sp._TSH96	78.33	563	5641443	107	11	608419	608975	557	4	2e-93	 350	minus	0
CP018307.1	GU001619;cluster_I;Bradyrhizobium_cytisi	77.70	601	5641443	111	20	608417	609007	613	26	3e-92	 346	minus	0
CP018307.1	AB542364;cluster_I;Azospirillum_sp._TSH78	78.03	569	5641443	110	11	608419	608981	561	2	1e-91	 344	minus	0
CP018307.1	DQ821718;cluster_I;Enterobacter_sp._Y4	85.45	323	5641443	45	2	608655	608976	322	1	6e-89	 335	minus	0
CP018307.1	FJ822995;cluster_I;Agrobacterium_tumefaciens	83.29	359	5641443	60	0	608638	608996	4	362	8e-88	 331	plus	0
CP018307.1	DQ821725;cluster_I;Micrococcus_sp._Y70	85.14	323	5641443	46	2	608655	608976	322	1	3e-87	 329	minus	0
CP018307.1	U97116;cluster_I;Azoarcus_communis	81.16	414	5641443	72	5	608652	609062	411	1	1e-86	 327	minus	0
CP018307.1	DQ821719;cluster_I;Enterobacter_sp._Y11	84.83	323	5641443	47	2	608655	608976	322	1	1e-85	 324	minus	0
CP018307.1	GQ289580;cluster_I/IA;Bradyrhizobium_japonicum	79.31	464	5641443	90	6	608620	609080	1	461	2e-84	 320	plus	0
CP018307.1	DQ787333;cluster_I;Azospirillum_lipoferum	80.27	441	5641443	70	12	608638	609071	446	16	2e-83	 316	minus	0
CP018307.1	DQ787331;cluster_I;Azospirillum_lipoferum	79.69	453	5641443	81	9	608638	609086	446	1	2e-83	 316	minus	0
CP018307.1	DQ787334;cluster_I;Azospirillum_lipoferum	80.14	438	5641443	76	9	608638	609071	446	16	2e-83	 316	minus	0
CP018307.1	DQ787332;cluster_I;Azospirillum_lipoferum	80.14	438	5641443	76	9	608638	609071	446	16	2e-83	 316	minus	0
CP018307.1	FJ687522;cluster_I;Aeromonas_sp._IPPW-33a	82.37	363	5641443	62	2	608635	608996	362	1	8e-83	 315	minus	0
CP018307.1	EF626686;cluster_I;Azonexus_hydrophilus	83.48	339	5641443	54	2	608647	608984	338	1	8e-83	 315	minus	0
CP018307.1	AF484657;cluster_I;Methylobacterium_sp._xct7	79.35	460	5641443	83	11	608536	608991	452	1	3e-82	 313	minus	0
CP018307.1	AB079621;cluster_I;Rhodobacter_azotoformans	79.61	456	5641443	76	13	608638	609086	458	13	1e-81	 311	minus	0
CP018307.1	DQ029203;cluster_I;Azonexus_caeni	85.20	304	5641443	41	3	608650	608951	307	6	4e-81	 309	minus	0
CP018307.1	EF626684;cluster_I;Azonexus_hydrophilus_DSM_23864	83.19	339	5641443	55	2	608647	608984	338	1	4e-81	 309	minus	0
CP018307.1	EF626685;cluster_I;Azonexus_hydrophilus	83.19	339	5641443	55	2	608647	608984	338	1	4e-81	 309	minus	0
CP018307.1	AB161454;cluster_I;Pleomorphomonas_oryzae	80.14	423	5641443	75	5	608666	609085	417	1	1e-80	 307	minus	0
CP018307.1	GU256446;cluster_I;Azospirillum_canadense	81.48	378	5641443	61	5	608658	609032	375	4	6e-79	 302	minus	0
CP018307.1	FN813553;cluster_I;Azospirillum_zeae	81.59	364	5641443	60	5	608635	608996	359	1	1e-76	 294	minus	0
CP018307.1	FN813552;cluster_I;Azospirillum_zeae	81.59	364	5641443	60	5	608635	608996	359	1	1e-76	 294	minus	0
CP018307.1	V01215;cluster_I;Sinorhizobium_meliloti	76.26	577	5641443	122	14	608533	609103	736	169	4e-76	 292	minus	0
CP018307.1	FN813561;cluster_I;Azospirillum_zeae	81.37	365	5641443	59	7	608635	608996	359	1	5e-75	 289	minus	0
CP018307.1	AY768690;cluster_I;Azonexus_fungiphilus	83.02	324	5641443	49	5	608658	608978	321	1	5e-75	 289	minus	0
CP018307.1	DQ682472;cluster_I;Azospirillum_zeae	81.22	362	5641443	59	7	608638	608996	357	2	2e-74	 287	minus	0
CP018307.1	AB489139;cluster_I;Paenibacillus_abekawaensis	77.87	479	5641443	93	11	608377	608850	903	433	6e-74	 285	minus	0
CP018307.1	AB430882;cluster_I;Azotobacter_chroococcum	82.61	322	5641443	56	0	608655	608976	322	1	6e-74	 285	minus	0
CP018307.1	FJ687521;cluster_I;Aeromonas_sp._IPPW-29	81.20	367	5641443	56	11	608635	608996	359	1	2e-73	 283	minus	0
CP018307.1	FJ687517;cluster_I;Pseudomonas_sp._IPPW-2	81.20	367	5641443	56	11	608635	608996	359	1	2e-73	 283	minus	0
CP018307.1	AY351672;cluster_I;Azotobacter_chroococcum	82.55	321	5641443	56	0	608658	608978	321	1	2e-73	 283	minus	0
CP018307.1	DQ682471;cluster_I;Azospirillum_zeae	81.34	359	5641443	58	7	608638	608993	353	1	2e-73	 283	minus	0
CP018307.1	EF634041;cluster_I;Rhizobium_gallicum	82.26	327	5641443	57	1	608664	608990	1	326	8e-73	 281	plus	0
CP018307.1	FJ643446;cluster_I;Sinorhizobium_meliloti	76.07	560	5641443	120	13	608533	609086	187	738	3e-72	 279	plus	0
CP018307.1	DQ029204;cluster_I;Azonexus_fungiphilus	83.73	295	5641443	48	0	608649	608943	308	14	3e-72	 279	minus	0
CP018307.1	AB079622;cluster_I;Rhodobacter_sp._AP-10	78.19	454	5641443	88	7	608637	609086	459	13	3e-72	 279	minus	0
CP018307.1	AY624581;Unclassified;Gluconacetobacter_azotocaptans	75.73	585	5641443	125	16	607479	608053	1257	680	1e-71	 278	minus	0
CP018307.1	DQ393890;cluster_I;Azospirillum_canadense	81.48	351	5641443	54	7	608638	608984	5	348	1e-71	 278	plus	0
CP018307.1	AB182912;cluster_I;Pleomorphomonas_oryzae	79.22	409	5641443	76	5	608666	609071	407	5	4e-71	 276	minus	0
CP018307.1	GU256453;cluster_I;Azospirillum_zeae	81.34	343	5641443	57	5	608667	609007	374	37	5e-70	 272	minus	0
CP018307.1	GQ503352;cluster_I;Mesorhizobium_ciceri	78.34	434	5641443	83	11	608417	608846	89	515	2e-69	 270	plus	0
CP018307.1	EF199958;cluster_I;Thioalkalispira_microaerophila	80.34	356	5641443	70	0	608665	609020	383	28	2e-69	 270	minus	0
CP018307.1	AB185395;cluster_I;Azospirillum_oryzae	79.01	405	5641443	76	7	608658	609059	408	10	6e-69	 268	minus	0
CP018307.1	GQ161241;cluster_I;Azospirillum_brasilense	80.44	363	5641443	60	8	608638	608996	356	1	2e-68	 267	minus	0
CP018307.1	AB182913;cluster_I;Pleomorphomonas_oryzae	79.15	398	5641443	74	5	608666	609060	396	5	2e-68	 267	minus	0
CP018307.1	DQ413016;cluster_I;Sinorhizobium_meliloti	77.17	473	5641443	99	8	608533	609002	513	47	2e-68	 267	minus	0
CP018307.1	EU252599;cluster_I;Sinorhizobium_meliloti	77.17	473	5641443	99	8	608533	609002	505	39	2e-68	 267	minus	0
CP018307.1	EU386145;cluster_I;Rhizobium_sp._NGR181	79.54	391	5641443	67	11	608527	608912	426	44	2e-68	 267	minus	0
CP018307.1	AB182911;cluster_I;Pleomorphomonas_oryzae	79.09	397	5641443	74	5	608667	609060	394	4	8e-68	 265	minus	0
CP018307.1	AB182910;cluster_I;Pleomorphomonas_oryzae	78.86	402	5641443	76	5	608673	609071	400	5	3e-67	 263	minus	0
CP018307.1	AY934874;cluster_I;Sinorhizobium_sp._CCBAU_33036A	77.05	475	5641443	98	10	608532	609002	522	55	3e-67	 263	minus	0
CP018307.1	EF153400;cluster_I;Sinorhizobium_meliloti	76.74	473	5641443	101	8	608533	609002	506	40	5e-65	 255	minus	0
CP018307.1	AY934877;cluster_I;Sinorhizobium_sp._CCBAU_53044B	76.74	473	5641443	101	8	608533	609002	522	56	5e-65	 255	minus	0
CP018307.1	EU707160;cluster_I;Sinorhizobium_meliloti	76.74	473	5641443	101	8	608533	609002	484	18	5e-65	 255	minus	0
CP018307.1	EU252600;cluster_I;Sinorhizobium_sp._CCBAU_83317	76.74	473	5641443	101	8	608533	609002	506	40	5e-65	 255	minus	0
CP018307.1	GU256450;cluster_I;Azospirillum_melinis	80.53	339	5641443	59	5	608671	609007	368	35	2e-64	 254	minus	0
CP018307.1	AB079632;cluster_I;Rhodobacter_blasticus_DSM_2131	77.09	454	5641443	91	10	608638	609086	458	13	2e-64	 254	minus	0
CP018307.1	EU418418;cluster_I;Sinorhizobium_meliloti	76.53	473	5641443	102	8	608533	609002	500	34	2e-63	 250	minus	0
CP018307.1	EF158046;cluster_I;Azospira_restricta	83.39	271	5641443	41	3	608647	608915	269	1	8e-63	 248	minus	0
CP018307.1	EF070145;cluster_I;Sinorhizobium_meliloti	77.78	414	5641443	83	8	608592	609002	416	9	3e-62	 246	minus	0
CP018307.1	AB079628;cluster_I;Rhodovulum_strictum	76.87	454	5641443	92	9	608638	609086	458	13	1e-61	 244	minus	0
CP018307.1	GU256451;cluster_I;Azospirillum_picis	80.06	341	5641443	57	7	608671	609007	370	37	4e-61	 243	minus	0
CP018307.1	GQ411215;cluster_I;Bacillus_sp._SUND_LM2	86.98	215	5641443	27	1	608785	608999	314	101	1e-60	 241	minus	0
CP018307.1	AB079629;cluster_I;Rhodovulum_strictum	76.70	455	5641443	93	9	608637	609086	459	13	1e-60	 241	minus	0
CP018307.1	AB191042;cluster_I;Heliobacterium_gestii	71.41	1025	5641443	253	36	607046	608053	2000	999	2e-58	 233	minus	0
CP018307.1	AY079181;cluster_I;Rhizobium_tropici	77.49	391	5641443	83	5	608412	608801	387	1	3e-57	 230	minus	0
CP018307.1	ADAF001432;cluster_I;Gluconacetobacter_diazotrophicus	80.52	308	5641443	51	5	608692	608996	302	1	1e-56	 228	minus	0
CP018307.1	GQ411209;cluster_I;Bacillus_megaterium	87.96	191	5641443	23	0	608810	609000	338	148	4e-56	 226	minus	0
CP018307.1	EF620478;cluster_I;Azotobacter_chroococcum	79.23	337	5641443	55	15	608655	608981	332	1	2e-54	 220	minus	0
CP018307.1	EU697999;cluster_I;Mesorhizobium_temperatum	85.78	204	5641443	27	2	608536	608738	233	31	8e-53	 215	minus	0
CP018307.1	EU177583;cluster_I;Sinorhizobium_meliloti	74.55	554	5641443	108	26	608533	609080	231	757	1e-51	 211	plus	0
CP018307.1	DQ407288;cluster_I;Mesorhizobium_tianshanense	77.95	331	5641443	67	6	608417	608744	329	2	6e-49	 202	minus	0
CP018307.1	DQ315787;cluster_I;Anabaena_variabilis_ATCC_29413	72.59	686	5641443	160	23	608414	609086	704	34	2e-48	 200	minus	0
CP018307.1	DQ407287;cluster_I;Mesorhizobium_tianshanense	77.81	329	5641443	66	7	608417	608741	329	4	3e-47	 196	minus	0
CP018307.1	DQ407295;cluster_I;Mesorhizobium_ciceri	77.85	325	5641443	66	6	608417	608738	322	1	3e-47	 196	minus	0
CP018307.1	AH000924;cluster_I;Rhizobium_sp.	74.58	472	5641443	108	11	607077	607542	773	308	3e-47	 196	minus	0
CP018307.1	AH000924;cluster_I;Rhizobium_sp.	86.42	81	5641443	8	3	606203	606281	116	37	7e-14	86.1	minus	0
CP018307.1	GQ289582;cluster_III;Bradyrhizobium_japonicum	81.67	240	5641443	30	10	608620	608849	1	236	2e-44	 187	plus	0
CP018307.1	GQ289573;cluster_III;Bradyrhizobium_japonicum	80.74	244	5641443	37	6	608620	608855	1	242	8e-43	 182	plus	0
CP018307.1	AVU89346;cluster_I;Anabaena_variabilis_ATCC_29413	71.35	691	5641443	180	16	608410	609092	1097	417	3e-37	 163	minus	0
CP018307.1	Z31716;cluster_I;Nostoc_sp._PCC_6720	71.20	691	5641443	181	16	608410	609092	1234	554	1e-35	 158	minus	0
CP018307.1	FJ712276;cluster_I;Rhizobium_petrolearium	76.08	301	5641443	65	6	608704	609002	331	36	2e-33	 150	minus	0
CP018307.1	DQ364798;cluster_I;Paenibacillus_sp._GJ24	75.15	334	5641443	66	12	608673	608999	324	1	1e-30	 141	minus	0
CP018307.1	DQ364799;cluster_I;Paenibacillus_sp._GA12	76.54	260	5641443	52	6	608673	608929	324	71	2e-28	 134	minus	0
CP018307.1	EF560698;cluster_III;Chlorobaculum_macestae	76.86	229	5641443	45	5	608638	608859	449	222	5e-25	 122	minus	0
CP018307.1	AY373370;cluster_I;Paenibacillus_massiliensis	77.91	172	5641443	35	2	608673	608844	306	138	2e-19	 104	minus	0
CP018307.1	NOSGLBN;cluster_I;Nostoc_sp.	77.12	153	5641443	30	5	608942	609092	1184	1035	2e-13	84.2	minus	0
CP018307.1	RHMNIFHA;cluster_I;Sinorhizobium_meliloti	92.68	41	5641443	3	0	608962	609002	44	4	4e-06	60.2	minus	0
