CP026285.1	V00631;cluster_I;Klebsiella_pneumoniae	95.47	1809	6190364	80	2	495749	497557	1807	1	0.0	2885	minus	0
CP026285.1	KPNNIFH;cluster_I;Klebsiella_pneumoniae	96.31	894	6190364	33	0	496372	497265	894	1	0.0	1469	minus	0
CP026285.1	AY242355;cluster_I;Klebsiella_pneumoniae_342	90.27	884	6190364	82	4	496384	497265	882	1	0.0	1153	minus	0
CP026285.1	X03916;cluster_I;Azotobacter_chroococcum	82.83	833	6190364	137	6	496429	497258	1174	345	0.0	 741	minus	0
CP026285.1	FJ593867;cluster_I;Klebsiella_sp._AL060224_03	98.71	389	6190364	5	0	496793	497181	389	1	0.0	 691	minus	0
CP026285.1	AY221827;cluster_I;Klebsiella_oxytoca_KCTC_1686	98.78	327	6190364	4	0	496807	497133	327	1	2e-163	 582	minus	0
CP026285.1	AY373368;cluster_I;Paenibacillus_sp._g2	98.17	327	6190364	6	0	496828	497154	327	1	5e-160	 571	minus	0
CP026285.1	AB189641;cluster_I;Halorhodospira_halophila	79.65	801	6190364	157	6	496444	497241	1031	234	5e-160	 571	minus	0
CP026285.1	DQ364804;cluster_I;Klebsiella_sp._JT42	97.26	328	6190364	7	2	496828	497154	327	1	5e-155	 555	minus	0
CP026285.1	FJ593769;cluster_I;Klebsiella_sp._P0646	91.77	389	6190364	32	0	496793	497181	389	1	4e-151	 542	minus	0
CP026285.1	GQ381287;cluster_I;Klebsiella_sp._SZ7-2	93.87	359	6190364	19	2	496793	497151	356	1	5e-150	 538	minus	0
CP026285.1	FJ593860;cluster_I;Klebsiella_sp._MNS_801b	91.26	389	6190364	34	0	496793	497181	389	1	8e-148	 531	minus	0
CP026285.1	FJ593864;cluster_I;Klebsiella_sp._MNFG_802	91.26	389	6190364	34	0	496793	497181	389	1	8e-148	 531	minus	0
CP026285.1	FJ593861;cluster_I;Klebsiella_sp._MNS_801a	91.26	389	6190364	34	0	496793	497181	389	1	8e-148	 531	minus	0
CP026285.1	FJ593862;cluster_I;Klebsiella_sp._MNW_801b	91.26	389	6190364	34	0	496793	497181	389	1	8e-148	 531	minus	0
CP026285.1	FJ593863;cluster_I;Klebsiella_sp._MNFG_801b	91.26	389	6190364	34	0	496793	497181	389	1	8e-148	 531	minus	0
CP026285.1	FJ593866;cluster_I;Klebsiella_sp._AL060225_04	91.00	389	6190364	35	0	496793	497181	389	1	4e-146	 525	minus	0
CP026285.1	FJ593865;cluster_I;Klebsiella_sp._AL050511_01	91.00	389	6190364	35	0	496793	497181	389	1	4e-146	 525	minus	0
CP026285.1	FJ593768;cluster_I;Klebsiella_sp._CRPV0611a	91.00	389	6190364	35	0	496793	497181	389	1	4e-146	 525	minus	0
CP026285.1	FJ593767;cluster_I;Klebsiella_sp._P0643	91.00	389	6190364	35	0	496793	497181	389	1	4e-146	 525	minus	0
CP026285.1	FJ593766;cluster_I;Klebsiella_sp._P0640	91.00	389	6190364	35	0	496793	497181	389	1	4e-146	 525	minus	0
CP026285.1	FJ593765;cluster_I;Klebsiella_sp._P0638	91.00	389	6190364	35	0	496793	497181	389	1	4e-146	 525	minus	0
CP026285.1	FJ593757;cluster_I;Klebsiella_sp._CRLS069a	91.00	389	6190364	35	0	496793	497181	389	1	4e-146	 525	minus	0
CP026285.1	FJ593760;cluster_I;Klebsiella_sp._CRLS064	90.75	389	6190364	36	0	496793	497181	389	1	2e-144	 520	minus	0
CP026285.1	FJ593763;cluster_I;Klebsiella_sp._CRLI0718a	90.75	389	6190364	36	0	496793	497181	389	1	2e-144	 520	minus	0
CP026285.1	FJ593756;cluster_I;Klebsiella_sp._CRLI0715	90.75	389	6190364	36	0	496793	497181	389	1	2e-144	 520	minus	0
CP026285.1	FJ593758;cluster_I;Klebsiella_sp._CRPV0610	90.75	389	6190364	36	0	496793	497181	389	1	2e-144	 520	minus	0
CP026285.1	FJ593759;cluster_I;Klebsiella_sp._CRLS0617	90.75	389	6190364	36	0	496793	497181	389	1	2e-144	 520	minus	0
CP026285.1	FJ593764;cluster_I;Klebsiella_sp._CRLI0713	90.75	389	6190364	36	0	496793	497181	389	1	2e-144	 520	minus	0
CP026285.1	EF200511;cluster_I;Klebsiella_sp._TT001	97.37	304	6190364	8	0	496818	497121	304	1	6e-144	 518	minus	0
CP026285.1	EF200510;cluster_I;Klebsiella_sp._NTI31	97.37	304	6190364	8	0	496818	497121	304	1	6e-144	 518	minus	0
CP026285.1	AJ563286;cluster_I;Dechloromonas_sp._SIUL	80.93	666	6190364	117	9	496509	497169	676	16	6e-144	 518	minus	0
CP026285.1	AY373371;cluster_I;Bacillus_sp._w5	95.11	327	6190364	16	0	496828	497154	327	1	2e-143	 516	minus	0
CP026285.1	FJ032021;cluster_I;Klebsiella_sp._BN-4A	96.76	309	6190364	10	0	496859	497167	309	1	2e-143	 516	minus	0
CP026285.1	AY373369;cluster_I;Bacillus_cereus	95.11	327	6190364	16	0	496828	497154	331	5	2e-143	 516	minus	0
CP026285.1	FJ593762;cluster_I;Klebsiella_sp._CRLI0728	90.49	389	6190364	37	0	496793	497181	389	1	8e-143	 514	minus	0
CP026285.1	FJ593761;cluster_I;Klebsiella_sp._CRLI0730	90.23	389	6190364	38	0	496793	497181	389	1	4e-141	 508	minus	0
CP026285.1	AY373365;cluster_I;Bacillus_megaterium	95.31	320	6190364	15	0	496835	497154	320	1	4e-141	 508	minus	0
CP026285.1	AY373366;cluster_I;Bacillus_sp._c6	94.19	327	6190364	19	0	496828	497154	327	1	2e-138	 499	minus	0
CP026285.1	FJ032022;cluster_I;Klebsiella_sp._AF-4C	95.47	309	6190364	14	0	496859	497167	311	3	1e-136	 494	minus	0
CP026285.1	EU938522;cluster_I;Burkholderia_sp._gx97	90.81	359	6190364	33	0	496793	497151	359	1	8e-133	 481	minus	0
CP026285.1	GQ381290;cluster_I;Klebsiella_pneumoniae	93.25	326	6190364	19	3	496793	497118	331	9	1e-131	 477	minus	0
CP026285.1	FJ822998;cluster_I;Klebsiella_sp._gx-3	90.25	359	6190364	35	0	496793	497151	4	362	2e-129	 470	plus	0
CP026285.1	GQ381289;cluster_I;Paenibacillus_sp._SZ002	93.15	321	6190364	19	3	496793	497113	327	10	6e-129	 468	minus	0
CP026285.1	GU433547;cluster_I;Bradyrhizobium_japonicum	79.85	655	6190364	119	12	496513	497162	666	20	2e-128	 466	minus	0
CP026285.1	AY846276;cluster_I;Klebsiella_pneumoniae	87.72	391	6190364	47	1	496859	497248	10	400	5e-125	 455	plus	0
CP026285.1	AY367396;cluster_I;Raoultella_terrigena	91.27	332	6190364	29	0	496820	497151	332	1	2e-124	 453	minus	0
CP026285.1	AY367392;cluster_I;Klebsiella_variicola	90.48	336	6190364	32	0	496816	497151	337	2	1e-121	 444	minus	0
CP026285.1	AY367394;cluster_I;Klebsiella_variicola	90.69	333	6190364	31	0	496819	497151	334	2	1e-121	 444	minus	0
CP026285.1	AY367395;cluster_I;Klebsiella_variicola	90.48	336	6190364	32	0	496793	497128	336	1	1e-121	 444	minus	0
CP026285.1	FJ822994;cluster_I;Sinorhizobium_sp._gx-153	89.63	347	6190364	36	0	496793	497139	4	350	4e-121	 442	plus	0
CP026285.1	AY367393;cluster_I;Klebsiella_variicola	90.18	336	6190364	33	0	496793	497128	336	1	5e-120	 438	minus	0
CP026285.1	FJ593779;cluster_I;Pantoea_sp._A0305	86.89	389	6190364	51	0	496793	497181	389	1	2e-119	 436	minus	0
CP026285.1	FJ593780;cluster_I;Pantoea_sp._P0352	86.89	389	6190364	51	0	496793	497181	389	1	2e-119	 436	minus	0
CP026285.1	FJ593778;cluster_I;Pantoea_sp._P0359	86.89	389	6190364	51	0	496793	497181	389	1	2e-119	 436	minus	0
CP026285.1	AF031817;cluster_I;Rhodobacter_sphaeroides	76.68	819	6190364	169	19	496441	497248	1090	283	6e-119	 435	minus	0
CP026285.1	FJ593777;cluster_I;Pantoea_sp._CRLI0725a	86.63	389	6190364	52	0	496793	497181	389	1	8e-118	 431	minus	0
CP026285.1	DQ821722;cluster_I;Sphingomonas_sp._Y49	90.06	322	6190364	32	0	496810	497131	322	1	6e-114	 418	minus	0
CP026285.1	X07866;cluster_I;Rhodobacter_capsulatus_SB_1003	76.24	825	6190364	173	19	496430	497241	934	120	2e-113	 416	minus	0
CP026285.1	FJ593868;cluster_I;Enterobacter_sp._MTP_050512_17	85.86	389	6190364	55	0	496793	497181	389	1	8e-113	 414	minus	0
CP026285.1	HM047125;cluster_I;Bradyrhizobium_denitrificans	78.26	667	6190364	130	13	496531	497191	660	3	8e-113	 414	minus	0
CP026285.1	X63352;cluster_I;Rhodobacter_capsulatus	76.12	825	6190364	174	19	496430	497241	2132	1318	1e-111	 411	minus	0
CP026285.1	AB542336;cluster_I;Bradyrhizobium_sp._TSA1	78.73	630	6190364	119	14	496539	497162	647	27	1e-110	 407	minus	0
CP026285.1	DQ821723;cluster_I;Klebsiella_sp._Y57	89.44	322	6190364	34	0	496810	497131	322	1	1e-110	 407	minus	0
CP026285.1	AF545637;cluster_I;Pantoea_agglomerans	87.29	354	6190364	45	0	496867	497220	360	7	5e-110	 405	minus	0
CP026285.1	DQ364801;cluster_I;Klebsiella_sp._BM92	89.06	320	6190364	35	0	496835	497154	320	1	8e-108	 398	minus	0
CP026285.1	EU622783;cluster_I;Thiocapsa_bogorovii	83.57	426	6190364	68	2	496793	497217	449	25	8e-108	 398	minus	0
CP026285.1	AB542360;cluster_I;Azospirillum_sp._TSH19	79.30	575	6190364	107	10	496566	497136	568	2	4e-106	 392	minus	0
CP026285.1	AB542345;cluster_I;Bradyrhizobium_sp._TSA15y	79.47	570	6190364	104	12	496586	497150	562	1	4e-106	 392	minus	0
CP026285.1	EU622788;cluster_I;Allochromatium_minutissimum	82.44	450	6190364	77	2	496793	497241	449	1	4e-106	 392	minus	0
CP026285.1	FJ347420;cluster_I;Bradyrhizobium_sp._ORS_285	79.37	572	6190364	103	14	496572	497137	563	1	1e-105	 390	minus	0
CP026285.1	AB542367;cluster_I;Azospirillum_sp._TSH100	79.27	574	6190364	107	10	496566	497135	566	1	1e-105	 390	minus	0
CP026285.1	AB542364;cluster_I;Azospirillum_sp._TSH78	79.44	569	6190364	102	13	496574	497136	561	2	5e-105	 388	minus	0
CP026285.1	FJ347446;cluster_I;Bradyrhizobium_sp._ORS_372	79.39	558	6190364	100	14	496586	497137	549	1	2e-104	 387	minus	0
CP026285.1	FJ347434;cluster_I;Bradyrhizobium_sp._ORS_318	79.17	557	6190364	103	12	496586	497137	549	1	6e-104	 385	minus	0
CP026285.1	FJ347422;cluster_I;Bradyrhizobium_sp._ORS_294	79.17	557	6190364	103	12	496586	497137	549	1	6e-104	 385	minus	0
CP026285.1	AB542351;cluster_I;Bradyrhizobium_sp._TSA27b	78.32	618	6190364	119	14	496539	497150	609	1	6e-104	 385	minus	0
CP026285.1	FJ347438;cluster_I;Bradyrhizobium_sp._ORS_330	79.20	572	6190364	104	14	496572	497137	563	1	2e-103	 383	minus	0
CP026285.1	FJ347445;cluster_I;Bradyrhizobium_sp._ORS_361	78.99	557	6190364	104	12	496586	497137	549	1	8e-103	 381	minus	0
CP026285.1	FJ347443;cluster_I;Bradyrhizobium_sp._ORS_356	78.99	557	6190364	104	12	496586	497137	549	1	8e-103	 381	minus	0
CP026285.1	FJ347435;cluster_I;Bradyrhizobium_sp._ORS_324	79.17	557	6190364	103	12	496586	497137	549	1	8e-103	 381	minus	0
CP026285.1	FJ347418;cluster_I;Bradyrhizobium_sp._ORS_277	79.39	558	6190364	100	14	496586	497137	549	1	8e-103	 381	minus	0
CP026285.1	AB542352;cluster_I;Bradyrhizobium_sp._TSA27s	78.25	616	6190364	119	14	496539	497148	607	1	8e-103	 381	minus	0
CP026285.1	FJ347436;cluster_I;Bradyrhizobium_sp._ORS_327	79.21	558	6190364	101	14	496586	497137	549	1	3e-102	 379	minus	0
CP026285.1	AB542337;cluster_I;Azospirillum_sp._TSA2s	78.14	613	6190364	123	9	496522	497130	610	5	3e-102	 379	minus	0
CP026285.1	EF199951;cluster_I;Halorhodospira_halophila	81.78	450	6190364	80	2	496793	497241	449	1	4e-101	 375	minus	0
CP026285.1	FJ347430;cluster_I;Bradyrhizobium_sp._ORS_307	78.67	558	6190364	104	14	496586	497137	549	1	5e-100	 372	minus	0
CP026285.1	FJ347427;cluster_I;Bradyrhizobium_sp._ORS_303	78.64	557	6190364	106	12	496586	497137	549	1	5e-100	 372	minus	0
CP026285.1	FJ347423;cluster_I;Bradyrhizobium_sp._ORS_297	79.03	558	6190364	102	14	496586	497137	549	1	2e-99	 370	minus	0
CP026285.1	FJ347424;cluster_I;Bradyrhizobium_sp._ORS_298	78.64	557	6190364	106	12	496586	497137	549	1	2e-99	 370	minus	0
CP026285.1	AB542356;cluster_I;Azospirillum_sp._TSH2	78.81	571	6190364	106	13	496572	497136	562	1	2e-99	 370	minus	0
CP026285.1	FJ347447;cluster_I;Bradyrhizobium_sp._ORS_375	78.01	573	6190364	109	15	496572	497137	563	1	2e-98	 366	minus	0
CP026285.1	FJ347441;cluster_I;Bradyrhizobium_sp._ORS_344	77.97	572	6190364	111	14	496572	497137	563	1	2e-98	 366	minus	0
CP026285.1	FJ347426;cluster_I;Bradyrhizobium_sp._ORS_301	78.32	572	6190364	109	14	496572	497137	563	1	2e-98	 366	minus	0
CP026285.1	AB542366;cluster_I;Azospirillum_sp._TSH96	78.86	563	6190364	104	13	496574	497130	557	4	2e-98	 366	minus	0
CP026285.1	AB542357;cluster_I;Azospirillum_sp._TSH5	78.73	569	6190364	106	13	496572	497134	560	1	2e-98	 366	minus	0
CP026285.1	AB542358;cluster_I;Azospirillum_sp._TSH6	78.73	569	6190364	106	13	496572	497134	560	1	2e-98	 366	minus	0
CP026285.1	AB542359;cluster_I;Azospirillum_sp._TSH10	78.73	569	6190364	106	13	496572	497134	560	1	2e-98	 366	minus	0
CP026285.1	FJ347437;cluster_I;Bradyrhizobium_sp._ORS_328	78.32	558	6190364	106	14	496586	497137	549	1	1e-96	 361	minus	0
CP026285.1	AB542354;cluster_I;Bradyrhizobium_sp._TSA43	77.74	611	6190364	121	14	496539	497142	604	2	1e-96	 361	minus	0
CP026285.1	AB542361;cluster_I;Azospirillum_sp._TSH21	78.24	579	6190364	114	10	496566	497140	571	1	1e-96	 361	minus	0
CP026285.1	AB542355;cluster_I;Bradyrhizobium_sp._TSA44	77.67	609	6190364	123	12	496539	497142	603	3	4e-96	 359	minus	0
CP026285.1	AB542347;cluster_I;Azospirillum_sp._TSA18	78.38	569	6190364	111	10	496566	497130	567	7	4e-96	 359	minus	0
CP026285.1	AB542344;cluster_I;Azospirillum_sp._TSA15c	78.38	569	6190364	111	10	496566	497130	565	5	4e-96	 359	minus	0
CP026285.1	AB542340;cluster_I;Azospirillum_sp._TSA11	78.38	569	6190364	111	10	496566	497130	567	7	4e-96	 359	minus	0
CP026285.1	AB542343;cluster_I;Azospirillum_sp._TSA14w	78.38	569	6190364	111	10	496566	497130	569	9	4e-96	 359	minus	0
CP026285.1	AB542348;cluster_I;Azospirillum_sp._TSA19	78.27	566	6190364	111	10	496566	497127	558	1	2e-94	 353	minus	0
CP026285.1	AB542341;cluster_I;Azospirillum_sp._TSA12	78.27	566	6190364	111	10	496566	497127	558	1	2e-94	 353	minus	0
CP026285.1	FJ347433;cluster_I;Bradyrhizobium_sp._ORS_310	77.74	557	6190364	111	12	496586	497137	549	1	2e-93	 350	minus	0
CP026285.1	GQ289562;cluster_I;Bradyrhizobium_japonicum	80.39	464	6190364	82	8	496775	497235	1	458	1e-91	 344	plus	0
CP026285.1	EF199953;cluster_I;Ectothiorhodospira_shaposhnikovii	80.22	450	6190364	87	2	496793	497241	449	1	2e-89	 337	minus	0
CP026285.1	AB542350;cluster_I;Bradyrhizobium_sp._TSA26	77.98	554	6190364	109	12	496586	497134	546	1	6e-89	 335	minus	0
CP026285.1	DQ787333;cluster_I;Azospirillum_lipoferum	80.87	439	6190364	71	11	496793	497226	446	16	2e-88	 333	minus	0
CP026285.1	AB191041;cluster_I;Heliobacterium_chlorum	74.74	776	6190364	178	17	496430	497196	767	1	8e-88	 331	minus	0
CP026285.1	EF199954;cluster_I;Ectothiorhodospira_mobilis	80.04	451	6190364	86	4	496793	497241	449	1	8e-88	 331	minus	0
CP026285.1	AF484657;cluster_I;Methylobacterium_sp._xct7	80.00	460	6190364	80	10	496691	497146	452	1	3e-87	 329	minus	0
CP026285.1	GQ161239;cluster_I;Azospirillum_brasilense	83.38	361	6190364	53	6	496793	497151	356	1	1e-86	 327	minus	0
CP026285.1	AF059648;cluster_I;Marichromatium_purpuratum	84.92	325	6190364	47	2	496807	497130	327	4	1e-86	 327	minus	0
CP026285.1	GQ289571;cluster_I;Bradyrhizobium_japonicum	79.66	467	6190364	83	11	496775	497235	1	461	4e-86	 326	plus	0
CP026285.1	FSU53362;cluster_I;Frankia_sp._EuIK1	72.07	1278	6190364	294	53	494961	496208	2530	1286	1e-85	 324	minus	0
CP026285.1	FN813553;cluster_I;Azospirillum_zeae	82.69	364	6190364	56	5	496790	497151	359	1	2e-83	 316	minus	0
CP026285.1	FN813552;cluster_I;Azospirillum_zeae	82.69	364	6190364	56	5	496790	497151	359	1	2e-83	 316	minus	0
CP026285.1	FN813561;cluster_I;Azospirillum_zeae	82.74	365	6190364	54	7	496790	497151	359	1	2e-83	 316	minus	0
CP026285.1	GQ411215;cluster_I;Bacillus_sp._SUND_LM2	93.06	216	6190364	14	1	496939	497154	315	101	8e-83	 315	minus	0
CP026285.1	GQ161241;cluster_I;Azospirillum_brasilense	82.60	362	6190364	54	7	496793	497151	356	1	1e-81	 311	minus	0
CP026285.1	GQ289577;cluster_I;Bradyrhizobium_japonicum	79.24	472	6190364	76	17	496775	497235	1	461	4e-81	 309	plus	0
CP026285.1	FJ347444;cluster_I;Bradyrhizobium_sp._ORS_358	76.48	591	6190364	126	12	496552	497137	583	1	4e-81	 309	minus	0
CP026285.1	FJ347431;cluster_I;Bradyrhizobium_sp._ORS_309	76.48	591	6190364	126	12	496552	497137	583	1	4e-81	 309	minus	0
CP026285.1	EU672874;cluster_I;Methylogaea_oryzae_JCM_16910	84.66	313	6190364	44	4	496793	497103	311	1	4e-81	 309	minus	0
CP026285.1	DQ682472;cluster_I;Azospirillum_zeae	82.04	362	6190364	56	7	496793	497151	357	2	2e-79	 303	minus	0
CP026285.1	GU256446;cluster_I;Azospirillum_canadense	81.67	371	6190364	61	5	496813	497181	375	10	7e-79	 302	minus	0
CP026285.1	DQ029203;cluster_I;Azonexus_caeni	86.07	280	6190364	39	0	496805	497084	307	28	7e-79	 302	minus	0
CP026285.1	DQ682471;cluster_I;Azospirillum_zeae	82.17	359	6190364	55	7	496793	497148	353	1	2e-78	 300	minus	0
CP026285.1	EU035273;cluster_I;Paracoccus_sp._4bc	78.46	492	6190364	81	19	496646	497136	474	7	8e-78	 298	minus	0
CP026285.1	DQ393890;cluster_I;Azospirillum_canadense	82.15	353	6190364	54	7	496793	497142	5	351	1e-76	 294	plus	0
CP026285.1	FJ687518;cluster_I;Pseudomonas_sp._IPPW-3	81.27	363	6190364	66	2	496790	497151	362	1	4e-76	 292	minus	0
CP026285.1	AB079621;cluster_I;Rhodobacter_azotoformans	78.77	457	6190364	82	13	496793	497243	458	11	4e-76	 292	minus	0
CP026285.1	AB185395;cluster_I;Azospirillum_oryzae	81.82	352	6190364	57	5	496813	497162	408	62	5e-75	 289	minus	0
CP026285.1	FJ687522;cluster_I;Aeromonas_sp._IPPW-33a	80.99	363	6190364	67	2	496790	497151	362	1	2e-74	 287	minus	0
CP026285.1	GU256453;cluster_I;Azospirillum_zeae	80.75	374	6190364	65	5	496822	497193	374	6	7e-74	 285	minus	0
CP026285.1	GQ411209;cluster_I;Bacillus_megaterium	93.65	189	6190364	12	0	496967	497155	336	148	2e-73	 283	minus	0
CP026285.1	AY768690;cluster_I;Azonexus_fungiphilus	82.66	323	6190364	52	4	496813	497133	321	1	2e-73	 283	minus	0
CP026285.1	EU035272;cluster_I;Oceanimonas_sp._5a	78.12	480	6190364	80	19	496646	497124	456	1	9e-73	 281	minus	0
CP026285.1	EU035275;cluster_I;Vibrio_sp._9b	78.35	462	6190364	75	18	496646	497106	438	1	4e-71	 276	minus	0
CP026285.1	EU291983;cluster_I;Ensifer_mexicanus	77.43	474	6190364	98	7	496522	496992	468	1	1e-70	 274	minus	0
CP026285.1	EU291980;cluster_I;Sinorhizobium_chiapanecum	77.38	473	6190364	100	5	496522	496992	468	1	1e-70	 274	minus	0
CP026285.1	FJ687521;cluster_I;Aeromonas_sp._IPPW-29	80.55	365	6190364	62	8	496790	497151	359	1	5e-70	 272	minus	0
CP026285.1	FJ687517;cluster_I;Pseudomonas_sp._IPPW-2	80.55	365	6190364	62	8	496790	497151	359	1	5e-70	 272	minus	0
CP026285.1	GU256451;cluster_I;Azospirillum_picis	81.47	340	6190364	54	7	496826	497162	370	37	2e-69	 270	minus	0
CP026285.1	EU035277;cluster_I;Arthrobacter_sp._61k	75.63	599	6190364	117	20	496646	497241	573	1	2e-69	 270	minus	0
CP026285.1	AB079628;cluster_I;Rhodovulum_strictum	80.21	374	6190364	63	9	496793	497162	458	92	2e-69	 270	minus	0
CP026285.1	GU256445;cluster_I;Nitrospirillum_amazonense	80.44	363	6190364	60	10	496802	497160	373	18	2e-68	 267	minus	0
CP026285.1	AB079629;cluster_I;Rhodovulum_strictum	80.00	375	6190364	64	9	496792	497162	459	92	2e-68	 267	minus	0
CP026285.1	EF158046;cluster_I;Azospira_restricta	84.59	266	6190364	41	0	496802	497067	269	4	9e-68	 265	minus	0
CP026285.1	EF634050;cluster_I;Azotobacter_chroococcum	82.14	308	6190364	49	5	496796	497100	305	1	4e-66	 259	minus	0
CP026285.1	AB191042;cluster_I;Heliobacterium_gestii	71.94	1030	6190364	239	40	495201	496208	2000	999	5e-65	 255	minus	0
CP026285.1	EF634053;cluster_I;Azotobacter_chroococcum	81.59	315	6190364	50	7	496794	497103	326	15	2e-64	 254	minus	0
CP026285.1	AY644349;cluster_I;Azomonas_macrocytogenes	79.21	356	6190364	74	0	496793	497148	362	7	7e-64	 252	minus	0
CP026285.1	EU035276;cluster_I;Corynebacterium_sp._12a	79.72	360	6190364	61	8	496646	497004	573	225	2e-63	 250	minus	0
CP026285.1	DQ411938;cluster_I;Ensifer_mexicanus	77.39	429	6190364	88	7	496522	496947	432	10	3e-62	 246	minus	0
CP026285.1	DQ411939;cluster_I;Ensifer_mexicanus	77.39	429	6190364	88	7	496522	496947	432	10	3e-62	 246	minus	0
CP026285.1	GQ289563;cluster_I;Bradyrhizobium_japonicum	76.28	468	6190364	97	12	496775	497235	1	461	2e-59	 237	plus	0
CP026285.1	AB191043;cluster_I;Heliobacterium_modesticaldum_Ice1	71.30	1150	6190364	266	51	495088	496208	2207	1093	2e-59	 237	minus	0
CP026285.1	EF634055;cluster_I;Azotobacter_chroococcum	83.02	265	6190364	39	5	496794	497055	288	27	7e-59	 235	minus	0
CP026285.1	ADAF001432;cluster_I;Gluconacetobacter_diazotrophicus	80.59	304	6190364	52	5	496850	497151	299	1	1e-56	 228	minus	0
CP026285.1	AB100830;cluster_I;Heliobacterium_chlorum	77.16	359	6190364	76	6	496793	497148	359	4	2e-49	 204	minus	0
CP026285.1	GQ289567;cluster_III;Bradyrhizobium_japonicum	75.16	463	6190364	95	17	496775	497227	1	453	2e-48	 200	plus	0
CP026285.1	GQ289582;cluster_III;Bradyrhizobium_japonicum	79.84	243	6190364	43	2	496775	497011	1	243	5e-40	 172	plus	0
CP026285.1	GQ289566;cluster_III;Bradyrhizobium_japonicum	79.32	237	6190364	41	4	496775	497004	1	236	4e-36	 159	plus	0
CP026285.1	GQ289573;cluster_III;Bradyrhizobium_japonicum	78.48	237	6190364	43	5	496775	497004	1	236	9e-33	 148	plus	0
