CP008700.1	V00631;cluster_I;Klebsiella_pneumoniae	88.55	1773	5365144	175	24	438273	440032	46	1803	0.0	2124	plus	0
CP008700.1	AY242355;cluster_I;Klebsiella_pneumoniae_342	97.96	883	5365144	16	2	438520	439401	1	882	0.0	1530	plus	0
CP008700.1	KPNNIFH;cluster_I;Klebsiella_pneumoniae	90.80	891	5365144	80	2	438520	439409	1	890	0.0	1190	plus	0
CP008700.1	X96609;cluster_I;Alcaligenes_faecalis	82.58	867	5365144	145	6	438526	439389	612	1475	0.0	 760	plus	0
CP008700.1	AVIMONFE;cluster_I;Azotobacter_chroococcum	82.46	838	5365144	136	8	438526	439356	244	1077	0.0	 723	plus	0
CP008700.1	FJ593756;cluster_I;Klebsiella_sp._CRLI0715	99.74	389	5365144	1	0	438604	438992	1	389	0.0	 713	plus	0
CP008700.1	FJ593866;cluster_I;Klebsiella_sp._AL060225_04	99.49	389	5365144	2	0	438604	438992	1	389	0.0	 708	plus	0
CP008700.1	FJ593865;cluster_I;Klebsiella_sp._AL050511_01	99.49	389	5365144	2	0	438604	438992	1	389	0.0	 708	plus	0
CP008700.1	FJ593767;cluster_I;Klebsiella_sp._P0643	99.49	389	5365144	2	0	438604	438992	1	389	0.0	 708	plus	0
CP008700.1	FJ593766;cluster_I;Klebsiella_sp._P0640	99.49	389	5365144	2	0	438604	438992	1	389	0.0	 708	plus	0
CP008700.1	FJ593765;cluster_I;Klebsiella_sp._P0638	99.49	389	5365144	2	0	438604	438992	1	389	0.0	 708	plus	0
CP008700.1	FJ593760;cluster_I;Klebsiella_sp._CRLS064	99.23	389	5365144	3	0	438604	438992	1	389	0.0	 702	plus	0
CP008700.1	FJ593763;cluster_I;Klebsiella_sp._CRLI0718a	99.23	389	5365144	3	0	438604	438992	1	389	0.0	 702	plus	0
CP008700.1	FJ593758;cluster_I;Klebsiella_sp._CRPV0610	99.23	389	5365144	3	0	438604	438992	1	389	0.0	 702	plus	0
CP008700.1	FJ593759;cluster_I;Klebsiella_sp._CRLS0617	99.23	389	5365144	3	0	438604	438992	1	389	0.0	 702	plus	0
CP008700.1	FJ593764;cluster_I;Klebsiella_sp._CRLI0713	99.23	389	5365144	3	0	438604	438992	1	389	0.0	 702	plus	0
CP008700.1	FJ593757;cluster_I;Klebsiella_sp._CRLS069a	98.97	389	5365144	4	0	438604	438992	1	389	0.0	 697	plus	0
CP008700.1	FJ593860;cluster_I;Klebsiella_sp._MNS_801b	98.71	389	5365144	5	0	438604	438992	1	389	0.0	 691	plus	0
CP008700.1	FJ593864;cluster_I;Klebsiella_sp._MNFG_802	98.71	389	5365144	5	0	438604	438992	1	389	0.0	 691	plus	0
CP008700.1	FJ593861;cluster_I;Klebsiella_sp._MNS_801a	98.71	389	5365144	5	0	438604	438992	1	389	0.0	 691	plus	0
CP008700.1	FJ593862;cluster_I;Klebsiella_sp._MNW_801b	98.71	389	5365144	5	0	438604	438992	1	389	0.0	 691	plus	0
CP008700.1	FJ593863;cluster_I;Klebsiella_sp._MNFG_801b	98.71	389	5365144	5	0	438604	438992	1	389	0.0	 691	plus	0
CP008700.1	FJ593762;cluster_I;Klebsiella_sp._CRLI0728	98.71	389	5365144	5	0	438604	438992	1	389	0.0	 691	plus	0
CP008700.1	FJ593761;cluster_I;Klebsiella_sp._CRLI0730	98.46	389	5365144	6	0	438604	438992	1	389	0.0	 686	plus	0
CP008700.1	X03916;cluster_I;Azotobacter_chroococcum	81.37	832	5365144	151	4	438527	439356	345	1174	0.0	 675	plus	0
CP008700.1	FJ593769;cluster_I;Klebsiella_sp._P0646	97.43	389	5365144	10	0	438604	438992	1	389	0.0	 664	plus	0
CP008700.1	FJ593768;cluster_I;Klebsiella_sp._CRPV0611a	97.17	389	5365144	11	0	438604	438992	1	389	0.0	 658	plus	0
CP008700.1	X13519;cluster_I;Azotobacter_vinelandii	80.91	833	5365144	153	5	438527	439356	221	1050	0.0	 652	plus	0
CP008700.1	AY846276;cluster_I;Klebsiella_pneumoniae	95.65	391	5365144	16	1	438537	438926	400	10	8e-177	 627	minus	0
CP008700.1	FJ822994;cluster_I;Sinorhizobium_sp._gx-153	98.57	350	5365144	5	0	438643	438992	353	4	1e-174	 619	minus	0
CP008700.1	FJ822998;cluster_I;Klebsiella_sp._gx-3	97.49	359	5365144	9	0	438634	438992	362	4	6e-173	 614	minus	0
CP008700.1	AY367395;cluster_I;Klebsiella_variicola	99.11	336	5365144	3	0	438657	438992	1	336	4e-170	 604	plus	0
CP008700.1	EU938522;cluster_I;Burkholderia_sp._gx97	96.94	359	5365144	11	0	438634	438992	1	359	1e-169	 603	plus	0
CP008700.1	AY367392;cluster_I;Klebsiella_variicola	98.81	336	5365144	4	0	438634	438969	2	337	2e-168	 599	plus	0
CP008700.1	AY367394;cluster_I;Klebsiella_variicola	98.80	333	5365144	4	0	438634	438966	2	334	8e-167	 593	plus	0
CP008700.1	AY367393;cluster_I;Klebsiella_variicola	98.51	336	5365144	5	0	438657	438992	1	336	8e-167	 593	plus	0
CP008700.1	AB189641;cluster_I;Halorhodospira_halophila	79.98	804	5365144	155	6	438541	439341	231	1031	4e-165	 588	plus	0
CP008700.1	DQ364801;cluster_I;Klebsiella_sp._BM92	98.12	320	5365144	6	0	438631	438950	1	320	3e-156	 558	plus	0
CP008700.1	AB270756;cluster_I;Klebsiella_pneumoniae	98.12	319	5365144	6	0	438633	438951	42	360	1e-155	 556	plus	0
CP008700.1	KSU32183;cluster_I;Klebsiella_sp.	94.99	339	5365144	16	1	438571	438908	1	339	2e-152	 545	plus	0
CP008700.1	DQ821722;cluster_I;Sphingomonas_sp._Y49	96.58	322	5365144	11	0	438654	438975	1	322	5e-149	 534	plus	0
CP008700.1	FJ593867;cluster_I;Klebsiella_sp._AL060224_03	91.26	389	5365144	34	0	438604	438992	1	389	7e-148	 531	plus	0
CP008700.1	AJ563286;cluster_I;Dechloromonas_sp._SIUL	81.22	671	5365144	114	10	438613	439277	13	677	7e-148	 531	plus	0
CP008700.1	DQ821723;cluster_I;Klebsiella_sp._Y57	95.96	322	5365144	13	0	438654	438975	1	322	1e-145	 523	plus	0
CP008700.1	AF031817;cluster_I;Rhodobacter_sphaeroides	77.74	822	5365144	155	21	438537	439344	283	1090	2e-132	 479	plus	0
CP008700.1	GQ381287;cluster_I;Klebsiella_sp._SZ7-2	89.69	359	5365144	34	2	438634	438992	1	356	4e-125	 455	plus	0
CP008700.1	X63352;cluster_I;Rhodobacter_capsulatus	76.48	842	5365144	171	20	438529	439355	1303	2132	2e-118	 433	plus	0
CP008700.1	FJ593868;cluster_I;Enterobacter_sp._MTP_050512_17	86.63	389	5365144	52	0	438604	438992	1	389	7e-118	 431	plus	0
CP008700.1	X07866;cluster_I;Rhodobacter_capsulatus_SB_1003	76.37	842	5365144	172	20	438529	439355	105	934	9e-117	 427	plus	0
CP008700.1	AB542353;cluster_I;Azospirillum_sp._TSA36t	79.67	600	5365144	111	9	438623	439218	23	615	4e-115	 422	plus	0
CP008700.1	AY221827;cluster_I;Klebsiella_oxytoca_KCTC_1686	89.60	327	5365144	34	0	438652	438978	1	327	2e-113	 416	plus	0
CP008700.1	EU622783;cluster_I;Thiocapsa_bogorovii	84.27	426	5365144	65	2	438568	438992	25	449	7e-113	 414	plus	0
CP008700.1	FJ593777;cluster_I;Pantoea_sp._CRLI0725a	85.60	389	5365144	56	0	438604	438992	1	389	3e-111	 409	plus	0
CP008700.1	FJ593779;cluster_I;Pantoea_sp._A0305	85.60	389	5365144	56	0	438604	438992	1	389	3e-111	 409	plus	0
CP008700.1	FJ593780;cluster_I;Pantoea_sp._P0352	85.60	389	5365144	56	0	438604	438992	1	389	3e-111	 409	plus	0
CP008700.1	FJ593778;cluster_I;Pantoea_sp._P0359	85.60	389	5365144	56	0	438604	438992	1	389	3e-111	 409	plus	0
CP008700.1	EF199951;cluster_I;Halorhodospira_halophila	83.07	449	5365144	76	0	438544	438992	1	449	3e-111	 409	plus	0
CP008700.1	AY367396;cluster_I;Raoultella_terrigena	88.55	332	5365144	38	0	438634	438965	1	332	2e-109	 403	plus	0
CP008700.1	AB542360;cluster_I;Azospirillum_sp._TSH19	79.62	574	5365144	106	10	438649	439218	2	568	5e-109	 401	plus	0
CP008700.1	AB542367;cluster_I;Azospirillum_sp._TSH100	79.58	573	5365144	106	10	438650	439218	1	566	2e-108	 399	plus	0
CP008700.1	AY373369;cluster_I;Bacillus_cereus	88.69	327	5365144	37	0	438631	438957	5	331	2e-108	 399	plus	0
CP008700.1	FJ347449;cluster_I;Bradyrhizobium_sp._ORS_391	79.79	559	5365144	104	8	438648	439203	1	553	7e-108	 398	plus	0
CP008700.1	FJ347439;cluster_I;Bradyrhizobium_sp._ORS_331	79.79	559	5365144	104	8	438648	439203	1	553	7e-108	 398	plus	0
CP008700.1	FJ347438;cluster_I;Bradyrhizobium_sp._ORS_330	79.89	557	5365144	99	12	438648	439199	1	549	3e-107	 396	plus	0
CP008700.1	FJ347445;cluster_I;Bradyrhizobium_sp._ORS_361	79.29	560	5365144	105	10	438648	439203	1	553	9e-107	 394	plus	0
CP008700.1	FJ347430;cluster_I;Bradyrhizobium_sp._ORS_307	79.35	557	5365144	102	12	438648	439199	1	549	9e-107	 394	plus	0
CP008700.1	AB542349;cluster_I;Azospirillum_sp._TSA20c	78.83	600	5365144	116	9	438623	439218	29	621	9e-107	 394	plus	0
CP008700.1	AB542346;cluster_I;Azospirillum_sp._TSA16	78.83	600	5365144	116	9	438623	439218	8	600	9e-107	 394	plus	0
CP008700.1	AB542338;cluster_I;Azospirillum_sp._TSA6c	78.83	600	5365144	116	9	438623	439218	29	621	9e-107	 394	plus	0
CP008700.1	AF545637;cluster_I;Pantoea_agglomerans	86.55	357	5365144	48	0	438562	438918	4	360	9e-107	 394	plus	0
CP008700.1	GQ381290;cluster_I;Klebsiella_pneumoniae	88.79	321	5365144	34	2	438672	438992	13	331	3e-106	 392	plus	0
CP008700.1	FJ347446;cluster_I;Bradyrhizobium_sp._ORS_372	79.53	557	5365144	101	12	438648	439199	1	549	3e-106	 392	plus	0
CP008700.1	FJ347434;cluster_I;Bradyrhizobium_sp._ORS_318	79.32	556	5365144	104	10	438648	439199	1	549	3e-106	 392	plus	0
CP008700.1	FJ347422;cluster_I;Bradyrhizobium_sp._ORS_294	79.32	556	5365144	104	10	438648	439199	1	549	3e-106	 392	plus	0
CP008700.1	FJ347424;cluster_I;Bradyrhizobium_sp._ORS_298	78.95	570	5365144	109	10	438648	439213	1	563	3e-106	 392	plus	0
CP008700.1	FJ347448;cluster_I;Bradyrhizobium_sp._ORS_377	79.43	559	5365144	106	8	438648	439203	1	553	1e-105	 390	plus	0
CP008700.1	FJ347443;cluster_I;Bradyrhizobium_sp._ORS_356	79.11	560	5365144	106	10	438648	439203	1	553	1e-105	 390	plus	0
CP008700.1	HM047125;cluster_I;Bradyrhizobium_denitrificans	78.79	594	5365144	117	8	438623	439213	32	619	1e-105	 390	plus	0
CP008700.1	EF200511;cluster_I;Klebsiella_sp._TT001	89.80	304	5365144	31	0	438664	438967	1	304	1e-105	 390	plus	0
CP008700.1	EF200510;cluster_I;Klebsiella_sp._NTI31	89.80	304	5365144	31	0	438664	438967	1	304	1e-105	 390	plus	0
CP008700.1	FJ347427;cluster_I;Bradyrhizobium_sp._ORS_303	79.11	560	5365144	106	10	438648	439203	1	553	4e-105	 388	plus	0
CP008700.1	FJ347436;cluster_I;Bradyrhizobium_sp._ORS_327	79.16	571	5365144	106	12	438648	439213	1	563	2e-104	 387	plus	0
CP008700.1	FJ347418;cluster_I;Bradyrhizobium_sp._ORS_277	79.53	557	5365144	101	12	438648	439199	1	549	2e-104	 387	plus	0
CP008700.1	GQ381289;cluster_I;Paenibacillus_sp._SZ002	88.47	321	5365144	34	3	438672	438992	10	327	5e-104	 385	plus	0
CP008700.1	FJ347420;cluster_I;Bradyrhizobium_sp._ORS_285	79.16	571	5365144	106	12	438648	439213	1	563	5e-104	 385	plus	0
CP008700.1	FJ347423;cluster_I;Bradyrhizobium_sp._ORS_297	79.35	557	5365144	102	12	438648	439199	1	549	2e-103	 383	plus	0
CP008700.1	FJ822999;cluster_I;Stenotrophomonas_sp._gx-44	85.67	363	5365144	50	2	438634	438995	362	1	7e-103	 381	minus	0
CP008700.1	EU622788;cluster_I;Allochromatium_minutissimum	82.00	450	5365144	79	2	438544	438992	1	449	7e-103	 381	plus	0
CP008700.1	FJ347426;cluster_I;Bradyrhizobium_sp._ORS_301	78.99	557	5365144	104	12	438648	439199	1	549	3e-102	 379	plus	0
CP008700.1	FJ347421;cluster_I;Bradyrhizobium_sp._ORS_287	78.99	557	5365144	104	12	438648	439199	1	549	3e-102	 379	plus	0
CP008700.1	DQ364804;cluster_I;Klebsiella_sp._JT42	87.50	328	5365144	39	2	438631	438957	1	327	9e-102	 377	plus	0
CP008700.1	GU001626;cluster_I;Bradyrhizobium_japonicum	78.04	633	5365144	114	22	438592	439213	675	57	3e-101	 375	minus	0
CP008700.1	GU001618;cluster_I;Bradyrhizobium_cytisi	77.58	660	5365144	123	22	438623	439271	26	671	3e-101	 375	plus	0
CP008700.1	GU001631;cluster_I;Bradyrhizobium_japonicum	78.04	633	5365144	114	22	438592	439213	675	57	3e-101	 375	minus	0
CP008700.1	GU001628;cluster_I;Bradyrhizobium_japonicum	78.04	633	5365144	114	22	438592	439213	675	57	3e-101	 375	minus	0
CP008700.1	FJ347435;cluster_I;Bradyrhizobium_sp._ORS_324	78.96	556	5365144	106	10	438648	439199	1	549	3e-101	 375	plus	0
CP008700.1	FJ347441;cluster_I;Bradyrhizobium_sp._ORS_344	78.64	557	5365144	106	12	438648	439199	1	549	3e-101	 375	plus	0
CP008700.1	EU693339;cluster_I;Bacillus_sp._Z7	83.93	392	5365144	63	0	438619	439010	36	427	3e-101	 375	plus	0
CP008700.1	GU001633;cluster_I;Bradyrhizobium_canariense	77.23	685	5365144	127	26	438592	439263	675	7	1e-100	 374	minus	0
CP008700.1	FJ347437;cluster_I;Bradyrhizobium_sp._ORS_328	78.61	561	5365144	107	12	438648	439203	1	553	1e-100	 374	plus	0
CP008700.1	EU693340;cluster_I;Bacillus_sp._Z19	83.05	413	5365144	68	2	438598	439010	18	428	1e-100	 374	plus	0
CP008700.1	FJ347447;cluster_I;Bradyrhizobium_sp._ORS_375	78.46	557	5365144	107	12	438648	439199	1	549	4e-100	 372	plus	0
CP008700.1	FJ347425;cluster_I;Bradyrhizobium_sp._ORS_300	78.79	561	5365144	106	12	438648	439203	1	553	4e-100	 372	plus	0
CP008700.1	EU693338;cluster_I;Azotobacter_chroococcum	82.89	415	5365144	68	3	438598	439010	21	434	2e-99	 370	plus	0
CP008700.1	EU693341;cluster_I;Acinetobacter_sp._Z21	83.80	389	5365144	63	0	438622	439010	41	429	2e-99	 370	plus	0
CP008700.1	FJ347451;cluster_I;Bradyrhizobium_sp._ORS_400	78.35	568	5365144	112	10	438648	439211	1	561	6e-99	 368	plus	0
CP008700.1	GQ289574;cluster_I/IA;Bradyrhizobium_japonicum	81.03	464	5365144	82	6	438550	439010	461	1	7e-98	 364	minus	0
CP008700.1	FJ347419;cluster_I;Bradyrhizobium_sp._ORS_279	78.25	561	5365144	109	12	438648	439203	1	553	7e-98	 364	plus	0
CP008700.1	EU693342;cluster_I;Bacillus_sp._Z22	82.84	408	5365144	69	1	438604	439010	29	436	7e-98	 364	plus	0
CP008700.1	FJ347433;cluster_I;Bradyrhizobium_sp._ORS_310	78.04	560	5365144	112	10	438648	439203	1	553	9e-97	 361	plus	0
CP008700.1	AB542356;cluster_I;Azospirillum_sp._TSH2	78.46	571	5365144	108	11	438649	439213	1	562	3e-96	 359	plus	0
CP008700.1	AB542357;cluster_I;Azospirillum_sp._TSH5	78.38	569	5365144	108	11	438651	439213	1	560	4e-95	 355	plus	0
CP008700.1	AB542358;cluster_I;Azospirillum_sp._TSH6	78.38	569	5365144	108	11	438651	439213	1	560	4e-95	 355	plus	0
CP008700.1	AB542359;cluster_I;Azospirillum_sp._TSH10	78.38	569	5365144	108	11	438651	439213	1	560	4e-95	 355	plus	0
CP008700.1	GU001627;cluster_I;Bradyrhizobium_rifense	77.04	662	5365144	123	25	438623	439271	26	671	2e-94	 353	plus	0
CP008700.1	AB542361;cluster_I;Azospirillum_sp._TSH21	78.17	568	5365144	113	9	438655	439218	11	571	6e-94	 351	plus	0
CP008700.1	AB542347;cluster_I;Azospirillum_sp._TSA18	78.17	568	5365144	113	9	438655	439218	7	567	6e-94	 351	plus	0
CP008700.1	AB542337;cluster_I;Azospirillum_sp._TSA2s	78.17	568	5365144	113	9	438655	439218	5	565	6e-94	 351	plus	0
CP008700.1	AB542344;cluster_I;Azospirillum_sp._TSA15c	78.17	568	5365144	113	9	438655	439218	5	565	6e-94	 351	plus	0
CP008700.1	AB542340;cluster_I;Azospirillum_sp._TSA11	78.17	568	5365144	113	9	438655	439218	7	567	6e-94	 351	plus	0
CP008700.1	AB542343;cluster_I;Azospirillum_sp._TSA14w	78.17	568	5365144	113	9	438655	439218	9	569	6e-94	 351	plus	0
CP008700.1	GU001619;cluster_I;Bradyrhizobium_cytisi	76.92	663	5365144	122	26	438623	439271	26	671	7e-93	 348	plus	0
CP008700.1	FJ822997;cluster_I;Pseudomonas_sp._gx-127	84.12	359	5365144	57	0	438634	438992	362	4	7e-93	 348	minus	0
CP008700.1	AB542348;cluster_I;Azospirillum_sp._TSA19	78.11	562	5365144	112	9	438661	439218	4	558	3e-92	 346	plus	0
CP008700.1	AB542341;cluster_I;Azospirillum_sp._TSA12	78.11	562	5365144	112	9	438661	439218	4	558	3e-92	 346	plus	0
CP008700.1	AB542366;cluster_I;Azospirillum_sp._TSH96	78.15	563	5365144	108	11	438655	439211	4	557	9e-92	 344	plus	0
CP008700.1	AB542364;cluster_I;Azospirillum_sp._TSH78	77.86	569	5365144	111	11	438649	439211	2	561	4e-90	 339	plus	0
CP008700.1	FJ822995;cluster_I;Agrobacterium_tumefaciens	83.57	359	5365144	59	0	438634	438992	362	4	2e-89	 337	minus	0
CP008700.1	GQ289580;cluster_I/IA;Bradyrhizobium_japonicum	79.31	464	5365144	90	6	438550	439010	461	1	2e-84	 320	minus	0
CP008700.1	AF484657;cluster_I;Methylobacterium_sp._xct7	79.48	463	5365144	83	11	438639	439097	1	455	6e-84	 318	plus	0
CP008700.1	U97116;cluster_I;Azoarcus_communis	80.43	414	5365144	75	5	438568	438978	1	411	9e-82	 311	plus	0
CP008700.1	DQ787333;cluster_I;Azospirillum_lipoferum	80.05	441	5365144	71	12	438559	438992	16	446	9e-82	 311	plus	0
CP008700.1	DQ787331;cluster_I;Azospirillum_lipoferum	79.47	453	5365144	82	9	438544	438992	1	446	9e-82	 311	plus	0
CP008700.1	DQ787334;cluster_I;Azospirillum_lipoferum	79.91	438	5365144	77	9	438559	438992	16	446	9e-82	 311	plus	0
CP008700.1	DQ787332;cluster_I;Azospirillum_lipoferum	79.91	438	5365144	77	9	438559	438992	16	446	9e-82	 311	plus	0
CP008700.1	FJ687522;cluster_I;Aeromonas_sp._IPPW-33a	82.09	363	5365144	63	2	438634	438995	1	362	3e-81	 309	plus	0
CP008700.1	AB079621;cluster_I;Rhodobacter_azotoformans	79.39	456	5365144	77	13	438544	438992	13	458	4e-80	 305	plus	0
CP008700.1	AB161454;cluster_I;Pleomorphomonas_oryzae	79.91	423	5365144	76	5	438545	438964	1	417	6e-79	 302	plus	0
CP008700.1	V01215;cluster_I;Sinorhizobium_meliloti	77.61	518	5365144	101	14	438527	439038	169	677	2e-78	 300	plus	0
CP008700.1	EF626686;cluster_I;Azonexus_hydrophilus	82.60	339	5365144	57	2	438646	438983	1	338	7e-78	 298	plus	0
CP008700.1	DQ029203;cluster_I;Azonexus_caeni	84.21	304	5365144	44	3	438679	438980	6	307	3e-76	 292	plus	0
CP008700.1	EF626684;cluster_I;Azonexus_hydrophilus_DSM_23864	82.30	339	5365144	58	2	438646	438983	1	338	3e-76	 292	plus	0
CP008700.1	EF626685;cluster_I;Azonexus_hydrophilus	82.30	339	5365144	58	2	438646	438983	1	338	3e-76	 292	plus	0
CP008700.1	FN813553;cluster_I;Azospirillum_zeae	81.32	364	5365144	61	5	438634	438995	1	359	4e-75	 289	plus	0
CP008700.1	FN813552;cluster_I;Azospirillum_zeae	81.32	364	5365144	61	5	438634	438995	1	359	4e-75	 289	plus	0
CP008700.1	AY351672;cluster_I;Azotobacter_chroococcum	82.87	321	5365144	55	0	438652	438972	1	321	4e-75	 289	plus	0
CP008700.1	EF634041;cluster_I;Rhizobium_gallicum	82.57	327	5365144	56	1	438640	438966	326	1	2e-74	 287	minus	0
CP008700.1	FJ643446;cluster_I;Sinorhizobium_meliloti	76.35	554	5365144	117	13	438544	439091	738	193	6e-74	 285	minus	0
CP008700.1	AB489139;cluster_I;Paenibacillus_abekawaensis	77.87	479	5365144	93	11	438780	439253	433	903	6e-74	 285	plus	0
CP008700.1	FN813561;cluster_I;Azospirillum_zeae	81.10	365	5365144	60	7	438634	438995	1	359	2e-73	 283	plus	0
CP008700.1	DQ682472;cluster_I;Azospirillum_zeae	80.94	362	5365144	60	7	438634	438992	2	357	7e-73	 281	plus	0
CP008700.1	AB430882;cluster_I;Azotobacter_chroococcum	82.30	322	5365144	57	0	438654	438975	1	322	3e-72	 279	plus	0
CP008700.1	AB079622;cluster_I;Rhodobacter_sp._AP-10	78.19	454	5365144	88	7	438544	438993	13	459	3e-72	 279	plus	0
CP008700.1	FJ687521;cluster_I;Aeromonas_sp._IPPW-29	80.93	367	5365144	57	11	438634	438995	1	359	1e-71	 278	plus	0
CP008700.1	FJ687517;cluster_I;Pseudomonas_sp._IPPW-2	80.93	367	5365144	57	11	438634	438995	1	359	1e-71	 278	plus	0
CP008700.1	DQ682471;cluster_I;Azospirillum_zeae	81.06	359	5365144	59	7	438637	438992	1	353	1e-71	 278	plus	0
CP008700.1	GQ503352;cluster_I;Mesorhizobium_ciceri	78.57	434	5365144	82	11	438784	439213	515	89	3e-71	 276	minus	0
CP008700.1	AY934874;cluster_I;Sinorhizobium_sp._CCBAU_33036A	77.47	475	5365144	96	10	438628	439098	55	522	1e-70	 274	plus	0
CP008700.1	AY768690;cluster_I;Azonexus_fungiphilus	82.10	324	5365144	52	5	438652	438972	1	321	4e-70	 272	plus	0
CP008700.1	DQ413016;cluster_I;Sinorhizobium_meliloti	77.52	467	5365144	96	8	438628	439091	47	507	4e-70	 272	plus	0
CP008700.1	EU252599;cluster_I;Sinorhizobium_meliloti	77.52	467	5365144	96	8	438628	439091	39	499	4e-70	 272	plus	0
CP008700.1	EU386145;cluster_I;Rhizobium_sp._NGR181	79.80	391	5365144	66	11	438718	439103	44	426	4e-70	 272	plus	0
CP008700.1	EF199958;cluster_I;Thioalkalispira_microaerophila	80.34	356	5365144	70	0	438610	438965	28	383	2e-69	 270	plus	0
CP008700.1	AB182912;cluster_I;Pleomorphomonas_oryzae	78.97	409	5365144	77	5	438559	438964	5	407	2e-69	 270	plus	0
CP008700.1	GU256453;cluster_I;Azospirillum_zeae	81.05	343	5365144	58	5	438623	438963	37	374	2e-68	 267	plus	0
CP008700.1	DQ029204;cluster_I;Azonexus_fungiphilus	82.71	295	5365144	51	0	438687	438981	14	308	3e-67	 263	plus	0
CP008700.1	AB185395;cluster_I;Azospirillum_oryzae	78.77	405	5365144	77	7	438571	438972	10	408	3e-67	 263	plus	0
CP008700.1	EF153400;cluster_I;Sinorhizobium_meliloti	78.50	414	5365144	80	8	438628	439038	40	447	3e-67	 263	plus	0
CP008700.1	AY934877;cluster_I;Sinorhizobium_sp._CCBAU_53044B	78.50	414	5365144	80	8	438628	439038	56	463	3e-67	 263	plus	0
CP008700.1	EU707160;cluster_I;Sinorhizobium_meliloti	78.50	414	5365144	80	8	438628	439038	18	425	3e-67	 263	plus	0
CP008700.1	EU252600;cluster_I;Sinorhizobium_sp._CCBAU_83317	78.50	414	5365144	80	8	438628	439038	40	447	3e-67	 263	plus	0
CP008700.1	GQ161241;cluster_I;Azospirillum_brasilense	80.17	363	5365144	61	8	438634	438992	1	356	1e-66	 261	plus	0
CP008700.1	AB182913;cluster_I;Pleomorphomonas_oryzae	78.89	398	5365144	75	5	438570	438964	5	396	1e-66	 261	plus	0
CP008700.1	AB182911;cluster_I;Pleomorphomonas_oryzae	78.84	397	5365144	75	5	438570	438963	4	394	3e-66	 259	plus	0
CP008700.1	AB182910;cluster_I;Pleomorphomonas_oryzae	78.61	402	5365144	77	5	438559	438957	5	400	1e-65	 257	plus	0
CP008700.1	EF070145;cluster_I;Sinorhizobium_meliloti	78.26	414	5365144	81	8	438628	439038	9	416	1e-65	 257	plus	0
CP008700.1	EU418418;cluster_I;Sinorhizobium_meliloti	78.26	414	5365144	81	8	438628	439038	34	441	1e-65	 257	plus	0
CP008700.1	AB079632;cluster_I;Rhodobacter_blasticus_DSM_2131	77.09	454	5365144	91	10	438544	438992	13	458	2e-64	 254	plus	0
CP008700.1	GU256450;cluster_I;Azospirillum_melinis	80.24	339	5365144	60	5	438623	438959	35	368	8e-63	 248	plus	0
CP008700.1	EF158046;cluster_I;Azospira_restricta	83.39	271	5365144	41	3	438715	438983	1	269	8e-63	 248	plus	0
CP008700.1	GU256451;cluster_I;Azospirillum_picis	79.77	341	5365144	58	7	438623	438959	37	370	2e-59	 237	plus	0
CP008700.1	AB079628;cluster_I;Rhodovulum_strictum	76.43	454	5365144	94	9	438544	438992	13	458	2e-58	 233	plus	0
CP008700.1	AY079181;cluster_I;Rhizobium_tropici	77.49	391	5365144	83	5	438829	439218	1	387	3e-57	 230	plus	0
CP008700.1	AB079629;cluster_I;Rhodovulum_strictum	76.26	455	5365144	95	9	438544	438993	13	459	3e-57	 230	plus	0
CP008700.1	EF620478;cluster_I;Azotobacter_chroococcum	79.53	337	5365144	54	15	438649	438975	1	332	4e-56	 226	plus	0
CP008700.1	AB191042;cluster_I;Heliobacterium_gestii	71.22	1025	5365144	255	36	439577	440584	999	2000	5e-55	 222	plus	0
CP008700.1	EU697999;cluster_I;Mesorhizobium_temperatum	85.99	207	5365144	27	2	438892	439097	31	236	2e-54	 220	plus	0
CP008700.1	EU177583;cluster_I;Sinorhizobium_meliloti	74.82	548	5365144	105	26	438550	439091	757	237	2e-53	 217	minus	0
CP008700.1	DQ407288;cluster_I;Mesorhizobium_tianshanense	78.25	331	5365144	66	6	438886	439213	2	329	1e-50	 207	plus	0
CP008700.1	DQ407287;cluster_I;Mesorhizobium_tianshanense	78.12	329	5365144	65	7	438889	439213	4	329	6e-49	 202	plus	0
CP008700.1	DQ407295;cluster_I;Mesorhizobium_ciceri	78.15	325	5365144	65	6	438892	439213	1	322	6e-49	 202	plus	0
CP008700.1	DQ315787;cluster_I;Anabaena_variabilis_ATCC_29413	72.59	686	5365144	160	23	438544	439216	34	704	2e-48	 200	plus	0
CP008700.1	AH000924;cluster_I;Rhizobium_sp.	74.58	472	5365144	108	11	440088	440553	308	773	3e-47	 196	plus	0
CP008700.1	AH000924;cluster_I;Rhizobium_sp.	86.42	81	5365144	8	3	441349	441427	37	116	6e-14	86.1	plus	0
CP008700.1	AVU89346;cluster_I;Anabaena_variabilis_ATCC_29413	71.35	691	5365144	180	16	438538	439220	417	1097	3e-37	 163	plus	0
CP008700.1	Z31716;cluster_I;Nostoc_sp._PCC_6720	71.20	691	5365144	181	16	438538	439220	554	1234	1e-35	 158	plus	0
CP008700.1	FJ712276;cluster_I;Rhizobium_petrolearium	76.08	301	5365144	65	6	438628	438926	36	331	2e-33	 150	plus	0
CP008700.1	DQ364798;cluster_I;Paenibacillus_sp._GJ24	74.55	334	5365144	68	12	438631	438957	1	324	3e-27	 130	plus	0
CP008700.1	EF560698;cluster_III;Chlorobaculum_macestae	76.86	229	5365144	45	5	438771	438992	222	449	5e-25	 122	plus	0
CP008700.1	DQ364799;cluster_I;Paenibacillus_sp._GA12	75.77	260	5365144	54	6	438701	438957	71	324	5e-25	 122	plus	0
CP008700.1	AY373370;cluster_I;Paenibacillus_massiliensis	77.33	172	5365144	36	2	438786	438957	138	306	8e-18	99.0	plus	0
CP008700.1	NOSGLBN;cluster_I;Nostoc_sp.	77.12	153	5365144	30	5	438538	438688	1035	1184	2e-13	84.2	plus	0
CP008700.1	RHMNIFHA;cluster_I;Sinorhizobium_meliloti	92.68	41	5365144	3	0	438628	438668	4	44	4e-06	60.2	plus	0
