AP014951.1	V00631;cluster_I;Klebsiella_pneumoniae	99.23	1809	5944658	12	2	3873597	3875405	1	1807	0.0	3262	plus	0
AP014951.1	KPNNIFH;cluster_I;Klebsiella_pneumoniae	99.67	897	5944658	3	0	3873889	3874785	1	897	0.0	1640	plus	0
AP014951.1	AY242355;cluster_I;Klebsiella_pneumoniae_342	90.61	884	5944658	79	4	3873889	3874770	1	882	0.0	1170	plus	0
AP014951.1	X03916;cluster_I;Azotobacter_chroococcum	83.07	833	5944658	135	6	3873896	3874725	345	1174	0.0	 752	plus	0
AP014951.1	X13519;cluster_I;Azotobacter_vinelandii	81.59	869	5944658	144	12	3873896	3874756	221	1081	0.0	 704	plus	0
AP014951.1	FJ593867;cluster_I;Klebsiella_sp._AL060224_03	97.94	389	5944658	8	0	3873973	3874361	1	389	0.0	 675	plus	0
AP014951.1	AVIMONFE;cluster_I;Azotobacter_chroococcum	81.10	836	5944658	151	4	3873895	3874725	244	1077	0.0	 662	plus	0
AP014951.1	AY373369;cluster_I;Bacillus_cereus	98.17	327	5944658	6	0	3874000	3874326	5	331	4e-160	 571	plus	0
AP014951.1	AY373371;cluster_I;Bacillus_sp._w5	97.86	327	5944658	7	0	3874000	3874326	1	327	2e-158	 566	plus	0
AP014951.1	FJ032021;cluster_I;Klebsiella_sp._BN-4A	99.68	309	5944658	1	0	3873987	3874295	1	309	2e-158	 566	plus	0
AP014951.1	AB189641;cluster_I;Halorhodospira_halophila	79.29	816	5944658	163	6	3873913	3874725	234	1046	2e-158	 566	plus	0
AP014951.1	FJ593769;cluster_I;Klebsiella_sp._P0646	92.54	389	5944658	29	0	3873973	3874361	1	389	3e-156	 558	plus	0
AP014951.1	AY373365;cluster_I;Bacillus_megaterium	98.12	320	5944658	6	0	3874000	3874319	1	320	3e-156	 558	plus	0
AP014951.1	EF200511;cluster_I;Klebsiella_sp._TT001	99.67	304	5944658	1	0	3874033	3874336	1	304	1e-155	 556	plus	0
AP014951.1	EF200510;cluster_I;Klebsiella_sp._NTI31	99.67	304	5944658	1	0	3874033	3874336	1	304	1e-155	 556	plus	0
AP014951.1	GQ381287;cluster_I;Klebsiella_sp._SZ7-2	94.43	359	5944658	17	2	3874003	3874361	1	356	2e-153	 549	plus	0
AP014951.1	AY373366;cluster_I;Bacillus_sp._c6	96.94	327	5944658	10	0	3874000	3874326	1	327	2e-153	 549	plus	0
AP014951.1	AY221827;cluster_I;Klebsiella_oxytoca_KCTC_1686	96.94	327	5944658	10	0	3874021	3874347	1	327	2e-153	 549	plus	0
AP014951.1	FJ593860;cluster_I;Klebsiella_sp._MNS_801b	92.03	389	5944658	31	0	3873973	3874361	1	389	7e-153	 547	plus	0
AP014951.1	FJ593864;cluster_I;Klebsiella_sp._MNFG_802	92.03	389	5944658	31	0	3873973	3874361	1	389	7e-153	 547	plus	0
AP014951.1	FJ593861;cluster_I;Klebsiella_sp._MNS_801a	92.03	389	5944658	31	0	3873973	3874361	1	389	7e-153	 547	plus	0
AP014951.1	FJ593862;cluster_I;Klebsiella_sp._MNW_801b	92.03	389	5944658	31	0	3873973	3874361	1	389	7e-153	 547	plus	0
AP014951.1	FJ593863;cluster_I;Klebsiella_sp._MNFG_801b	92.03	389	5944658	31	0	3873973	3874361	1	389	7e-153	 547	plus	0
AP014951.1	FJ593768;cluster_I;Klebsiella_sp._CRPV0611a	92.03	389	5944658	31	0	3873973	3874361	1	389	7e-153	 547	plus	0
AP014951.1	AY373368;cluster_I;Paenibacillus_sp._g2	96.64	327	5944658	11	0	3874000	3874326	1	327	9e-152	 544	plus	0
AP014951.1	FJ032022;cluster_I;Klebsiella_sp._AF-4C	98.38	309	5944658	5	0	3873987	3874295	3	311	9e-152	 544	plus	0
AP014951.1	FJ593866;cluster_I;Klebsiella_sp._AL060225_04	91.77	389	5944658	32	0	3873973	3874361	1	389	3e-151	 542	plus	0
AP014951.1	FJ593865;cluster_I;Klebsiella_sp._AL050511_01	91.77	389	5944658	32	0	3873973	3874361	1	389	3e-151	 542	plus	0
AP014951.1	FJ593767;cluster_I;Klebsiella_sp._P0643	91.77	389	5944658	32	0	3873973	3874361	1	389	3e-151	 542	plus	0
AP014951.1	FJ593766;cluster_I;Klebsiella_sp._P0640	91.77	389	5944658	32	0	3873973	3874361	1	389	3e-151	 542	plus	0
AP014951.1	FJ593765;cluster_I;Klebsiella_sp._P0638	91.77	389	5944658	32	0	3873973	3874361	1	389	3e-151	 542	plus	0
AP014951.1	FJ593757;cluster_I;Klebsiella_sp._CRLS069a	91.77	389	5944658	32	0	3873973	3874361	1	389	3e-151	 542	plus	0
AP014951.1	FJ593760;cluster_I;Klebsiella_sp._CRLS064	91.52	389	5944658	33	0	3873973	3874361	1	389	2e-149	 536	plus	0
AP014951.1	FJ593763;cluster_I;Klebsiella_sp._CRLI0718a	91.52	389	5944658	33	0	3873973	3874361	1	389	2e-149	 536	plus	0
AP014951.1	FJ593756;cluster_I;Klebsiella_sp._CRLI0715	91.52	389	5944658	33	0	3873973	3874361	1	389	2e-149	 536	plus	0
AP014951.1	FJ593758;cluster_I;Klebsiella_sp._CRPV0610	91.52	389	5944658	33	0	3873973	3874361	1	389	2e-149	 536	plus	0
AP014951.1	FJ593759;cluster_I;Klebsiella_sp._CRLS0617	91.52	389	5944658	33	0	3873973	3874361	1	389	2e-149	 536	plus	0
AP014951.1	FJ593764;cluster_I;Klebsiella_sp._CRLI0713	91.52	389	5944658	33	0	3873973	3874361	1	389	2e-149	 536	plus	0
AP014951.1	FJ593762;cluster_I;Klebsiella_sp._CRLI0728	91.26	389	5944658	34	0	3873973	3874361	1	389	7e-148	 531	plus	0
AP014951.1	FJ593761;cluster_I;Klebsiella_sp._CRLI0730	91.00	389	5944658	35	0	3873973	3874361	1	389	3e-146	 525	plus	0
AP014951.1	AJ563286;cluster_I;Dechloromonas_sp._SIUL	80.99	668	5944658	119	7	3873982	3874645	13	676	1e-145	 523	plus	0
AP014951.1	DQ364804;cluster_I;Klebsiella_sp._JT42	94.82	328	5944658	15	2	3874000	3874326	1	327	1e-141	 510	plus	0
AP014951.1	EU938522;cluster_I;Burkholderia_sp._gx97	91.36	359	5944658	31	0	3874003	3874361	1	359	3e-136	 492	plus	0
AP014951.1	GQ381290;cluster_I;Klebsiella_pneumoniae	94.30	316	5944658	17	1	3874046	3874361	17	331	2e-133	 483	plus	0
AP014951.1	AY846276;cluster_I;Klebsiella_pneumoniae	89.00	391	5944658	42	1	3873906	3874295	400	10	2e-133	 483	minus	0
AP014951.1	FJ822998;cluster_I;Klebsiella_sp._gx-3	90.81	359	5944658	33	0	3874003	3874361	362	4	8e-133	 481	minus	0
AP014951.1	GQ381289;cluster_I;Paenibacillus_sp._SZ002	93.99	316	5944658	17	2	3874046	3874361	14	327	1e-131	 477	plus	0
AP014951.1	AY367396;cluster_I;Raoultella_terrigena	91.87	332	5944658	27	0	3874003	3874334	1	332	8e-128	 464	plus	0
AP014951.1	AY367392;cluster_I;Klebsiella_variicola	91.07	336	5944658	30	0	3874003	3874338	2	337	5e-125	 455	plus	0
AP014951.1	AY367394;cluster_I;Klebsiella_variicola	91.29	333	5944658	29	0	3874003	3874335	2	334	5e-125	 455	plus	0
AP014951.1	AY367395;cluster_I;Klebsiella_variicola	91.07	336	5944658	30	0	3874026	3874361	1	336	5e-125	 455	plus	0
AP014951.1	FJ822994;cluster_I;Sinorhizobium_sp._gx-153	90.20	347	5944658	34	0	3874015	3874361	350	4	2e-124	 453	minus	0
AP014951.1	AY367393;cluster_I;Klebsiella_variicola	90.77	336	5944658	31	0	3874026	3874361	1	336	2e-123	 449	plus	0
AP014951.1	FJ593868;cluster_I;Enterobacter_sp._MTP_050512_17	87.15	389	5944658	50	0	3873973	3874361	1	389	4e-121	 442	plus	0
AP014951.1	FJ593779;cluster_I;Pantoea_sp._A0305	87.15	389	5944658	50	0	3873973	3874361	1	389	4e-121	 442	plus	0
AP014951.1	FJ593780;cluster_I;Pantoea_sp._P0352	87.15	389	5944658	50	0	3873973	3874361	1	389	4e-121	 442	plus	0
AP014951.1	FJ593778;cluster_I;Pantoea_sp._P0359	87.15	389	5944658	50	0	3873973	3874361	1	389	4e-121	 442	plus	0
AP014951.1	AF031817;cluster_I;Rhodobacter_sphaeroides	76.77	818	5944658	170	17	3873906	3874713	283	1090	1e-120	 440	plus	0
AP014951.1	FJ593777;cluster_I;Pantoea_sp._CRLI0725a	86.89	389	5944658	51	0	3873973	3874361	1	389	2e-119	 436	plus	0
AP014951.1	EU622788;cluster_I;Allochromatium_minutissimum	84.22	450	5944658	69	2	3873913	3874361	1	449	2e-119	 436	plus	0
AP014951.1	AB542349;cluster_I;Azospirillum_sp._TSA20c	78.96	656	5944658	125	11	3873964	3874614	1	648	6e-119	 435	plus	0
AP014951.1	DQ821722;cluster_I;Sphingomonas_sp._Y49	90.99	322	5944658	29	0	3874023	3874344	1	322	6e-119	 435	plus	0
AP014951.1	AB542346;cluster_I;Azospirillum_sp._TSA16	79.46	628	5944658	116	11	3873992	3874614	8	627	2e-118	 433	plus	0
AP014951.1	FJ822999;cluster_I;Stenotrophomonas_sp._gx-44	88.12	362	5944658	43	0	3874003	3874364	362	1	8e-118	 431	minus	0
AP014951.1	EU622783;cluster_I;Thiocapsa_bogorovii	84.98	426	5944658	62	2	3873937	3874361	25	449	8e-118	 431	plus	0
AP014951.1	AB542353;cluster_I;Azospirillum_sp._TSA36t	79.30	628	5944658	117	11	3873992	3874614	23	642	1e-116	 427	plus	0
AP014951.1	AB542338;cluster_I;Azospirillum_sp._TSA6c	78.80	651	5944658	125	11	3873964	3874609	1	643	4e-116	 425	plus	0
AP014951.1	X07866;cluster_I;Rhodobacter_capsulatus_SB_1003	76.34	820	5944658	178	13	3873913	3874724	120	931	4e-116	 425	plus	0
AP014951.1	DQ821723;cluster_I;Klebsiella_sp._Y57	90.37	322	5944658	31	0	3874023	3874344	1	322	1e-115	 424	plus	0
AP014951.1	AF545637;cluster_I;Pantoea_agglomerans	87.96	357	5944658	43	0	3873931	3874287	4	360	5e-115	 422	plus	0
AP014951.1	X63352;cluster_I;Rhodobacter_capsulatus	76.22	820	5944658	179	13	3873913	3874724	1318	2129	2e-114	 420	plus	0
AP014951.1	AB270756;cluster_I;Klebsiella_pneumoniae	90.28	319	5944658	31	0	3874002	3874320	42	360	6e-114	 418	plus	0
AP014951.1	HM047125;cluster_I;Bradyrhizobium_denitrificans	78.23	666	5944658	132	12	3873963	3874623	3	660	8e-113	 414	plus	0
AP014951.1	DQ364801;cluster_I;Klebsiella_sp._BM92	89.69	320	5944658	33	0	3874000	3874319	1	320	4e-111	 409	plus	0
AP014951.1	FJ347420;cluster_I;Bradyrhizobium_sp._ORS_285	79.82	570	5944658	104	10	3874017	3874582	1	563	1e-110	 407	plus	0
AP014951.1	AB542364;cluster_I;Azospirillum_sp._TSH78	79.79	569	5944658	100	13	3874018	3874580	2	561	2e-108	 399	plus	0
AP014951.1	FJ347446;cluster_I;Bradyrhizobium_sp._ORS_372	79.68	556	5944658	102	10	3874017	3874568	1	549	8e-108	 398	plus	0
AP014951.1	FJ347435;cluster_I;Bradyrhizobium_sp._ORS_324	79.68	556	5944658	102	10	3874017	3874568	1	549	8e-108	 398	plus	0
AP014951.1	FJ347418;cluster_I;Bradyrhizobium_sp._ORS_277	79.86	556	5944658	101	10	3874017	3874568	1	549	8e-108	 398	plus	0
AP014951.1	AB542356;cluster_I;Azospirillum_sp._TSH2	79.68	571	5944658	101	13	3874018	3874582	1	562	8e-108	 398	plus	0
AP014951.1	FJ347436;cluster_I;Bradyrhizobium_sp._ORS_327	79.68	556	5944658	102	10	3874017	3874568	1	549	3e-107	 396	plus	0
AP014951.1	FJ347434;cluster_I;Bradyrhizobium_sp._ORS_318	79.50	556	5944658	103	10	3874017	3874568	1	549	3e-107	 396	plus	0
AP014951.1	FJ347422;cluster_I;Bradyrhizobium_sp._ORS_294	79.50	556	5944658	103	10	3874017	3874568	1	549	3e-107	 396	plus	0
AP014951.1	FJ347438;cluster_I;Bradyrhizobium_sp._ORS_330	79.51	571	5944658	104	12	3874017	3874582	1	563	1e-106	 394	plus	0
AP014951.1	FJ347430;cluster_I;Bradyrhizobium_sp._ORS_307	79.32	556	5944658	104	10	3874017	3874568	1	549	1e-106	 394	plus	0
AP014951.1	FJ347427;cluster_I;Bradyrhizobium_sp._ORS_303	79.32	556	5944658	104	10	3874017	3874568	1	549	1e-106	 394	plus	0
AP014951.1	AB542357;cluster_I;Azospirillum_sp._TSH5	79.61	569	5944658	101	13	3874020	3874582	1	560	1e-106	 394	plus	0
AP014951.1	AB542358;cluster_I;Azospirillum_sp._TSH6	79.61	569	5944658	101	13	3874020	3874582	1	560	1e-106	 394	plus	0
AP014951.1	AB542359;cluster_I;Azospirillum_sp._TSH10	79.61	569	5944658	101	13	3874020	3874582	1	560	1e-106	 394	plus	0
AP014951.1	FJ822997;cluster_I;Pseudomonas_sp._gx-127	86.39	360	5944658	47	2	3874003	3874361	362	4	4e-106	 392	minus	0
AP014951.1	FJ347445;cluster_I;Bradyrhizobium_sp._ORS_361	79.32	556	5944658	104	10	3874017	3874568	1	549	4e-106	 392	plus	0
AP014951.1	FJ347443;cluster_I;Bradyrhizobium_sp._ORS_356	79.32	556	5944658	104	10	3874017	3874568	1	549	4e-106	 392	plus	0
AP014951.1	FJ347424;cluster_I;Bradyrhizobium_sp._ORS_298	79.32	556	5944658	104	10	3874017	3874568	1	549	4e-106	 392	plus	0
AP014951.1	EF199951;cluster_I;Halorhodospira_halophila	82.41	449	5944658	79	0	3873913	3874361	1	449	4e-106	 392	plus	0
AP014951.1	FJ347447;cluster_I;Bradyrhizobium_sp._ORS_375	78.60	570	5944658	111	10	3874017	3874582	1	563	5e-105	 388	plus	0
AP014951.1	FJ347441;cluster_I;Bradyrhizobium_sp._ORS_344	78.60	570	5944658	111	10	3874017	3874582	1	563	5e-105	 388	plus	0
AP014951.1	FJ347426;cluster_I;Bradyrhizobium_sp._ORS_301	78.95	570	5944658	109	10	3874017	3874582	1	563	5e-105	 388	plus	0
AP014951.1	FJ347423;cluster_I;Bradyrhizobium_sp._ORS_297	79.50	556	5944658	103	10	3874017	3874568	1	549	2e-104	 387	plus	0
AP014951.1	AB542337;cluster_I;Azospirillum_sp._TSA2s	78.34	614	5944658	120	11	3874024	3874632	5	610	6e-104	 385	plus	0
AP014951.1	AB542366;cluster_I;Azospirillum_sp._TSH96	79.40	563	5944658	101	13	3874024	3874580	4	557	2e-103	 383	plus	0
AP014951.1	AB542360;cluster_I;Azospirillum_sp._TSH19	78.99	576	5944658	107	12	3874018	3874588	2	568	8e-103	 381	plus	0
AP014951.1	AB542367;cluster_I;Azospirillum_sp._TSH100	78.96	575	5944658	107	12	3874019	3874588	1	566	3e-102	 379	plus	0
AP014951.1	GQ289565;cluster_I;Bradyrhizobium_japonicum	81.60	462	5944658	80	4	3873919	3874379	458	1	1e-101	 377	minus	0
AP014951.1	GQ289562;cluster_I;Bradyrhizobium_japonicum	81.64	463	5944658	78	6	3873919	3874379	458	1	1e-101	 377	minus	0
AP014951.1	FJ347433;cluster_I;Bradyrhizobium_sp._ORS_310	78.60	556	5944658	108	10	3874017	3874568	1	549	1e-101	 377	plus	0
AP014951.1	EF199953;cluster_I;Ectothiorhodospira_shaposhnikovii	81.78	450	5944658	80	2	3873913	3874361	1	449	4e-101	 375	plus	0
AP014951.1	EF199955;cluster_I;Ectothiorhodospira_shaposhnikovii_DSM_2111	81.78	450	5944658	80	2	3873913	3874361	1	449	4e-101	 375	plus	0
AP014951.1	FJ347437;cluster_I;Bradyrhizobium_sp._ORS_328	78.64	557	5944658	106	12	3874017	3874568	1	549	5e-100	 372	plus	0
AP014951.1	AB542361;cluster_I;Azospirillum_sp._TSH21	78.62	580	5944658	110	12	3874014	3874588	1	571	5e-100	 372	plus	0
AP014951.1	AB542347;cluster_I;Azospirillum_sp._TSA18	78.77	570	5944658	107	12	3874024	3874588	7	567	2e-99	 370	plus	0
AP014951.1	AB542344;cluster_I;Azospirillum_sp._TSA15c	78.77	570	5944658	107	12	3874024	3874588	5	565	2e-99	 370	plus	0
AP014951.1	AB542340;cluster_I;Azospirillum_sp._TSA11	78.77	570	5944658	107	12	3874024	3874588	7	567	2e-99	 370	plus	0
AP014951.1	AB542343;cluster_I;Azospirillum_sp._TSA14w	78.77	570	5944658	107	12	3874024	3874588	9	569	2e-99	 370	plus	0
AP014951.1	EF199954;cluster_I;Ectothiorhodospira_mobilis	81.56	450	5944658	81	2	3873913	3874361	1	449	2e-99	 370	plus	0
AP014951.1	AB542348;cluster_I;Azospirillum_sp._TSA19	78.72	564	5944658	106	12	3874030	3874588	4	558	8e-98	 364	plus	0
AP014951.1	AB542341;cluster_I;Azospirillum_sp._TSA12	78.72	564	5944658	106	12	3874030	3874588	4	558	8e-98	 364	plus	0
AP014951.1	EU693339;cluster_I;Bacillus_sp._Z7	82.49	417	5944658	69	4	3873964	3874379	14	427	3e-97	 363	plus	0
AP014951.1	EU693338;cluster_I;Azotobacter_chroococcum	82.52	412	5944658	70	2	3873969	3874379	24	434	1e-96	 361	plus	0
AP014951.1	EU693342;cluster_I;Bacillus_sp._Z22	82.37	414	5944658	72	1	3873967	3874379	23	436	4e-96	 359	plus	0
AP014951.1	EU693341;cluster_I;Acinetobacter_sp._Z21	82.37	414	5944658	70	3	3873966	3874379	19	429	1e-95	 357	plus	0
AP014951.1	DQ787333;cluster_I;Azospirillum_lipoferum	81.78	439	5944658	67	11	3873928	3874361	16	446	5e-95	 355	plus	0
AP014951.1	GQ411215;cluster_I;Bacillus_sp._SUND_LM2	96.30	216	5944658	7	1	3874000	3874215	101	315	2e-94	 353	plus	0
AP014951.1	EF199952;cluster_I;Halorhodospira_abdelmalekii	80.89	450	5944658	84	2	3873913	3874361	1	449	2e-94	 353	plus	0
AP014951.1	EU693340;cluster_I;Bacillus_sp._Z19	82.91	392	5944658	67	0	3873988	3874379	37	428	2e-94	 353	plus	0
AP014951.1	AB079624;cluster_I;Rhodopseudomonas_sp._HMD88	81.18	457	5944658	71	14	3873911	3874361	11	458	2e-94	 353	plus	0
AP014951.1	AB079625;cluster_I;Rhodopseudomonas_sp._HMD89	81.18	457	5944658	71	14	3873911	3874361	11	458	2e-94	 353	plus	0
AP014951.1	GQ289571;cluster_I;Bradyrhizobium_japonicum	80.51	467	5944658	79	11	3873919	3874379	461	1	8e-93	 348	minus	0
AP014951.1	AF059648;cluster_I;Marichromatium_purpuratum	85.54	325	5944658	45	2	3874024	3874347	4	327	5e-90	 339	plus	0
AP014951.1	DQ787331;cluster_I;Azospirillum_lipoferum	80.57	453	5944658	77	9	3873913	3874361	1	446	5e-90	 339	plus	0
AP014951.1	DQ787332;cluster_I;Azospirillum_lipoferum	81.05	438	5944658	72	9	3873928	3874361	16	446	5e-90	 339	plus	0
AP014951.1	FJ822995;cluster_I;Agrobacterium_tumefaciens	83.57	359	5944658	59	0	3874003	3874361	362	4	2e-89	 337	minus	0
AP014951.1	AB430882;cluster_I;Azotobacter_chroococcum	85.45	323	5944658	45	2	3874023	3874344	1	322	6e-89	 335	plus	0
AP014951.1	DQ787334;cluster_I;Azospirillum_lipoferum	80.82	438	5944658	73	9	3873928	3874361	16	446	6e-89	 335	plus	0
AP014951.1	AF484657;cluster_I;Methylobacterium_sp._xct7	80.22	460	5944658	79	10	3874008	3874463	1	452	6e-89	 335	plus	0
AP014951.1	GQ289577;cluster_I;Bradyrhizobium_japonicum	80.08	472	5944658	72	17	3873919	3874379	461	1	8e-88	 331	minus	0
AP014951.1	AB079632;cluster_I;Rhodobacter_blasticus_DSM_2131	80.00	455	5944658	80	9	3873911	3874361	11	458	3e-87	 329	plus	0
AP014951.1	EU672874;cluster_I;Methylogaea_oryzae_JCM_16910	85.58	312	5944658	43	2	3874051	3874361	1	311	4e-86	 326	plus	0
AP014951.1	U97116;cluster_I;Azoarcus_communis	80.87	413	5944658	75	2	3873937	3874347	1	411	5e-85	 322	plus	0
AP014951.1	AB079622;cluster_I;Rhodobacter_sp._AP-10	79.78	455	5944658	83	7	3873911	3874362	11	459	5e-85	 322	plus	0
AP014951.1	GQ411209;cluster_I;Bacillus_megaterium	96.86	191	5944658	6	0	3873999	3874189	148	338	2e-84	 320	plus	0
AP014951.1	DQ029203;cluster_I;Azonexus_caeni	87.14	280	5944658	36	0	3874070	3874349	28	307	6e-84	 318	plus	0
AP014951.1	EU418411;cluster_I;Rhizobium_gallicum	77.37	570	5944658	108	18	3873994	3874554	37	594	6e-84	 318	plus	0
AP014951.1	GQ161241;cluster_I;Azospirillum_brasilense	82.87	362	5944658	53	7	3874003	3874361	1	356	2e-83	 316	plus	0
AP014951.1	FN813553;cluster_I;Azospirillum_zeae	82.69	364	5944658	56	5	3874003	3874364	1	359	2e-83	 316	plus	0
AP014951.1	FN813552;cluster_I;Azospirillum_zeae	82.69	364	5944658	56	5	3874003	3874364	1	359	2e-83	 316	plus	0
AP014951.1	FN813561;cluster_I;Azospirillum_zeae	82.74	365	5944658	54	7	3874003	3874364	1	359	2e-83	 316	plus	0
AP014951.1	FJ687518;cluster_I;Pseudomonas_sp._IPPW-3	82.32	362	5944658	64	0	3874003	3874364	1	362	8e-83	 315	plus	0
AP014951.1	EF626686;cluster_I;Azonexus_hydrophilus	83.43	338	5944658	56	0	3874015	3874352	1	338	8e-83	 315	plus	0
AP014951.1	AB079621;cluster_I;Rhodobacter_azotoformans	79.65	457	5944658	78	13	3873911	3874361	11	458	8e-83	 315	plus	0
AP014951.1	GU256446;cluster_I;Azospirillum_canadense	82.21	371	5944658	59	5	3873973	3874341	10	375	3e-82	 313	plus	0
AP014951.1	AY351672;cluster_I;Azotobacter_chroococcum	84.16	322	5944658	49	2	3874021	3874341	1	321	1e-81	 311	plus	0
AP014951.1	FJ687522;cluster_I;Aeromonas_sp._IPPW-33a	82.04	362	5944658	65	0	3874003	3874364	1	362	4e-81	 309	plus	0
AP014951.1	EF626684;cluster_I;Azonexus_hydrophilus_DSM_23864	83.14	338	5944658	57	0	3874015	3874352	1	338	4e-81	 309	plus	0
AP014951.1	EF626685;cluster_I;Azonexus_hydrophilus	83.14	338	5944658	57	0	3874015	3874352	1	338	4e-81	 309	plus	0
AP014951.1	FSU53362;cluster_I;Frankia_sp._EuIK1	71.83	1278	5944658	297	55	3874946	3876193	1286	2530	1e-80	 307	plus	0
AP014951.1	EU418412;cluster_I;Rhizobium_mongolense	77.02	570	5944658	110	18	3873994	3874554	37	594	1e-80	 307	plus	0
AP014951.1	AY768690;cluster_I;Azonexus_fungiphilus	83.85	322	5944658	50	2	3874021	3874341	1	321	5e-80	 305	plus	0
AP014951.1	DQ682472;cluster_I;Azospirillum_zeae	82.04	362	5944658	56	7	3874003	3874361	2	357	2e-79	 303	plus	0
AP014951.1	EU770978;cluster_I;Rhizobium_leguminosarum	76.91	563	5944658	111	17	3873913	3874467	1	552	6e-79	 302	plus	0
AP014951.1	EU386145;cluster_I;Rhizobium_sp._NGR181	78.69	474	5944658	86	12	3874087	3874554	44	508	6e-79	 302	plus	0
AP014951.1	DQ393890;cluster_I;Azospirillum_canadense	82.44	353	5944658	53	7	3874012	3874361	351	5	2e-78	 300	minus	0
AP014951.1	DQ682471;cluster_I;Azospirillum_zeae	82.17	359	5944658	55	7	3874006	3874361	1	353	2e-78	 300	plus	0
AP014951.1	AB185395;cluster_I;Azospirillum_oryzae	80.25	405	5944658	71	7	3873940	3874341	10	408	3e-77	 296	plus	0
AP014951.1	EF158046;cluster_I;Azospira_restricta	86.25	269	5944658	37	0	3874084	3874352	1	269	4e-76	 292	plus	0
AP014951.1	GU256453;cluster_I;Azospirillum_zeae	81.02	374	5944658	64	5	3873961	3874332	6	374	1e-75	 291	plus	0
AP014951.1	AB161454;cluster_I;Pleomorphomonas_oryzae	79.38	422	5944658	80	5	3873914	3874333	1	417	1e-75	 291	plus	0
AP014951.1	EU770979;cluster_I;Rhizobium_leguminosarum	76.55	563	5944658	113	17	3873913	3874467	1	552	1e-75	 291	plus	0
AP014951.1	GQ503352;cluster_I;Mesorhizobium_ciceri	74.96	643	5944658	150	10	3873994	3874632	674	39	6e-74	 285	minus	0
AP014951.1	FJ687521;cluster_I;Aeromonas_sp._IPPW-29	81.04	364	5944658	62	6	3874003	3874364	1	359	2e-73	 283	plus	0
AP014951.1	FJ687517;cluster_I;Pseudomonas_sp._IPPW-2	81.04	364	5944658	62	6	3874003	3874364	1	359	2e-73	 283	plus	0
AP014951.1	AB191042;cluster_I;Heliobacterium_gestii	71.88	1138	5944658	268	43	3874946	3876060	999	2107	8e-73	 281	plus	0
AP014951.1	EF634050;cluster_I;Azotobacter_chroococcum	83.44	308	5944658	45	5	3874054	3874358	1	305	8e-73	 281	plus	0
AP014951.1	EF634041;cluster_I;Rhizobium_gallicum	82.26	327	5944658	57	1	3874009	3874335	326	1	8e-73	 281	minus	0
AP014951.1	EF199958;cluster_I;Thioalkalispira_microaerophila	80.90	356	5944658	68	0	3873979	3874334	28	383	8e-73	 281	plus	0
AP014951.1	EF634053;cluster_I;Azotobacter_chroococcum	82.66	323	5944658	48	7	3874043	3874360	7	326	3e-72	 279	plus	0
AP014951.1	DQ413015;cluster_I;Rhizobium_leguminosarum_bv._viciae	82.52	326	5944658	50	6	3874144	3874467	194	514	3e-72	 279	plus	0
AP014951.1	DQ029204;cluster_I;Azonexus_fungiphilus	84.34	281	5944658	44	0	3874070	3874350	28	308	4e-71	 276	plus	0
AP014951.1	AB079628;cluster_I;Rhodovulum_strictum	78.12	457	5944658	85	13	3873911	3874361	11	458	4e-71	 276	plus	0
AP014951.1	AB182912;cluster_I;Pleomorphomonas_oryzae	79.17	408	5944658	78	5	3873928	3874333	5	407	4e-71	 276	plus	0
AP014951.1	AB079629;cluster_I;Rhodovulum_strictum	77.95	458	5944658	86	13	3873911	3874362	11	459	5e-70	 272	plus	0
AP014951.1	GU256451;cluster_I;Azospirillum_picis	81.47	340	5944658	54	7	3873992	3874328	37	370	2e-69	 270	plus	0
AP014951.1	EU291980;cluster_I;Sinorhizobium_chiapanecum	77.17	473	5944658	101	5	3874162	3874632	1	468	6e-69	 268	plus	0
AP014951.1	GU256450;cluster_I;Azospirillum_melinis	80.00	370	5944658	67	5	3873961	3874328	4	368	2e-68	 267	plus	0
AP014951.1	AB182913;cluster_I;Pleomorphomonas_oryzae	79.09	397	5944658	76	5	3873939	3874333	5	396	2e-68	 267	plus	0
AP014951.1	AB182911;cluster_I;Pleomorphomonas_oryzae	79.04	396	5944658	76	5	3873939	3874332	4	394	8e-68	 265	plus	0
AP014951.1	AB182910;cluster_I;Pleomorphomonas_oryzae	78.80	401	5944658	78	5	3873928	3874326	5	400	3e-67	 263	plus	0
AP014951.1	ADAF001432;cluster_I;Gluconacetobacter_diazotrophicus	82.08	307	5944658	48	5	3874003	3874307	1	302	5e-65	 255	plus	0
AP014951.1	GQ289563;cluster_I;Bradyrhizobium_japonicum	76.92	468	5944658	94	12	3873919	3874379	461	1	2e-64	 254	minus	0
AP014951.1	EF634055;cluster_I;Azotobacter_chroococcum	83.27	281	5944658	41	5	3874083	3874360	11	288	2e-64	 254	plus	0
AP014951.1	AY079181;cluster_I;Rhizobium_tropici	77.67	430	5944658	85	9	3874207	3874632	10	432	6e-64	 252	plus	0
AP014951.1	EU291983;cluster_I;Ensifer_mexicanus	76.58	474	5944658	102	7	3874162	3874632	1	468	6e-64	 252	plus	0
AP014951.1	AY644349;cluster_I;Azomonas_macrocytogenes	78.65	356	5944658	76	0	3874006	3874361	7	362	1e-60	 241	plus	0
AP014951.1	AB191043;cluster_I;Heliobacterium_modesticaldum_Ice1	71.04	1143	5944658	281	43	3874946	3876066	1093	2207	8e-58	 231	plus	0
AP014951.1	GQ289567;cluster_III;Bradyrhizobium_japonicum	75.97	462	5944658	93	15	3873927	3874379	453	1	5e-55	 222	minus	0
AP014951.1	EF620478;cluster_I;Azotobacter_chroococcum	79.23	337	5944658	55	15	3874018	3874344	1	332	2e-54	 220	plus	0
AP014951.1	DQ411938;cluster_I;Ensifer_mexicanus	76.22	429	5944658	93	7	3874207	3874632	10	432	7e-54	 219	plus	0
AP014951.1	DQ411939;cluster_I;Ensifer_mexicanus	76.22	429	5944658	93	7	3874207	3874632	10	432	7e-54	 219	plus	0
AP014951.1	DQ407288;cluster_I;Mesorhizobium_tianshanense	76.53	375	5944658	84	4	3874260	3874632	7	379	7e-49	 202	plus	0
AP014951.1	DQ407287;cluster_I;Mesorhizobium_tianshanense	76.46	378	5944658	84	5	3874258	3874632	4	379	2e-48	 200	plus	0
AP014951.1	DQ407295;cluster_I;Mesorhizobium_ciceri	76.47	374	5944658	84	4	3874261	3874632	1	372	2e-48	 200	plus	0
AP014951.1	DQ315787;cluster_I;Anabaena_variabilis_ATCC_29413	72.18	719	5944658	179	17	3873907	3874616	28	734	2e-48	 200	plus	0
AP014951.1	EU697999;cluster_I;Mesorhizobium_temperatum	79.18	293	5944658	55	6	3874261	3874550	31	320	9e-48	 198	plus	0
AP014951.1	GQ289582;cluster_III;Bradyrhizobium_japonicum	80.66	243	5944658	41	2	3874143	3874379	243	1	2e-43	 183	minus	0
AP014951.1	GQ289566;cluster_III;Bradyrhizobium_japonicum	80.59	237	5944658	38	4	3874150	3874379	236	1	4e-41	 176	minus	0
AP014951.1	GQ289573;cluster_III;Bradyrhizobium_japonicum	78.48	237	5944658	43	5	3874150	3874379	236	1	9e-33	 148	minus	0
AP014951.1	DQ364798;cluster_I;Paenibacillus_sp._GJ24	80.34	178	5944658	32	2	3874149	3874326	150	324	9e-28	 132	plus	0
AP014951.1	DQ364799;cluster_I;Paenibacillus_sp._GA12	79.78	178	5944658	33	2	3874149	3874326	150	324	4e-26	 126	plus	0
AP014951.1	AY373370;cluster_I;Paenibacillus_massiliensis	78.49	172	5944658	34	2	3874155	3874326	138	306	4e-21	 110	plus	0
