CP017284.1	V00631;cluster_I;Klebsiella_pneumoniae	88.82	1771	5600718	174	20	3750464	3752223	46	1803	0.0	2152	plus	0
CP017284.1	AY242355;cluster_I;Klebsiella_pneumoniae_342	97.96	883	5600718	16	2	3750711	3751592	1	882	0.0	1530	plus	0
CP017284.1	KPNNIFH;cluster_I;Klebsiella_pneumoniae	90.91	891	5600718	79	2	3750711	3751600	1	890	0.0	1195	plus	0
CP017284.1	X96609;cluster_I;Alcaligenes_faecalis	82.12	867	5600718	149	6	3750717	3751580	612	1475	0.0	 737	plus	0
CP017284.1	FJ593866;cluster_I;Klebsiella_sp._AL060225_04	100.00	389	5600718	0	0	3750795	3751183	1	389	0.0	 719	plus	0
CP017284.1	FJ593865;cluster_I;Klebsiella_sp._AL050511_01	100.00	389	5600718	0	0	3750795	3751183	1	389	0.0	 719	plus	0
CP017284.1	FJ593756;cluster_I;Klebsiella_sp._CRLI0715	99.74	389	5600718	1	0	3750795	3751183	1	389	0.0	 713	plus	0
CP017284.1	FJ593767;cluster_I;Klebsiella_sp._P0643	99.49	389	5600718	2	0	3750795	3751183	1	389	0.0	 708	plus	0
CP017284.1	FJ593766;cluster_I;Klebsiella_sp._P0640	99.49	389	5600718	2	0	3750795	3751183	1	389	0.0	 708	plus	0
CP017284.1	FJ593765;cluster_I;Klebsiella_sp._P0638	99.49	389	5600718	2	0	3750795	3751183	1	389	0.0	 708	plus	0
CP017284.1	FJ593757;cluster_I;Klebsiella_sp._CRLS069a	99.49	389	5600718	2	0	3750795	3751183	1	389	0.0	 708	plus	0
CP017284.1	FJ593860;cluster_I;Klebsiella_sp._MNS_801b	99.23	389	5600718	3	0	3750795	3751183	1	389	0.0	 702	plus	0
CP017284.1	FJ593864;cluster_I;Klebsiella_sp._MNFG_802	99.23	389	5600718	3	0	3750795	3751183	1	389	0.0	 702	plus	0
CP017284.1	FJ593861;cluster_I;Klebsiella_sp._MNS_801a	99.23	389	5600718	3	0	3750795	3751183	1	389	0.0	 702	plus	0
CP017284.1	FJ593862;cluster_I;Klebsiella_sp._MNW_801b	99.23	389	5600718	3	0	3750795	3751183	1	389	0.0	 702	plus	0
CP017284.1	FJ593863;cluster_I;Klebsiella_sp._MNFG_801b	99.23	389	5600718	3	0	3750795	3751183	1	389	0.0	 702	plus	0
CP017284.1	FJ593760;cluster_I;Klebsiella_sp._CRLS064	99.23	389	5600718	3	0	3750795	3751183	1	389	0.0	 702	plus	0
CP017284.1	FJ593763;cluster_I;Klebsiella_sp._CRLI0718a	99.23	389	5600718	3	0	3750795	3751183	1	389	0.0	 702	plus	0
CP017284.1	FJ593758;cluster_I;Klebsiella_sp._CRPV0610	99.23	389	5600718	3	0	3750795	3751183	1	389	0.0	 702	plus	0
CP017284.1	FJ593759;cluster_I;Klebsiella_sp._CRLS0617	99.23	389	5600718	3	0	3750795	3751183	1	389	0.0	 702	plus	0
CP017284.1	FJ593764;cluster_I;Klebsiella_sp._CRLI0713	99.23	389	5600718	3	0	3750795	3751183	1	389	0.0	 702	plus	0
CP017284.1	AVIMONFE;cluster_I;Azotobacter_chroococcum	81.88	839	5600718	139	10	3750717	3751547	244	1077	0.0	 695	plus	0
CP017284.1	FJ593762;cluster_I;Klebsiella_sp._CRLI0728	98.71	389	5600718	5	0	3750795	3751183	1	389	0.0	 691	plus	0
CP017284.1	FJ593761;cluster_I;Klebsiella_sp._CRLI0730	98.46	389	5600718	6	0	3750795	3751183	1	389	0.0	 686	plus	0
CP017284.1	X03916;cluster_I;Azotobacter_chroococcum	81.29	834	5600718	148	8	3750718	3751547	345	1174	0.0	 669	plus	0
CP017284.1	FJ593768;cluster_I;Klebsiella_sp._CRPV0611a	97.17	389	5600718	11	0	3750795	3751183	1	389	0.0	 658	plus	0
CP017284.1	FJ593769;cluster_I;Klebsiella_sp._P0646	96.92	389	5600718	12	0	3750795	3751183	1	389	0.0	 652	plus	0
CP017284.1	X13519;cluster_I;Azotobacter_vinelandii	80.84	835	5600718	150	9	3750718	3751547	221	1050	0.0	 647	plus	0
CP017284.1	AY846276;cluster_I;Klebsiella_pneumoniae	95.65	391	5600718	16	1	3750728	3751117	400	10	9e-177	 627	minus	0
CP017284.1	FJ822998;cluster_I;Klebsiella_sp._gx-3	98.05	359	5600718	7	0	3750825	3751183	362	4	3e-176	 625	minus	0
CP017284.1	FJ822994;cluster_I;Sinorhizobium_sp._gx-153	98.57	350	5600718	5	0	3750834	3751183	353	4	1e-174	 619	minus	0
CP017284.1	AY367395;cluster_I;Klebsiella_variicola	99.70	336	5600718	1	0	3750848	3751183	1	336	2e-173	 616	plus	0
CP017284.1	EU938522;cluster_I;Burkholderia_sp._gx97	97.49	359	5600718	9	0	3750825	3751183	1	359	7e-173	 614	plus	0
CP017284.1	AY367394;cluster_I;Klebsiella_variicola	99.40	333	5600718	2	0	3750825	3751157	2	334	4e-170	 604	plus	0
CP017284.1	AY367392;cluster_I;Klebsiella_variicola	98.81	336	5600718	4	0	3750825	3751160	2	337	2e-168	 599	plus	0
CP017284.1	AY367393;cluster_I;Klebsiella_variicola	98.51	336	5600718	5	0	3750848	3751183	1	336	9e-167	 593	plus	0
CP017284.1	AB189641;cluster_I;Halorhodospira_halophila	79.60	804	5600718	158	6	3750732	3751532	231	1031	4e-160	 571	plus	0
CP017284.1	AB270756;cluster_I;Klebsiella_pneumoniae	98.75	319	5600718	4	0	3750824	3751142	42	360	5e-159	 568	plus	0
CP017284.1	DQ364801;cluster_I;Klebsiella_sp._BM92	98.12	320	5600718	6	0	3750822	3751141	1	320	3e-156	 558	plus	0
CP017284.1	KSU32183;cluster_I;Klebsiella_sp.	94.99	339	5600718	16	1	3750762	3751099	1	339	2e-152	 545	plus	0
CP017284.1	FJ593867;cluster_I;Klebsiella_sp._AL060224_03	91.77	389	5600718	32	0	3750795	3751183	1	389	3e-151	 542	plus	0
CP017284.1	DQ821722;cluster_I;Sphingomonas_sp._Y49	96.58	322	5600718	11	0	3750845	3751166	1	322	5e-149	 534	plus	0
CP017284.1	DQ821723;cluster_I;Klebsiella_sp._Y57	95.96	322	5600718	13	0	3750845	3751166	1	322	1e-145	 523	plus	0
CP017284.1	AJ563286;cluster_I;Dechloromonas_sp._SIUL	80.92	671	5600718	116	10	3750804	3751468	13	677	2e-144	 520	plus	0
CP017284.1	AF031817;cluster_I;Rhodobacter_sphaeroides	77.37	822	5600718	158	21	3750728	3751535	283	1090	3e-127	 462	plus	0
CP017284.1	GQ381287;cluster_I;Klebsiella_sp._SZ7-2	89.69	359	5600718	34	2	3750825	3751183	1	356	4e-125	 455	plus	0
CP017284.1	AY221827;cluster_I;Klebsiella_oxytoca_KCTC_1686	90.21	327	5600718	32	0	3750843	3751169	1	327	9e-117	 427	plus	0
CP017284.1	FJ593868;cluster_I;Enterobacter_sp._MTP_050512_17	86.38	389	5600718	53	0	3750795	3751183	1	389	3e-116	 425	plus	0
CP017284.1	AB542353;cluster_I;Azospirillum_sp._TSA36t	79.67	600	5600718	111	9	3750814	3751409	23	615	4e-115	 422	plus	0
CP017284.1	EF199951;cluster_I;Halorhodospira_halophila	83.52	449	5600718	74	0	3750735	3751183	1	449	2e-114	 420	plus	0
CP017284.1	EU622783;cluster_I;Thiocapsa_bogorovii	84.51	426	5600718	64	2	3750759	3751183	25	449	2e-114	 420	plus	0
CP017284.1	AY373368;cluster_I;Paenibacillus_sp._g2	89.60	327	5600718	34	0	3750822	3751148	1	327	2e-113	 416	plus	0
CP017284.1	AY367396;cluster_I;Raoultella_terrigena	89.16	332	5600718	36	0	3750825	3751156	1	332	7e-113	 414	plus	0
CP017284.1	AY373369;cluster_I;Bacillus_cereus	89.30	327	5600718	35	0	3750822	3751148	5	331	9e-112	 411	plus	0
CP017284.1	X63352;cluster_I;Rhodobacter_capsulatus	76.01	842	5600718	175	20	3750720	3751546	1303	2132	9e-112	 411	plus	0
CP017284.1	AY373371;cluster_I;Bacillus_sp._w5	88.99	327	5600718	36	0	3750822	3751148	1	327	4e-110	 405	plus	0
CP017284.1	X07866;cluster_I;Rhodobacter_capsulatus_SB_1003	75.89	842	5600718	176	20	3750720	3751546	105	934	4e-110	 405	plus	0
CP017284.1	FJ347438;cluster_I;Bradyrhizobium_sp._ORS_330	80.07	557	5600718	98	12	3750839	3751390	1	549	6e-109	 401	plus	0
CP017284.1	AB542360;cluster_I;Azospirillum_sp._TSH19	79.62	574	5600718	106	10	3750840	3751409	2	568	6e-109	 401	plus	0
CP017284.1	EF200511;cluster_I;Klebsiella_sp._TT001	90.46	304	5600718	29	0	3750855	3751158	1	304	6e-109	 401	plus	0
CP017284.1	EF200510;cluster_I;Klebsiella_sp._NTI31	90.46	304	5600718	29	0	3750855	3751158	1	304	6e-109	 401	plus	0
CP017284.1	FJ347445;cluster_I;Bradyrhizobium_sp._ORS_361	79.46	560	5600718	104	10	3750839	3751394	1	553	2e-108	 399	plus	0
CP017284.1	FJ347430;cluster_I;Bradyrhizobium_sp._ORS_307	79.53	557	5600718	101	12	3750839	3751390	1	549	2e-108	 399	plus	0
CP017284.1	AB542367;cluster_I;Azospirillum_sp._TSH100	79.58	573	5600718	106	10	3750841	3751409	1	566	2e-108	 399	plus	0
CP017284.1	FJ032021;cluster_I;Klebsiella_sp._BN-4A	89.97	309	5600718	31	0	3750809	3751117	1	309	2e-108	 399	plus	0
CP017284.1	FJ593777;cluster_I;Pantoea_sp._CRLI0725a	85.09	389	5600718	58	0	3750795	3751183	1	389	7e-108	 398	plus	0
CP017284.1	FJ593779;cluster_I;Pantoea_sp._A0305	85.09	389	5600718	58	0	3750795	3751183	1	389	7e-108	 398	plus	0
CP017284.1	FJ593780;cluster_I;Pantoea_sp._P0352	85.09	389	5600718	58	0	3750795	3751183	1	389	7e-108	 398	plus	0
CP017284.1	FJ593778;cluster_I;Pantoea_sp._P0359	85.09	389	5600718	58	0	3750795	3751183	1	389	7e-108	 398	plus	0
CP017284.1	FJ347446;cluster_I;Bradyrhizobium_sp._ORS_372	79.71	557	5600718	100	12	3750839	3751390	1	549	7e-108	 398	plus	0
CP017284.1	FJ347449;cluster_I;Bradyrhizobium_sp._ORS_391	79.79	559	5600718	104	8	3750839	3751394	1	553	7e-108	 398	plus	0
CP017284.1	FJ347434;cluster_I;Bradyrhizobium_sp._ORS_318	79.50	556	5600718	103	10	3750839	3751390	1	549	7e-108	 398	plus	0
CP017284.1	FJ347439;cluster_I;Bradyrhizobium_sp._ORS_331	79.79	559	5600718	104	8	3750839	3751394	1	553	7e-108	 398	plus	0
CP017284.1	FJ347422;cluster_I;Bradyrhizobium_sp._ORS_294	79.50	556	5600718	103	10	3750839	3751390	1	549	7e-108	 398	plus	0
CP017284.1	FJ347424;cluster_I;Bradyrhizobium_sp._ORS_298	79.12	570	5600718	108	10	3750839	3751404	1	563	7e-108	 398	plus	0
CP017284.1	AY373365;cluster_I;Bacillus_megaterium	89.06	320	5600718	35	0	3750822	3751141	1	320	7e-108	 398	plus	0
CP017284.1	FJ347443;cluster_I;Bradyrhizobium_sp._ORS_356	79.29	560	5600718	105	10	3750839	3751394	1	553	3e-107	 396	plus	0
CP017284.1	HM047125;cluster_I;Bradyrhizobium_denitrificans	78.96	594	5600718	116	8	3750814	3751404	32	619	3e-107	 396	plus	0
CP017284.1	FJ347427;cluster_I;Bradyrhizobium_sp._ORS_303	79.29	560	5600718	105	10	3750839	3751394	1	553	1e-106	 394	plus	0
CP017284.1	AB542349;cluster_I;Azospirillum_sp._TSA20c	78.83	600	5600718	116	9	3750814	3751409	29	621	1e-106	 394	plus	0
CP017284.1	AB542346;cluster_I;Azospirillum_sp._TSA16	78.83	600	5600718	116	9	3750814	3751409	8	600	1e-106	 394	plus	0
CP017284.1	AB542338;cluster_I;Azospirillum_sp._TSA6c	78.83	600	5600718	116	9	3750814	3751409	29	621	1e-106	 394	plus	0
CP017284.1	AF545637;cluster_I;Pantoea_agglomerans	86.55	357	5600718	48	0	3750753	3751109	4	360	1e-106	 394	plus	0
CP017284.1	GQ381290;cluster_I;Klebsiella_pneumoniae	88.79	321	5600718	34	2	3750863	3751183	13	331	3e-106	 392	plus	0
CP017284.1	FJ347436;cluster_I;Bradyrhizobium_sp._ORS_327	79.33	571	5600718	105	12	3750839	3751404	1	563	3e-106	 392	plus	0
CP017284.1	FJ347418;cluster_I;Bradyrhizobium_sp._ORS_277	79.71	557	5600718	100	12	3750839	3751390	1	549	3e-106	 392	plus	0
CP017284.1	FJ347448;cluster_I;Bradyrhizobium_sp._ORS_377	79.43	559	5600718	106	8	3750839	3751394	1	553	1e-105	 390	plus	0
CP017284.1	FJ347420;cluster_I;Bradyrhizobium_sp._ORS_285	79.33	571	5600718	105	12	3750839	3751404	1	563	1e-105	 390	plus	0
CP017284.1	AY373366;cluster_I;Bacillus_sp._c6	88.07	327	5600718	39	0	3750822	3751148	1	327	4e-105	 388	plus	0
CP017284.1	FJ032022;cluster_I;Klebsiella_sp._AF-4C	89.32	309	5600718	33	0	3750809	3751117	3	311	4e-105	 388	plus	0
CP017284.1	FJ347423;cluster_I;Bradyrhizobium_sp._ORS_297	79.53	557	5600718	101	12	3750839	3751390	1	549	2e-104	 387	plus	0
CP017284.1	EU622788;cluster_I;Allochromatium_minutissimum	82.22	450	5600718	78	2	3750735	3751183	1	449	2e-104	 387	plus	0
CP017284.1	GQ381289;cluster_I;Paenibacillus_sp._SZ002	88.47	321	5600718	34	3	3750863	3751183	10	327	6e-104	 385	plus	0
CP017284.1	FJ347426;cluster_I;Bradyrhizobium_sp._ORS_301	79.17	557	5600718	103	12	3750839	3751390	1	549	6e-104	 385	plus	0
CP017284.1	FJ347421;cluster_I;Bradyrhizobium_sp._ORS_287	79.17	557	5600718	103	12	3750839	3751390	1	549	6e-104	 385	plus	0
CP017284.1	DQ364804;cluster_I;Klebsiella_sp._JT42	87.80	328	5600718	38	2	3750822	3751148	1	327	2e-103	 383	plus	0
CP017284.1	GU001626;cluster_I;Bradyrhizobium_japonicum	78.20	633	5600718	113	22	3750783	3751404	675	57	7e-103	 381	minus	0
CP017284.1	GU001618;cluster_I;Bradyrhizobium_cytisi	77.73	660	5600718	122	22	3750814	3751462	26	671	7e-103	 381	plus	0
CP017284.1	GU001631;cluster_I;Bradyrhizobium_japonicum	78.20	633	5600718	113	22	3750783	3751404	675	57	7e-103	 381	minus	0
CP017284.1	GU001628;cluster_I;Bradyrhizobium_japonicum	78.20	633	5600718	113	22	3750783	3751404	675	57	7e-103	 381	minus	0
CP017284.1	FJ347435;cluster_I;Bradyrhizobium_sp._ORS_324	79.14	556	5600718	105	10	3750839	3751390	1	549	7e-103	 381	plus	0
CP017284.1	FJ347441;cluster_I;Bradyrhizobium_sp._ORS_344	78.82	557	5600718	105	12	3750839	3751390	1	549	7e-103	 381	plus	0
CP017284.1	GU001633;cluster_I;Bradyrhizobium_canariense	77.37	685	5600718	126	26	3750783	3751454	675	7	3e-102	 379	minus	0
CP017284.1	FJ347437;cluster_I;Bradyrhizobium_sp._ORS_328	78.79	561	5600718	106	12	3750839	3751394	1	553	3e-102	 379	plus	0
CP017284.1	FJ347447;cluster_I;Bradyrhizobium_sp._ORS_375	78.64	557	5600718	106	12	3750839	3751390	1	549	1e-101	 377	plus	0
CP017284.1	FJ347425;cluster_I;Bradyrhizobium_sp._ORS_300	78.97	561	5600718	105	12	3750839	3751394	1	553	1e-101	 377	plus	0
CP017284.1	FJ822999;cluster_I;Stenotrophomonas_sp._gx-44	85.36	362	5600718	53	0	3750825	3751186	362	1	3e-101	 375	minus	0
CP017284.1	FJ347451;cluster_I;Bradyrhizobium_sp._ORS_400	78.52	568	5600718	111	10	3750839	3751402	1	561	1e-100	 374	plus	0
CP017284.1	GQ289574;cluster_I/IA;Bradyrhizobium_japonicum	81.25	464	5600718	81	6	3750741	3751201	461	1	2e-99	 370	minus	0
CP017284.1	FJ347419;cluster_I;Bradyrhizobium_sp._ORS_279	78.43	561	5600718	108	12	3750839	3751394	1	553	2e-99	 370	plus	0
CP017284.1	FJ347433;cluster_I;Bradyrhizobium_sp._ORS_310	78.21	560	5600718	111	10	3750839	3751394	1	553	2e-98	 366	plus	0
CP017284.1	EU693339;cluster_I;Bacillus_sp._Z7	83.42	392	5600718	65	0	3750810	3751201	36	427	7e-98	 364	plus	0
CP017284.1	EU693340;cluster_I;Bacillus_sp._Z19	82.57	413	5600718	70	2	3750789	3751201	18	428	3e-97	 363	plus	0
CP017284.1	GU001627;cluster_I;Bradyrhizobium_rifense	77.19	662	5600718	122	25	3750814	3751462	26	671	3e-96	 359	plus	0
CP017284.1	FJ822997;cluster_I;Pseudomonas_sp._gx-127	84.72	360	5600718	53	2	3750825	3751183	362	4	3e-96	 359	minus	0
CP017284.1	AB542356;cluster_I;Azospirillum_sp._TSH2	78.50	572	5600718	106	13	3750840	3751404	1	562	3e-96	 359	plus	0
CP017284.1	EU693338;cluster_I;Azotobacter_chroococcum	82.41	415	5600718	70	3	3750789	3751201	21	434	3e-96	 359	plus	0
CP017284.1	EU693341;cluster_I;Acinetobacter_sp._Z21	83.29	389	5600718	65	0	3750813	3751201	41	429	3e-96	 359	plus	0
CP017284.1	AB542357;cluster_I;Azospirillum_sp._TSH5	78.42	570	5600718	106	13	3750842	3751404	1	560	4e-95	 355	plus	0
CP017284.1	AB542358;cluster_I;Azospirillum_sp._TSH6	78.42	570	5600718	106	13	3750842	3751404	1	560	4e-95	 355	plus	0
CP017284.1	AB542359;cluster_I;Azospirillum_sp._TSH10	78.42	570	5600718	106	13	3750842	3751404	1	560	4e-95	 355	plus	0
CP017284.1	GU001619;cluster_I;Bradyrhizobium_cytisi	77.07	663	5600718	121	26	3750814	3751462	26	671	2e-94	 353	plus	0
CP017284.1	EU693342;cluster_I;Bacillus_sp._Z22	82.35	408	5600718	71	1	3750795	3751201	29	436	2e-94	 353	plus	0
CP017284.1	AB542361;cluster_I;Azospirillum_sp._TSH21	78.17	568	5600718	113	9	3750846	3751409	11	571	6e-94	 351	plus	0
CP017284.1	AB542347;cluster_I;Azospirillum_sp._TSA18	78.17	568	5600718	113	9	3750846	3751409	7	567	6e-94	 351	plus	0
CP017284.1	AB542337;cluster_I;Azospirillum_sp._TSA2s	78.17	568	5600718	113	9	3750846	3751409	5	565	6e-94	 351	plus	0
CP017284.1	AB542344;cluster_I;Azospirillum_sp._TSA15c	78.17	568	5600718	113	9	3750846	3751409	5	565	6e-94	 351	plus	0
CP017284.1	AB542340;cluster_I;Azospirillum_sp._TSA11	78.17	568	5600718	113	9	3750846	3751409	7	567	6e-94	 351	plus	0
CP017284.1	AB542343;cluster_I;Azospirillum_sp._TSA14w	78.17	568	5600718	113	9	3750846	3751409	9	569	6e-94	 351	plus	0
CP017284.1	AB542348;cluster_I;Azospirillum_sp._TSA19	78.11	562	5600718	112	9	3750852	3751409	4	558	3e-92	 346	plus	0
CP017284.1	AB542341;cluster_I;Azospirillum_sp._TSA12	78.11	562	5600718	112	9	3750852	3751409	4	558	3e-92	 346	plus	0
CP017284.1	AB542366;cluster_I;Azospirillum_sp._TSH96	78.19	564	5600718	106	13	3750846	3751402	4	557	1e-91	 344	plus	0
CP017284.1	AB542364;cluster_I;Azospirillum_sp._TSH78	77.89	570	5600718	109	13	3750840	3751402	2	561	5e-90	 339	plus	0
CP017284.1	GQ289580;cluster_I/IA;Bradyrhizobium_japonicum	79.53	464	5600718	89	6	3750741	3751201	461	1	4e-86	 326	minus	0
CP017284.1	FJ822995;cluster_I;Agrobacterium_tumefaciens	83.01	359	5600718	61	0	3750825	3751183	362	4	4e-86	 326	minus	0
CP017284.1	U97116;cluster_I;Azoarcus_communis	80.68	414	5600718	74	5	3750759	3751169	1	411	2e-83	 316	plus	0
CP017284.1	DQ787333;cluster_I;Azospirillum_lipoferum	80.27	441	5600718	70	12	3750750	3751183	16	446	2e-83	 316	plus	0
CP017284.1	DQ787331;cluster_I;Azospirillum_lipoferum	79.69	453	5600718	81	9	3750735	3751183	1	446	2e-83	 316	plus	0
CP017284.1	DQ787334;cluster_I;Azospirillum_lipoferum	80.14	438	5600718	76	9	3750750	3751183	16	446	2e-83	 316	plus	0
CP017284.1	DQ787332;cluster_I;Azospirillum_lipoferum	80.14	438	5600718	76	9	3750750	3751183	16	446	2e-83	 316	plus	0
CP017284.1	FJ687522;cluster_I;Aeromonas_sp._IPPW-33a	82.37	363	5600718	62	2	3750825	3751186	1	362	8e-83	 315	plus	0
CP017284.1	AF484657;cluster_I;Methylobacterium_sp._xct7	79.35	460	5600718	83	10	3750830	3751285	1	452	3e-82	 313	plus	0
CP017284.1	AB079621;cluster_I;Rhodobacter_azotoformans	79.61	456	5600718	76	13	3750735	3751183	13	458	1e-81	 311	plus	0
CP017284.1	EF626686;cluster_I;Azonexus_hydrophilus	82.89	339	5600718	56	2	3750837	3751174	1	338	2e-79	 303	plus	0
CP017284.1	AB161454;cluster_I;Pleomorphomonas_oryzae	79.91	423	5600718	76	6	3750736	3751155	1	417	6e-79	 302	plus	0
CP017284.1	DQ029203;cluster_I;Azonexus_caeni	84.54	304	5600718	43	3	3750870	3751171	6	307	8e-78	 298	plus	0
CP017284.1	EF626684;cluster_I;Azonexus_hydrophilus_DSM_23864	82.60	339	5600718	57	2	3750837	3751174	1	338	8e-78	 298	plus	0
CP017284.1	EF626685;cluster_I;Azonexus_hydrophilus	82.60	339	5600718	57	2	3750837	3751174	1	338	8e-78	 298	plus	0
CP017284.1	V01215;cluster_I;Sinorhizobium_meliloti	77.56	517	5600718	101	15	3750718	3751228	169	676	8e-78	 298	plus	0
CP017284.1	FN813553;cluster_I;Azospirillum_zeae	81.59	364	5600718	60	5	3750825	3751186	1	359	1e-76	 294	plus	0
CP017284.1	FN813552;cluster_I;Azospirillum_zeae	81.59	364	5600718	60	5	3750825	3751186	1	359	1e-76	 294	plus	0
CP017284.1	AB430882;cluster_I;Azotobacter_chroococcum	82.97	323	5600718	53	2	3750845	3751166	1	322	1e-75	 291	plus	0
CP017284.1	FJ687521;cluster_I;Aeromonas_sp._IPPW-29	81.47	367	5600718	55	12	3750825	3751186	1	359	5e-75	 289	plus	0
CP017284.1	FJ687517;cluster_I;Pseudomonas_sp._IPPW-2	81.47	367	5600718	55	12	3750825	3751186	1	359	5e-75	 289	plus	0
CP017284.1	FN813561;cluster_I;Azospirillum_zeae	81.37	365	5600718	59	7	3750825	3751186	1	359	5e-75	 289	plus	0
CP017284.1	AY351672;cluster_I;Azotobacter_chroococcum	82.92	322	5600718	53	2	3750843	3751163	1	321	5e-75	 289	plus	0
CP017284.1	DQ682472;cluster_I;Azospirillum_zeae	81.22	362	5600718	59	7	3750825	3751183	2	357	2e-74	 287	plus	0
CP017284.1	AB079622;cluster_I;Rhodobacter_sp._AP-10	78.41	454	5600718	87	7	3750735	3751184	13	459	6e-74	 285	plus	0
CP017284.1	AY624581;Unclassified;Gluconacetobacter_azotocaptans	75.90	585	5600718	124	16	3751768	3752342	680	1257	2e-73	 283	plus	0
CP017284.1	DQ682471;cluster_I;Azospirillum_zeae	81.34	359	5600718	58	7	3750828	3751183	1	353	2e-73	 283	plus	0
CP017284.1	FJ643446;cluster_I;Sinorhizobium_meliloti	76.07	560	5600718	120	14	3750735	3751288	738	187	3e-72	 279	minus	0
CP017284.1	AB489139;cluster_I;Paenibacillus_abekawaensis	77.66	479	5600718	94	11	3750971	3751444	433	903	3e-72	 279	plus	0
CP017284.1	AY768690;cluster_I;Azonexus_fungiphilus	82.41	324	5600718	51	5	3750843	3751163	1	321	1e-71	 278	plus	0
CP017284.1	EF634041;cluster_I;Rhizobium_gallicum	81.96	327	5600718	58	1	3750831	3751157	326	1	4e-71	 276	minus	0
CP017284.1	GU256453;cluster_I;Azospirillum_zeae	81.34	343	5600718	57	5	3750814	3751154	37	374	5e-70	 272	plus	0
CP017284.1	EF199958;cluster_I;Thioalkalispira_microaerophila	80.34	356	5600718	70	0	3750801	3751156	28	383	2e-69	 270	plus	0
CP017284.1	AB182912;cluster_I;Pleomorphomonas_oryzae	78.97	409	5600718	77	6	3750750	3751155	5	407	2e-69	 270	plus	0
CP017284.1	DQ029204;cluster_I;Azonexus_fungiphilus	83.05	295	5600718	50	0	3750878	3751172	14	308	6e-69	 268	plus	0
CP017284.1	AB185395;cluster_I;Azospirillum_oryzae	79.01	405	5600718	76	7	3750762	3751163	10	408	6e-69	 268	plus	0
CP017284.1	GQ161241;cluster_I;Azospirillum_brasilense	80.44	363	5600718	60	8	3750825	3751183	1	356	2e-68	 267	plus	0
CP017284.1	EU581815;cluster_I;Sinorhizobium_meliloti	77.17	473	5600718	99	8	3750819	3751288	34	500	2e-68	 267	plus	0
CP017284.1	EU379970;cluster_I;Sinorhizobium_meliloti	77.17	473	5600718	99	8	3750819	3751288	40	506	2e-68	 267	plus	0
CP017284.1	EU581816;cluster_I;Sinorhizobium_meliloti	77.17	473	5600718	99	8	3750819	3751288	34	500	2e-68	 267	plus	0
CP017284.1	DQ413016;cluster_I;Sinorhizobium_meliloti	77.17	473	5600718	99	9	3750819	3751288	47	513	2e-68	 267	plus	0
CP017284.1	EU252599;cluster_I;Sinorhizobium_meliloti	77.17	473	5600718	99	9	3750819	3751288	39	505	2e-68	 267	plus	0
CP017284.1	EU386145;cluster_I;Rhizobium_sp._NGR181	79.54	391	5600718	67	10	3750909	3751294	44	426	2e-68	 267	plus	0
CP017284.1	GQ503352;cluster_I;Mesorhizobium_ciceri	78.11	434	5600718	84	11	3750975	3751404	515	89	8e-68	 265	minus	0
CP017284.1	AY934874;cluster_I;Sinorhizobium_sp._CCBAU_33036A	77.05	475	5600718	98	10	3750819	3751289	55	522	3e-67	 263	plus	0
CP017284.1	AB182913;cluster_I;Pleomorphomonas_oryzae	78.89	398	5600718	75	6	3750761	3751155	5	396	1e-66	 261	plus	0
CP017284.1	EF153400;cluster_I;Sinorhizobium_meliloti	78.45	413	5600718	80	9	3750819	3751228	40	446	1e-66	 261	plus	0
CP017284.1	AY934877;cluster_I;Sinorhizobium_sp._CCBAU_53044B	78.45	413	5600718	80	9	3750819	3751228	56	462	1e-66	 261	plus	0
CP017284.1	EU707160;cluster_I;Sinorhizobium_meliloti	78.45	413	5600718	80	9	3750819	3751228	18	424	1e-66	 261	plus	0
CP017284.1	EU252600;cluster_I;Sinorhizobium_sp._CCBAU_83317	78.45	413	5600718	80	9	3750819	3751228	40	446	1e-66	 261	plus	0
CP017284.1	EU418411;cluster_I;Rhizobium_gallicum	78.20	422	5600718	83	9	3750978	3751396	199	614	1e-66	 261	plus	0
CP017284.1	AB079632;cluster_I;Rhodobacter_blasticus_DSM_2131	77.31	454	5600718	90	9	3750735	3751183	13	458	4e-66	 259	plus	0
CP017284.1	AB182911;cluster_I;Pleomorphomonas_oryzae	78.84	397	5600718	75	6	3750761	3751154	4	394	4e-66	 259	plus	0
CP017284.1	EU379969;cluster_I;Sinorhizobium_meliloti	76.51	498	5600718	103	13	3750735	3751228	734	247	4e-66	 259	minus	0
CP017284.1	AB182910;cluster_I;Pleomorphomonas_oryzae	78.61	402	5600718	77	6	3750750	3751148	5	400	1e-65	 257	plus	0
CP017284.1	AJ457920;cluster_I;Sinorhizobium_sp._Rch-9868	78.40	412	5600718	76	12	3750822	3751228	65	468	5e-65	 255	plus	0
CP017284.1	EF070145;cluster_I;Sinorhizobium_meliloti	78.21	413	5600718	81	9	3750819	3751228	9	415	5e-65	 255	plus	0
CP017284.1	EU418418;cluster_I;Sinorhizobium_meliloti	78.21	413	5600718	81	9	3750819	3751228	34	440	5e-65	 255	plus	0
CP017284.1	GU256450;cluster_I;Azospirillum_melinis	80.53	339	5600718	59	5	3750814	3751150	35	368	2e-64	 254	plus	0
CP017284.1	EF158046;cluster_I;Azospira_restricta	83.76	271	5600718	40	3	3750906	3751174	1	269	2e-64	 254	plus	0
CP017284.1	DQ413015;cluster_I;Rhizobium_leguminosarum_bv._viciae	78.91	384	5600718	72	8	3750909	3751289	137	514	6e-64	 252	plus	0
CP017284.1	AJ457919;cluster_I;Sinorhizobium_sp._Rch-9813	78.16	412	5600718	77	12	3750822	3751228	65	468	2e-63	 250	plus	0
CP017284.1	EU418412;cluster_I;Rhizobium_mongolense	77.73	422	5600718	85	9	3750978	3751396	199	614	2e-63	 250	plus	0
CP017284.1	GQ411215;cluster_I;Bacillus_sp._SUND_LM2	87.44	215	5600718	26	1	3750822	3751036	101	314	3e-62	 246	plus	0
CP017284.1	EU770978;cluster_I;Rhizobium_leguminosarum	75.04	561	5600718	125	14	3750735	3751289	1	552	3e-62	 246	plus	0
CP017284.1	EU581817;cluster_I;Sinorhizobium_meliloti	76.32	473	5600718	103	8	3750819	3751288	31	497	1e-61	 244	plus	0
CP017284.1	GU256451;cluster_I;Azospirillum_picis	80.06	341	5600718	57	7	3750814	3751150	37	370	4e-61	 243	plus	0
CP017284.1	AY929545;cluster_I;Rhizobium_sp._USDA_1920	77.86	393	5600718	78	9	3750987	3751376	1	387	6e-59	 235	plus	0
CP017284.1	AY929537;cluster_I;Rhizobium_mongolense	77.86	393	5600718	78	9	3750987	3751376	1	387	6e-59	 235	plus	0
CP017284.1	EU407189;cluster_I;Rhizobium_tibeticum	74.19	585	5600718	142	8	3750816	3751397	26	604	6e-59	 235	plus	0
CP017284.1	AY929538;cluster_I;Rhizobium_mongolense	77.86	393	5600718	78	9	3750987	3751376	1	387	6e-59	 235	plus	0
CP017284.1	AY929541;cluster_I;Rhizobium_yanglingense	77.86	393	5600718	78	9	3750987	3751376	1	387	6e-59	 235	plus	0
CP017284.1	EU770979;cluster_I;Rhizobium_leguminosarum	74.69	561	5600718	127	14	3750735	3751289	1	552	6e-59	 235	plus	0
CP017284.1	AB191042;cluster_I;Heliobacterium_gestii	71.41	1025	5600718	253	36	3751768	3752775	999	2000	2e-58	 233	plus	0
CP017284.1	AB079628;cluster_I;Rhodovulum_strictum	76.43	454	5600718	94	9	3750735	3751183	13	458	2e-58	 233	plus	0
CP017284.1	GQ411209;cluster_I;Bacillus_megaterium	88.48	191	5600718	22	0	3750821	3751011	148	338	8e-58	 231	plus	0
CP017284.1	AB079629;cluster_I;Rhodovulum_strictum	76.26	455	5600718	95	9	3750735	3751184	13	459	3e-57	 230	plus	0
CP017284.1	AY079181;cluster_I;Rhizobium_tropici	76.98	391	5600718	85	4	3751020	3751409	1	387	6e-54	 219	plus	0
CP017284.1	EF620478;cluster_I;Azotobacter_chroococcum	78.93	337	5600718	56	15	3750840	3751166	1	332	8e-53	 215	plus	0
CP017284.1	EU177583;cluster_I;Sinorhizobium_meliloti	74.55	554	5600718	108	26	3750741	3751288	757	231	1e-51	 211	minus	0
CP017284.1	EU697999;cluster_I;Mesorhizobium_temperatum	84.80	204	5600718	29	2	3751083	3751285	31	233	2e-49	 204	plus	0
CP017284.1	AH000924;cluster_I;Rhizobium_sp.	74.79	472	5600718	107	11	3752279	3752744	308	773	6e-49	 202	plus	0
CP017284.1	AH000924;cluster_I;Rhizobium_sp.	85.19	81	5600718	9	3	3753540	3753618	37	116	3e-12	80.5	plus	0
CP017284.1	DQ315787;cluster_I;Anabaena_variabilis_ATCC_29413	72.45	686	5600718	161	23	3750735	3751407	34	704	1e-46	 195	plus	0
CP017284.1	DQ407288;cluster_I;Mesorhizobium_tianshanense	77.34	331	5600718	69	6	3751077	3751404	2	329	1e-45	 191	plus	0
CP017284.1	DQ407287;cluster_I;Mesorhizobium_tianshanense	77.20	329	5600718	68	7	3751080	3751404	4	329	6e-44	 185	plus	0
CP017284.1	DQ407295;cluster_I;Mesorhizobium_ciceri	77.23	325	5600718	68	6	3751083	3751404	1	322	6e-44	 185	plus	0
CP017284.1	AJ968685;cluster_I;Microbacterium_sp._ORS_1418	76.97	343	5600718	66	12	3750834	3751171	1	335	2e-43	 183	plus	0
CP017284.1	AJ968687;cluster_I;Microbacterium_sp._ORS_1417	76.65	334	5600718	67	10	3750834	3751163	3	329	1e-40	 174	plus	0
CP017284.1	AJ968686;cluster_I;Agromyces_sp._ORS_1437	78.73	268	5600718	44	12	3750909	3751171	53	312	2e-38	 167	plus	0
CP017284.1	AVU89346;cluster_I;Anabaena_variabilis_ATCC_29413	71.35	691	5600718	180	16	3750729	3751411	417	1097	3e-37	 163	plus	0
CP017284.1	Z31716;cluster_I;Nostoc_sp._PCC_6720	71.20	691	5600718	181	16	3750729	3751411	554	1234	1e-35	 158	plus	0
CP017284.1	FJ712276;cluster_I;Rhizobium_petrolearium	76.41	301	5600718	64	7	3750819	3751117	36	331	5e-35	 156	plus	0
CP017284.1	DQ364798;cluster_I;Paenibacillus_sp._GJ24	74.55	334	5600718	68	12	3750822	3751148	1	324	3e-27	 130	plus	0
CP017284.1	EF560698;cluster_III;Chlorobaculum_macestae	77.29	229	5600718	44	5	3750962	3751183	222	449	1e-26	 128	plus	0
CP017284.1	DQ364799;cluster_I;Paenibacillus_sp._GA12	75.77	260	5600718	54	6	3750892	3751148	71	324	5e-25	 122	plus	0
CP017284.1	AY373370;cluster_I;Paenibacillus_massiliensis	77.91	172	5600718	35	2	3750977	3751148	138	306	2e-19	 104	plus	0
CP017284.1	NOSGLBN;cluster_I;Nostoc_sp.	77.12	153	5600718	30	5	3750729	3750879	1035	1184	2e-13	84.2	plus	0
CP017284.1	RHMNIFHA;cluster_I;Sinorhizobium_meliloti	92.68	41	5600718	3	0	3750819	3750859	4	44	4e-06	60.2	plus	0
