CP000964.1	V00631;cluster_I;Klebsiella_pneumoniae	88.95	1773	5641239	168	23	1768892	1770651	1803	46	0.0	2163	minus	0
CP000964.1	AY242355;cluster_I;Klebsiella_pneumoniae_342	98.87	883	5641239	8	2	1769523	1770404	882	1	0.0	1574	minus	0
CP000964.1	KPNNIFH;cluster_I;Klebsiella_pneumoniae	91.47	891	5641239	74	2	1769515	1770404	890	1	0.0	1223	minus	0
CP000964.1	X96609;cluster_I;Alcaligenes_faecalis	82.58	867	5641239	145	6	1769535	1770398	1475	612	0.0	 760	minus	0
CP000964.1	AVIMONFE;cluster_I;Azotobacter_chroococcum	82.58	838	5641239	135	8	1769568	1770398	1077	244	0.0	 728	minus	0
CP000964.1	FJ593767;cluster_I;Klebsiella_sp._P0643	99.74	389	5641239	1	0	1769932	1770320	389	1	0.0	 713	minus	0
CP000964.1	FJ593766;cluster_I;Klebsiella_sp._P0640	99.74	389	5641239	1	0	1769932	1770320	389	1	0.0	 713	minus	0
CP000964.1	FJ593765;cluster_I;Klebsiella_sp._P0638	99.74	389	5641239	1	0	1769932	1770320	389	1	0.0	 713	minus	0
CP000964.1	FJ593760;cluster_I;Klebsiella_sp._CRLS064	99.49	389	5641239	2	0	1769932	1770320	389	1	0.0	 708	minus	0
CP000964.1	FJ593763;cluster_I;Klebsiella_sp._CRLI0718a	99.49	389	5641239	2	0	1769932	1770320	389	1	0.0	 708	minus	0
CP000964.1	FJ593756;cluster_I;Klebsiella_sp._CRLI0715	99.49	389	5641239	2	0	1769932	1770320	389	1	0.0	 708	minus	0
CP000964.1	FJ593758;cluster_I;Klebsiella_sp._CRPV0610	99.49	389	5641239	2	0	1769932	1770320	389	1	0.0	 708	minus	0
CP000964.1	FJ593759;cluster_I;Klebsiella_sp._CRLS0617	99.49	389	5641239	2	0	1769932	1770320	389	1	0.0	 708	minus	0
CP000964.1	FJ593764;cluster_I;Klebsiella_sp._CRLI0713	99.49	389	5641239	2	0	1769932	1770320	389	1	0.0	 708	minus	0
CP000964.1	FJ593762;cluster_I;Klebsiella_sp._CRLI0728	99.49	389	5641239	2	0	1769932	1770320	389	1	0.0	 708	minus	0
CP000964.1	FJ593866;cluster_I;Klebsiella_sp._AL060225_04	99.23	389	5641239	3	0	1769932	1770320	389	1	0.0	 702	minus	0
CP000964.1	FJ593865;cluster_I;Klebsiella_sp._AL050511_01	99.23	389	5641239	3	0	1769932	1770320	389	1	0.0	 702	minus	0
CP000964.1	FJ593860;cluster_I;Klebsiella_sp._MNS_801b	99.23	389	5641239	3	0	1769932	1770320	389	1	0.0	 702	minus	0
CP000964.1	FJ593864;cluster_I;Klebsiella_sp._MNFG_802	99.23	389	5641239	3	0	1769932	1770320	389	1	0.0	 702	minus	0
CP000964.1	FJ593861;cluster_I;Klebsiella_sp._MNS_801a	99.23	389	5641239	3	0	1769932	1770320	389	1	0.0	 702	minus	0
CP000964.1	FJ593862;cluster_I;Klebsiella_sp._MNW_801b	99.23	389	5641239	3	0	1769932	1770320	389	1	0.0	 702	minus	0
CP000964.1	FJ593863;cluster_I;Klebsiella_sp._MNFG_801b	99.23	389	5641239	3	0	1769932	1770320	389	1	0.0	 702	minus	0
CP000964.1	FJ593761;cluster_I;Klebsiella_sp._CRLI0730	99.23	389	5641239	3	0	1769932	1770320	389	1	0.0	 702	minus	0
CP000964.1	FJ593757;cluster_I;Klebsiella_sp._CRLS069a	98.71	389	5641239	5	0	1769932	1770320	389	1	0.0	 691	minus	0
CP000964.1	X03916;cluster_I;Azotobacter_chroococcum	81.73	832	5641239	148	4	1769568	1770397	1174	345	0.0	 691	minus	0
CP000964.1	FJ593768;cluster_I;Klebsiella_sp._CRPV0611a	97.94	389	5641239	8	0	1769932	1770320	389	1	0.0	 675	minus	0
CP000964.1	X13519;cluster_I;Azotobacter_vinelandii	81.27	833	5641239	150	5	1769568	1770397	1050	221	0.0	 669	minus	0
CP000964.1	FJ593769;cluster_I;Klebsiella_sp._P0646	97.43	389	5641239	10	0	1769932	1770320	389	1	0.0	 664	minus	0
CP000964.1	AY846276;cluster_I;Klebsiella_pneumoniae	96.16	391	5641239	14	1	1769998	1770387	10	400	4e-180	 638	plus	0
CP000964.1	FJ822998;cluster_I;Klebsiella_sp._gx-3	97.77	359	5641239	8	0	1769932	1770290	4	362	1e-174	 619	plus	0
CP000964.1	AY367392;cluster_I;Klebsiella_variicola	99.70	336	5641239	1	0	1769955	1770290	337	2	2e-173	 616	minus	0
CP000964.1	FJ822994;cluster_I;Sinorhizobium_sp._gx-153	98.29	350	5641239	6	0	1769932	1770281	4	353	7e-173	 614	plus	0
CP000964.1	EU938522;cluster_I;Burkholderia_sp._gx97	97.49	359	5641239	9	0	1769932	1770290	359	1	7e-173	 614	minus	0
CP000964.1	AB189641;cluster_I;Halorhodospira_halophila	80.47	804	5641239	151	6	1769583	1770383	1031	231	9e-172	 610	minus	0
CP000964.1	AY367393;cluster_I;Klebsiella_variicola	98.81	336	5641239	4	0	1769932	1770267	336	1	2e-168	 599	minus	0
CP000964.1	AY367395;cluster_I;Klebsiella_variicola	98.81	336	5641239	4	0	1769932	1770267	336	1	2e-168	 599	minus	0
CP000964.1	AY367394;cluster_I;Klebsiella_variicola	98.50	333	5641239	5	0	1769958	1770290	334	2	4e-165	 588	minus	0
CP000964.1	DQ364801;cluster_I;Klebsiella_sp._BM92	98.44	320	5641239	5	0	1769974	1770293	320	1	7e-158	 564	minus	0
CP000964.1	KSU32183;cluster_I;Klebsiella_sp.	95.58	339	5641239	14	1	1770016	1770353	339	1	1e-155	 556	minus	0
CP000964.1	DQ821722;cluster_I;Sphingomonas_sp._Y49	97.52	322	5641239	8	0	1769949	1770270	322	1	5e-154	 551	minus	0
CP000964.1	AB270756;cluster_I;Klebsiella_pneumoniae	97.81	319	5641239	7	0	1769973	1770291	360	42	5e-154	 551	minus	0
CP000964.1	FJ593867;cluster_I;Klebsiella_sp._AL060224_03	91.77	389	5641239	32	0	1769932	1770320	389	1	3e-151	 542	minus	0
CP000964.1	AJ563286;cluster_I;Dechloromonas_sp._SIUL	81.52	671	5641239	112	10	1769647	1770311	677	13	3e-151	 542	minus	0
CP000964.1	DQ821723;cluster_I;Klebsiella_sp._Y57	96.89	322	5641239	10	0	1769949	1770270	322	1	1e-150	 540	minus	0
CP000964.1	AF031817;cluster_I;Rhodobacter_sphaeroides	77.49	822	5641239	157	21	1769580	1770387	1090	283	6e-129	 468	minus	0
CP000964.1	GQ381287;cluster_I;Klebsiella_sp._SZ7-2	90.25	359	5641239	32	2	1769932	1770290	356	1	2e-128	 466	minus	0
CP000964.1	AB542353;cluster_I;Azospirillum_sp._TSA36t	79.61	623	5641239	116	9	1769683	1770301	638	23	2e-119	 436	minus	0
CP000964.1	FJ593868;cluster_I;Enterobacter_sp._MTP_050512_17	86.63	389	5641239	52	0	1769932	1770320	389	1	7e-118	 431	minus	0
CP000964.1	AY221827;cluster_I;Klebsiella_oxytoca_KCTC_1686	90.21	327	5641239	32	0	1769946	1770272	327	1	9e-117	 427	minus	0
CP000964.1	EF199951;cluster_I;Halorhodospira_halophila	83.74	449	5641239	73	0	1769932	1770380	449	1	3e-116	 425	minus	0
CP000964.1	EU622783;cluster_I;Thiocapsa_bogorovii	84.51	426	5641239	64	2	1769932	1770356	449	25	2e-114	 420	minus	0
CP000964.1	AY373368;cluster_I;Paenibacillus_sp._g2	89.60	327	5641239	34	0	1769967	1770293	327	1	2e-113	 416	minus	0
CP000964.1	X63352;cluster_I;Rhodobacter_capsulatus	76.13	842	5641239	174	20	1769569	1770395	2132	1303	2e-113	 416	minus	0
CP000964.1	AY367396;cluster_I;Raoultella_terrigena	89.16	332	5641239	36	0	1769959	1770290	332	1	7e-113	 414	minus	0
CP000964.1	AB542360;cluster_I;Azospirillum_sp._TSH19	79.97	574	5641239	104	10	1769706	1770275	568	2	3e-112	 412	minus	0
CP000964.1	AB542367;cluster_I;Azospirillum_sp._TSH100	79.93	573	5641239	104	10	1769706	1770274	566	1	1e-111	 411	minus	0
CP000964.1	AY373369;cluster_I;Bacillus_cereus	89.30	327	5641239	35	0	1769967	1770293	331	5	1e-111	 411	minus	0
CP000964.1	X07866;cluster_I;Rhodobacter_capsulatus_SB_1003	76.01	842	5641239	175	20	1769569	1770395	934	105	1e-111	 411	minus	0
CP000964.1	FJ593777;cluster_I;Pantoea_sp._CRLI0725a	85.60	389	5641239	56	0	1769932	1770320	389	1	3e-111	 409	minus	0
CP000964.1	FJ593779;cluster_I;Pantoea_sp._A0305	85.60	389	5641239	56	0	1769932	1770320	389	1	3e-111	 409	minus	0
CP000964.1	FJ593780;cluster_I;Pantoea_sp._P0352	85.60	389	5641239	56	0	1769932	1770320	389	1	3e-111	 409	minus	0
CP000964.1	FJ593778;cluster_I;Pantoea_sp._P0359	85.60	389	5641239	56	0	1769932	1770320	389	1	3e-111	 409	minus	0
CP000964.1	AB542349;cluster_I;Azospirillum_sp._TSA20c	78.81	623	5641239	121	9	1769683	1770301	644	29	3e-111	 409	minus	0
CP000964.1	AB542346;cluster_I;Azospirillum_sp._TSA16	78.81	623	5641239	121	9	1769683	1770301	623	8	3e-111	 409	minus	0
CP000964.1	FJ347438;cluster_I;Bradyrhizobium_sp._ORS_330	80.25	557	5641239	97	12	1769725	1770276	549	1	1e-110	 407	minus	0
CP000964.1	AB542338;cluster_I;Azospirillum_sp._TSA6c	78.78	622	5641239	121	9	1769684	1770301	643	29	1e-110	 407	minus	0
CP000964.1	FJ347445;cluster_I;Bradyrhizobium_sp._ORS_361	79.64	560	5641239	103	10	1769721	1770276	553	1	4e-110	 405	minus	0
CP000964.1	FJ347430;cluster_I;Bradyrhizobium_sp._ORS_307	79.71	557	5641239	100	12	1769725	1770276	549	1	4e-110	 405	minus	0
CP000964.1	AY373371;cluster_I;Bacillus_sp._w5	88.99	327	5641239	36	0	1769967	1770293	327	1	4e-110	 405	minus	0
CP000964.1	GQ381290;cluster_I;Klebsiella_pneumoniae	89.41	321	5641239	32	2	1769932	1770252	331	13	2e-109	 403	minus	0
CP000964.1	FJ347446;cluster_I;Bradyrhizobium_sp._ORS_372	79.89	557	5641239	99	12	1769725	1770276	549	1	2e-109	 403	minus	0
CP000964.1	FJ347449;cluster_I;Bradyrhizobium_sp._ORS_391	79.96	559	5641239	103	8	1769721	1770276	553	1	2e-109	 403	minus	0
CP000964.1	FJ347434;cluster_I;Bradyrhizobium_sp._ORS_318	79.68	556	5641239	102	10	1769725	1770276	549	1	2e-109	 403	minus	0
CP000964.1	FJ347439;cluster_I;Bradyrhizobium_sp._ORS_331	79.96	559	5641239	103	8	1769721	1770276	553	1	2e-109	 403	minus	0
CP000964.1	FJ347422;cluster_I;Bradyrhizobium_sp._ORS_294	79.68	556	5641239	102	10	1769725	1770276	549	1	2e-109	 403	minus	0
CP000964.1	FJ347424;cluster_I;Bradyrhizobium_sp._ORS_298	79.30	570	5641239	107	10	1769711	1770276	563	1	2e-109	 403	minus	0
CP000964.1	FJ347443;cluster_I;Bradyrhizobium_sp._ORS_356	79.46	560	5641239	104	10	1769721	1770276	553	1	6e-109	 401	minus	0
CP000964.1	HM047125;cluster_I;Bradyrhizobium_denitrificans	79.12	594	5641239	115	8	1769711	1770301	619	32	6e-109	 401	minus	0
CP000964.1	EF200511;cluster_I;Klebsiella_sp._TT001	90.46	304	5641239	29	0	1769957	1770260	304	1	6e-109	 401	minus	0
CP000964.1	EF200510;cluster_I;Klebsiella_sp._NTI31	90.46	304	5641239	29	0	1769957	1770260	304	1	6e-109	 401	minus	0
CP000964.1	FJ347427;cluster_I;Bradyrhizobium_sp._ORS_303	79.46	560	5641239	104	10	1769721	1770276	553	1	2e-108	 399	minus	0
CP000964.1	FJ347436;cluster_I;Bradyrhizobium_sp._ORS_327	79.51	571	5641239	104	12	1769711	1770276	563	1	7e-108	 398	minus	0
CP000964.1	FJ347418;cluster_I;Bradyrhizobium_sp._ORS_277	79.89	557	5641239	99	12	1769725	1770276	549	1	7e-108	 398	minus	0
CP000964.1	AY373365;cluster_I;Bacillus_megaterium	89.06	320	5641239	35	0	1769974	1770293	320	1	7e-108	 398	minus	0
CP000964.1	GQ381289;cluster_I;Paenibacillus_sp._SZ002	89.10	321	5641239	32	3	1769932	1770252	327	10	3e-107	 396	minus	0
CP000964.1	FJ347448;cluster_I;Bradyrhizobium_sp._ORS_377	79.61	559	5641239	105	8	1769721	1770276	553	1	3e-107	 396	minus	0
CP000964.1	FJ347420;cluster_I;Bradyrhizobium_sp._ORS_285	79.51	571	5641239	104	12	1769711	1770276	563	1	3e-107	 396	minus	0
CP000964.1	FJ347423;cluster_I;Bradyrhizobium_sp._ORS_297	79.71	557	5641239	100	12	1769725	1770276	549	1	1e-106	 394	minus	0
CP000964.1	AF545637;cluster_I;Pantoea_agglomerans	86.55	357	5641239	48	0	1770006	1770362	360	4	1e-106	 394	minus	0
CP000964.1	FJ032021;cluster_I;Klebsiella_sp._BN-4A	89.64	309	5641239	32	0	1769998	1770306	309	1	1e-106	 394	minus	0
CP000964.1	FJ347426;cluster_I;Bradyrhizobium_sp._ORS_301	79.35	557	5641239	102	12	1769725	1770276	549	1	1e-105	 390	minus	0
CP000964.1	FJ347421;cluster_I;Bradyrhizobium_sp._ORS_287	79.35	557	5641239	102	12	1769725	1770276	549	1	1e-105	 390	minus	0
CP000964.1	AY373366;cluster_I;Bacillus_sp._c6	88.07	327	5641239	39	0	1769967	1770293	327	1	4e-105	 388	minus	0
CP000964.1	FJ822999;cluster_I;Stenotrophomonas_sp._gx-44	85.95	363	5641239	49	2	1769929	1770290	1	362	2e-104	 387	plus	0
CP000964.1	FJ347435;cluster_I;Bradyrhizobium_sp._ORS_324	79.32	556	5641239	104	10	1769725	1770276	549	1	2e-104	 387	minus	0
CP000964.1	FJ347441;cluster_I;Bradyrhizobium_sp._ORS_344	78.99	557	5641239	104	12	1769725	1770276	549	1	2e-104	 387	minus	0
CP000964.1	EU622788;cluster_I;Allochromatium_minutissimum	82.22	450	5641239	78	2	1769932	1770380	449	1	2e-104	 387	minus	0
CP000964.1	FJ347437;cluster_I;Bradyrhizobium_sp._ORS_328	78.97	561	5641239	105	12	1769721	1770276	553	1	6e-104	 385	minus	0
CP000964.1	FJ347447;cluster_I;Bradyrhizobium_sp._ORS_375	78.82	557	5641239	105	12	1769725	1770276	549	1	2e-103	 383	minus	0
CP000964.1	FJ347425;cluster_I;Bradyrhizobium_sp._ORS_300	79.14	561	5641239	104	12	1769721	1770276	553	1	2e-103	 383	minus	0
CP000964.1	DQ364804;cluster_I;Klebsiella_sp._JT42	87.80	328	5641239	38	2	1769967	1770293	327	1	2e-103	 383	minus	0
CP000964.1	FJ032022;cluster_I;Klebsiella_sp._AF-4C	89.00	309	5641239	34	0	1769998	1770306	311	3	2e-103	 383	minus	0
CP000964.1	GU001626;cluster_I;Bradyrhizobium_japonicum	78.20	633	5641239	113	22	1769711	1770332	57	675	7e-103	 381	plus	0
CP000964.1	GU001631;cluster_I;Bradyrhizobium_japonicum	78.20	633	5641239	113	22	1769711	1770332	57	675	7e-103	 381	plus	0
CP000964.1	GU001628;cluster_I;Bradyrhizobium_japonicum	78.20	633	5641239	113	22	1769711	1770332	57	675	7e-103	 381	plus	0
CP000964.1	GU001618;cluster_I;Bradyrhizobium_cytisi	78.63	599	5641239	109	17	1769711	1770301	613	26	3e-102	 379	minus	0
CP000964.1	FJ347451;cluster_I;Bradyrhizobium_sp._ORS_400	78.70	568	5641239	110	10	1769713	1770276	561	1	3e-102	 379	minus	0
CP000964.1	GQ289574;cluster_I/IA;Bradyrhizobium_japonicum	81.47	464	5641239	80	6	1769914	1770374	1	461	3e-101	 375	plus	0
CP000964.1	FJ347419;cluster_I;Bradyrhizobium_sp._ORS_279	78.61	561	5641239	107	12	1769721	1770276	553	1	3e-101	 375	minus	0
CP000964.1	EU693339;cluster_I;Bacillus_sp._Z7	83.93	392	5641239	63	0	1769914	1770305	427	36	3e-101	 375	minus	0
CP000964.1	EU693340;cluster_I;Bacillus_sp._Z19	83.05	413	5641239	68	2	1769914	1770326	428	18	1e-100	 374	minus	0
CP000964.1	FJ347433;cluster_I;Bradyrhizobium_sp._ORS_310	78.39	560	5641239	110	10	1769721	1770276	553	1	4e-100	 372	minus	0
CP000964.1	GU001633;cluster_I;Bradyrhizobium_canariense	77.88	633	5641239	115	22	1769711	1770332	57	675	2e-99	 370	plus	0
CP000964.1	AB542356;cluster_I;Azospirillum_sp._TSH2	78.81	571	5641239	106	11	1769711	1770275	562	1	2e-99	 370	minus	0
CP000964.1	EU693338;cluster_I;Azotobacter_chroococcum	82.89	415	5641239	68	3	1769914	1770326	434	21	2e-99	 370	minus	0
CP000964.1	EU693341;cluster_I;Acinetobacter_sp._Z21	83.80	389	5641239	63	0	1769914	1770302	429	41	2e-99	 370	minus	0
CP000964.1	AB542357;cluster_I;Azospirillum_sp._TSH5	78.73	569	5641239	106	11	1769711	1770273	560	1	2e-98	 366	minus	0
CP000964.1	AB542358;cluster_I;Azospirillum_sp._TSH6	78.73	569	5641239	106	11	1769711	1770273	560	1	2e-98	 366	minus	0
CP000964.1	AB542359;cluster_I;Azospirillum_sp._TSH10	78.73	569	5641239	106	11	1769711	1770273	560	1	2e-98	 366	minus	0
CP000964.1	AB542337;cluster_I;Azospirillum_sp._TSA2s	78.17	591	5641239	118	9	1769683	1770269	588	5	2e-98	 366	minus	0
CP000964.1	EU693342;cluster_I;Bacillus_sp._Z22	82.84	408	5641239	69	1	1769914	1770320	436	29	8e-98	 364	minus	0
CP000964.1	AB542361;cluster_I;Azospirillum_sp._TSH21	78.52	568	5641239	111	9	1769706	1770269	571	11	3e-97	 363	minus	0
CP000964.1	AB542347;cluster_I;Azospirillum_sp._TSA18	78.52	568	5641239	111	9	1769706	1770269	567	7	3e-97	 363	minus	0
CP000964.1	AB542344;cluster_I;Azospirillum_sp._TSA15c	78.52	568	5641239	111	9	1769706	1770269	565	5	3e-97	 363	minus	0
CP000964.1	AB542340;cluster_I;Azospirillum_sp._TSA11	78.52	568	5641239	111	9	1769706	1770269	567	7	3e-97	 363	minus	0
CP000964.1	AB542343;cluster_I;Azospirillum_sp._TSA14w	78.52	568	5641239	111	9	1769706	1770269	569	9	3e-97	 363	minus	0
CP000964.1	FJ822997;cluster_I;Pseudomonas_sp._gx-127	84.68	359	5641239	55	0	1769932	1770290	4	362	3e-96	 359	plus	0
CP000964.1	GU001627;cluster_I;Bradyrhizobium_rifense	78.04	601	5641239	109	20	1769711	1770301	613	26	1e-95	 357	minus	0
CP000964.1	AB542348;cluster_I;Azospirillum_sp._TSA19	78.47	562	5641239	110	9	1769706	1770263	558	4	1e-95	 357	minus	0
CP000964.1	AB542341;cluster_I;Azospirillum_sp._TSA12	78.47	562	5641239	110	9	1769706	1770263	558	4	1e-95	 357	minus	0
CP000964.1	AB542366;cluster_I;Azospirillum_sp._TSH96	78.51	563	5641239	106	11	1769713	1770269	557	4	5e-95	 355	minus	0
CP000964.1	GU001619;cluster_I;Bradyrhizobium_cytisi	77.87	601	5641239	110	20	1769711	1770301	613	26	6e-94	 351	minus	0
CP000964.1	AB542364;cluster_I;Azospirillum_sp._TSH78	78.21	569	5641239	109	11	1769713	1770275	561	2	2e-93	 350	minus	0
CP000964.1	DQ821718;cluster_I;Enterobacter_sp._Y4	85.76	323	5641239	44	2	1769949	1770270	322	1	1e-90	 340	minus	0
CP000964.1	FJ822995;cluster_I;Agrobacterium_tumefaciens	83.57	359	5641239	59	0	1769932	1770290	4	362	2e-89	 337	plus	0
CP000964.1	GQ289580;cluster_I/IA;Bradyrhizobium_japonicum	79.74	464	5641239	88	6	1769914	1770374	1	461	8e-88	 331	plus	0
CP000964.1	DQ821725;cluster_I;Micrococcus_sp._Y70	84.83	323	5641239	47	2	1769949	1770270	322	1	1e-85	 324	minus	0
CP000964.1	AF484657;cluster_I;Methylobacterium_sp._xct7	79.78	460	5641239	81	11	1769830	1770285	452	1	1e-85	 324	minus	0
CP000964.1	U97116;cluster_I;Azoarcus_communis	80.92	414	5641239	73	5	1769946	1770356	411	1	5e-85	 322	minus	0
CP000964.1	DQ787333;cluster_I;Azospirillum_lipoferum	80.50	441	5641239	69	12	1769932	1770365	446	16	5e-85	 322	minus	0
CP000964.1	DQ787331;cluster_I;Azospirillum_lipoferum	79.91	453	5641239	80	9	1769932	1770380	446	1	5e-85	 322	minus	0
CP000964.1	DQ787334;cluster_I;Azospirillum_lipoferum	80.37	438	5641239	75	9	1769932	1770365	446	16	5e-85	 322	minus	0
CP000964.1	DQ787332;cluster_I;Azospirillum_lipoferum	80.37	438	5641239	75	9	1769932	1770365	446	16	5e-85	 322	minus	0
CP000964.1	DQ821719;cluster_I;Enterobacter_sp._Y11	84.52	323	5641239	48	2	1769949	1770270	322	1	6e-84	 318	minus	0
CP000964.1	AB161454;cluster_I;Pleomorphomonas_oryzae	80.61	423	5641239	73	5	1769960	1770379	417	1	6e-84	 318	minus	0
CP000964.1	AB079621;cluster_I;Rhodobacter_azotoformans	79.82	456	5641239	75	13	1769932	1770380	458	13	2e-83	 316	minus	0
CP000964.1	FJ687522;cluster_I;Aeromonas_sp._IPPW-33a	82.37	363	5641239	62	2	1769929	1770290	362	1	8e-83	 315	minus	0
CP000964.1	EF626686;cluster_I;Azonexus_hydrophilus	83.19	339	5641239	55	2	1769941	1770278	338	1	4e-81	 309	minus	0
CP000964.1	DQ029203;cluster_I;Azonexus_caeni	84.87	304	5641239	42	3	1769944	1770245	307	6	2e-79	 303	minus	0
CP000964.1	EF626684;cluster_I;Azonexus_hydrophilus_DSM_23864	82.89	339	5641239	56	2	1769941	1770278	338	1	2e-79	 303	minus	0
CP000964.1	EF626685;cluster_I;Azonexus_hydrophilus	82.89	339	5641239	56	2	1769941	1770278	338	1	2e-79	 303	minus	0
CP000964.1	FN813553;cluster_I;Azospirillum_zeae	81.87	364	5641239	59	5	1769929	1770290	359	1	2e-78	 300	minus	0
CP000964.1	FN813552;cluster_I;Azospirillum_zeae	81.87	364	5641239	59	5	1769929	1770290	359	1	2e-78	 300	minus	0
CP000964.1	V01215;cluster_I;Sinorhizobium_meliloti	76.43	577	5641239	121	14	1769827	1770397	736	169	8e-78	 298	minus	0
CP000964.1	GU256446;cluster_I;Azospirillum_canadense	81.22	378	5641239	62	5	1769952	1770326	375	4	3e-77	 296	minus	0
CP000964.1	FN813561;cluster_I;Azospirillum_zeae	81.64	365	5641239	58	7	1769929	1770290	359	1	1e-76	 294	minus	0
CP000964.1	AY351672;cluster_I;Azotobacter_chroococcum	83.18	321	5641239	54	0	1769952	1770272	321	1	1e-76	 294	minus	0
CP000964.1	DQ682472;cluster_I;Azospirillum_zeae	81.49	362	5641239	58	7	1769932	1770290	357	2	4e-76	 292	minus	0
CP000964.1	AB489139;cluster_I;Paenibacillus_abekawaensis	78.08	479	5641239	92	11	1769671	1770144	903	433	1e-75	 291	minus	0
CP000964.1	AB430882;cluster_I;Azotobacter_chroococcum	82.92	322	5641239	55	0	1769949	1770270	322	1	1e-75	 291	minus	0
CP000964.1	DQ682471;cluster_I;Azospirillum_zeae	81.62	359	5641239	57	7	1769932	1770287	353	1	5e-75	 289	minus	0
CP000964.1	EF634041;cluster_I;Rhizobium_gallicum	82.57	327	5641239	56	1	1769958	1770284	1	326	2e-74	 287	plus	0
CP000964.1	FJ643446;cluster_I;Sinorhizobium_meliloti	76.25	560	5641239	119	13	1769827	1770380	187	738	6e-74	 285	plus	0
CP000964.1	AB079622;cluster_I;Rhodobacter_sp._AP-10	78.41	454	5641239	87	7	1769931	1770380	459	13	6e-74	 285	minus	0
CP000964.1	FJ687521;cluster_I;Aeromonas_sp._IPPW-29	81.20	367	5641239	56	11	1769929	1770290	359	1	2e-73	 283	minus	0
CP000964.1	FJ687517;cluster_I;Pseudomonas_sp._IPPW-2	81.20	367	5641239	56	11	1769929	1770290	359	1	2e-73	 283	minus	0
CP000964.1	AY768690;cluster_I;Azonexus_fungiphilus	82.72	324	5641239	50	5	1769952	1770272	321	1	2e-73	 283	minus	0
CP000964.1	AB182912;cluster_I;Pleomorphomonas_oryzae	79.46	409	5641239	75	5	1769960	1770365	407	5	8e-73	 281	minus	0
CP000964.1	GU256453;cluster_I;Azospirillum_zeae	81.63	343	5641239	56	5	1769961	1770301	374	37	1e-71	 278	minus	0
CP000964.1	GQ503352;cluster_I;Mesorhizobium_ciceri	78.57	434	5641239	82	11	1769711	1770140	89	515	4e-71	 276	plus	0
CP000964.1	DQ029204;cluster_I;Azonexus_fungiphilus	83.39	295	5641239	49	0	1769943	1770237	308	14	1e-70	 274	minus	0
CP000964.1	AB185395;cluster_I;Azospirillum_oryzae	79.26	405	5641239	75	7	1769952	1770353	408	10	1e-70	 274	minus	0
CP000964.1	GQ161241;cluster_I;Azospirillum_brasilense	80.72	363	5641239	59	8	1769932	1770290	356	1	5e-70	 272	minus	0
CP000964.1	DQ393890;cluster_I;Azospirillum_canadense	81.20	351	5641239	55	7	1769932	1770278	5	348	5e-70	 272	plus	0
CP000964.1	AB182913;cluster_I;Pleomorphomonas_oryzae	79.40	398	5641239	73	5	1769960	1770354	396	5	5e-70	 272	minus	0
CP000964.1	EU379970;cluster_I;Sinorhizobium_meliloti	74.84	620	5641239	147	8	1769680	1770296	653	40	5e-70	 272	minus	0
CP000964.1	EU581816;cluster_I;Sinorhizobium_meliloti	74.84	620	5641239	147	8	1769680	1770296	647	34	5e-70	 272	minus	0
CP000964.1	DQ413016;cluster_I;Sinorhizobium_meliloti	77.38	473	5641239	98	8	1769827	1770296	513	47	5e-70	 272	minus	0
CP000964.1	EU252599;cluster_I;Sinorhizobium_meliloti	77.38	473	5641239	98	8	1769827	1770296	505	39	5e-70	 272	minus	0
CP000964.1	EU386145;cluster_I;Rhizobium_sp._NGR181	79.80	391	5641239	66	11	1769821	1770206	426	44	5e-70	 272	minus	0
CP000964.1	AB182911;cluster_I;Pleomorphomonas_oryzae	79.35	397	5641239	73	5	1769961	1770354	394	4	2e-69	 270	minus	0
CP000964.1	AB182910;cluster_I;Pleomorphomonas_oryzae	79.10	402	5641239	75	5	1769967	1770365	400	5	6e-69	 268	minus	0
CP000964.1	AY934874;cluster_I;Sinorhizobium_sp._CCBAU_33036A	77.26	475	5641239	97	10	1769826	1770296	522	55	6e-69	 268	minus	0
CP000964.1	EU581815;cluster_I;Sinorhizobium_meliloti	77.17	473	5641239	99	8	1769827	1770296	500	34	2e-68	 267	minus	0
CP000964.1	AJ457920;cluster_I;Sinorhizobium_sp._Rch-9868	77.38	473	5641239	92	14	1769827	1770293	528	65	2e-68	 267	minus	0
CP000964.1	EU418411;cluster_I;Rhizobium_gallicum	78.44	422	5641239	82	9	1769719	1770137	614	199	2e-68	 267	minus	0
CP000964.1	EF199958;cluster_I;Thioalkalispira_microaerophila	80.06	356	5641239	71	0	1769959	1770314	383	28	8e-68	 265	minus	0
CP000964.1	AB079632;cluster_I;Rhodobacter_blasticus_DSM_2131	77.53	454	5641239	89	10	1769932	1770380	458	13	8e-68	 265	minus	0
CP000964.1	EU379969;cluster_I;Sinorhizobium_meliloti	73.76	705	5641239	168	15	1769680	1770380	43	734	1e-66	 261	plus	0
CP000964.1	AJ457919;cluster_I;Sinorhizobium_sp._Rch-9813	77.17	473	5641239	93	14	1769827	1770293	528	65	1e-66	 261	minus	0
CP000964.1	EF153400;cluster_I;Sinorhizobium_meliloti	76.96	473	5641239	100	8	1769827	1770296	506	40	1e-66	 261	minus	0
CP000964.1	AY934877;cluster_I;Sinorhizobium_sp._CCBAU_53044B	76.96	473	5641239	100	8	1769827	1770296	522	56	1e-66	 261	minus	0
CP000964.1	EU707160;cluster_I;Sinorhizobium_meliloti	76.96	473	5641239	100	8	1769827	1770296	484	18	1e-66	 261	minus	0
CP000964.1	EU252600;cluster_I;Sinorhizobium_sp._CCBAU_83317	76.96	473	5641239	100	8	1769827	1770296	506	40	1e-66	 261	minus	0
CP000964.1	GU256450;cluster_I;Azospirillum_melinis	80.83	339	5641239	58	5	1769965	1770301	368	35	4e-66	 259	minus	0
CP000964.1	EU407189;cluster_I;Rhizobium_tibeticum	74.18	643	5641239	155	10	1769661	1770299	661	26	1e-65	 257	minus	0
CP000964.1	DQ413015;cluster_I;Rhizobium_leguminosarum_bv._viciae	79.17	384	5641239	71	8	1769826	1770206	514	137	1e-65	 257	minus	0
CP000964.1	EU418418;cluster_I;Sinorhizobium_meliloti	76.74	473	5641239	101	8	1769827	1770296	500	34	5e-65	 255	minus	0
CP000964.1	EU418412;cluster_I;Rhizobium_mongolense	77.96	422	5641239	84	9	1769719	1770137	614	199	5e-65	 255	minus	0
CP000964.1	EF158046;cluster_I;Azospira_restricta	83.76	271	5641239	40	3	1769941	1770209	269	1	2e-64	 254	minus	0
CP000964.1	EF070145;cluster_I;Sinorhizobium_meliloti	78.02	414	5641239	82	8	1769886	1770296	416	9	6e-64	 252	minus	0
CP000964.1	EU770978;cluster_I;Rhizobium_leguminosarum	75.22	561	5641239	124	14	1769826	1770380	552	1	6e-64	 252	minus	0
CP000964.1	EU581817;cluster_I;Sinorhizobium_meliloti	74.19	620	5641239	151	8	1769680	1770296	644	31	2e-63	 250	minus	0
CP000964.1	GU256451;cluster_I;Azospirillum_picis	80.35	341	5641239	56	7	1769965	1770301	370	37	8e-63	 248	minus	0
CP000964.1	GQ411215;cluster_I;Bacillus_sp._SUND_LM2	87.44	215	5641239	26	1	1770079	1770293	314	101	3e-62	 246	minus	0
CP000964.1	AY929545;cluster_I;Rhizobium_sp._USDA_1920	78.12	393	5641239	77	9	1769739	1770128	387	1	1e-60	 241	minus	0
CP000964.1	AY929537;cluster_I;Rhizobium_mongolense	78.12	393	5641239	77	9	1769739	1770128	387	1	1e-60	 241	minus	0
CP000964.1	AY929538;cluster_I;Rhizobium_mongolense	78.12	393	5641239	77	9	1769739	1770128	387	1	1e-60	 241	minus	0
CP000964.1	AY929541;cluster_I;Rhizobium_yanglingense	78.12	393	5641239	77	9	1769739	1770128	387	1	1e-60	 241	minus	0
CP000964.1	EU770979;cluster_I;Rhizobium_leguminosarum	74.87	561	5641239	126	14	1769826	1770380	552	1	1e-60	 241	minus	0
CP000964.1	AB079628;cluster_I;Rhodovulum_strictum	76.65	454	5641239	93	9	1769932	1770380	458	13	5e-60	 239	minus	0
CP000964.1	AB079629;cluster_I;Rhodovulum_strictum	76.48	455	5641239	94	9	1769931	1770380	459	13	6e-59	 235	minus	0
CP000964.1	ADAF001432;cluster_I;Gluconacetobacter_diazotrophicus	80.84	308	5641239	50	5	1769986	1770290	302	1	2e-58	 233	minus	0
CP000964.1	GQ411209;cluster_I;Bacillus_megaterium	88.48	191	5641239	22	0	1770104	1770294	338	148	8e-58	 231	minus	0
CP000964.1	AY079181;cluster_I;Rhizobium_tropici	77.49	391	5641239	83	5	1769706	1770095	387	1	3e-57	 230	minus	0
CP000964.1	EF620478;cluster_I;Azotobacter_chroococcum	79.53	337	5641239	54	15	1769949	1770275	332	1	4e-56	 226	minus	0
CP000964.1	AB191042;cluster_I;Heliobacterium_gestii	71.22	1025	5641239	255	36	1768340	1769347	2000	999	5e-55	 222	minus	0
CP000964.1	EU177583;cluster_I;Sinorhizobium_meliloti	74.73	554	5641239	107	26	1769827	1770374	231	757	2e-53	 217	plus	0
CP000964.1	EU697999;cluster_I;Mesorhizobium_temperatum	85.78	204	5641239	27	2	1769830	1770032	233	31	8e-53	 215	minus	0
CP000964.1	DQ315787;cluster_I;Anabaena_variabilis_ATCC_29413	72.89	686	5641239	158	23	1769708	1770380	704	34	1e-51	 211	minus	0
CP000964.1	DQ407288;cluster_I;Mesorhizobium_tianshanense	77.95	331	5641239	67	6	1769711	1770038	329	2	6e-49	 202	minus	0
CP000964.1	DQ407287;cluster_I;Mesorhizobium_tianshanense	77.81	329	5641239	66	7	1769711	1770035	329	4	3e-47	 196	minus	0
CP000964.1	DQ407295;cluster_I;Mesorhizobium_ciceri	77.85	325	5641239	66	6	1769711	1770032	322	1	3e-47	 196	minus	0
CP000964.1	AH000924;cluster_I;Rhizobium_sp.	74.58	472	5641239	108	11	1768371	1768836	773	308	3e-47	 196	minus	0
CP000964.1	AH000924;cluster_I;Rhizobium_sp.	86.42	81	5641239	8	3	1767497	1767575	116	37	7e-14	86.1	minus	0
CP000964.1	GQ289582;cluster_III;Bradyrhizobium_japonicum	82.08	240	5641239	29	10	1769914	1770143	1	236	4e-46	 193	plus	0
CP000964.1	AJ968685;cluster_I;Microbacterium_sp._ORS_1418	76.97	343	5641239	66	12	1769944	1770281	335	1	2e-43	 183	minus	0
CP000964.1	GQ289573;cluster_III;Bradyrhizobium_japonicum	80.33	244	5641239	38	6	1769914	1770149	1	242	4e-41	 176	plus	0
CP000964.1	AVU89346;cluster_I;Anabaena_variabilis_ATCC_29413	71.64	691	5641239	178	16	1769704	1770386	1097	417	1e-40	 174	minus	0
CP000964.1	AJ968687;cluster_I;Microbacterium_sp._ORS_1417	76.65	334	5641239	67	10	1769952	1770281	329	3	1e-40	 174	minus	0
CP000964.1	Z31716;cluster_I;Nostoc_sp._PCC_6720	71.49	691	5641239	179	16	1769704	1770386	1234	554	6e-39	 169	minus	0
CP000964.1	AJ968686;cluster_I;Agromyces_sp._ORS_1437	78.73	268	5641239	44	12	1769944	1770206	312	53	2e-38	 167	minus	0
CP000964.1	FJ712276;cluster_I;Rhizobium_petrolearium	76.41	301	5641239	64	6	1769998	1770296	331	36	5e-35	 156	minus	0
CP000964.1	DQ364798;cluster_I;Paenibacillus_sp._GJ24	74.85	334	5641239	67	12	1769967	1770293	324	1	6e-29	 135	minus	0
CP000964.1	EF560698;cluster_III;Chlorobaculum_macestae	77.29	229	5641239	44	5	1769932	1770153	449	222	1e-26	 128	minus	0
CP000964.1	DQ364799;cluster_I;Paenibacillus_sp._GA12	76.15	260	5641239	53	6	1769967	1770223	324	71	1e-26	 128	minus	0
CP000964.1	AY373370;cluster_I;Paenibacillus_massiliensis	77.33	172	5641239	36	2	1769967	1770138	306	138	8e-18	99.0	minus	0
CP000964.1	NOSGLBN;cluster_I;Nostoc_sp.	77.12	153	5641239	30	5	1770236	1770386	1184	1035	2e-13	84.2	minus	0
CP000964.1	RHMNIFHA;cluster_I;Sinorhizobium_meliloti	92.68	41	5641239	3	0	1770256	1770296	44	4	4e-06	60.2	minus	0
