LR130538.1	V00631;cluster_I;Klebsiella_pneumoniae	88.61	1773	5445132	174	24	1726582	1728341	1803	46	0.0	2130	minus	0
LR130538.1	AY242355;cluster_I;Klebsiella_pneumoniae_342	97.96	883	5445132	16	2	1727213	1728094	882	1	0.0	1530	minus	0
LR130538.1	KPNNIFH;cluster_I;Klebsiella_pneumoniae	90.91	891	5445132	79	2	1727205	1728094	890	1	0.0	1195	minus	0
LR130538.1	X96609;cluster_I;Alcaligenes_faecalis	82.35	867	5445132	147	6	1727225	1728088	1475	612	0.0	 749	minus	0
LR130538.1	FJ593866;cluster_I;Klebsiella_sp._AL060225_04	100.00	389	5445132	0	0	1727622	1728010	389	1	0.0	 719	minus	0
LR130538.1	FJ593865;cluster_I;Klebsiella_sp._AL050511_01	100.00	389	5445132	0	0	1727622	1728010	389	1	0.0	 719	minus	0
LR130538.1	FJ593756;cluster_I;Klebsiella_sp._CRLI0715	99.74	389	5445132	1	0	1727622	1728010	389	1	0.0	 713	minus	0
LR130538.1	FJ593767;cluster_I;Klebsiella_sp._P0643	99.49	389	5445132	2	0	1727622	1728010	389	1	0.0	 708	minus	0
LR130538.1	FJ593766;cluster_I;Klebsiella_sp._P0640	99.49	389	5445132	2	0	1727622	1728010	389	1	0.0	 708	minus	0
LR130538.1	FJ593765;cluster_I;Klebsiella_sp._P0638	99.49	389	5445132	2	0	1727622	1728010	389	1	0.0	 708	minus	0
LR130538.1	FJ593757;cluster_I;Klebsiella_sp._CRLS069a	99.49	389	5445132	2	0	1727622	1728010	389	1	0.0	 708	minus	0
LR130538.1	AVIMONFE;cluster_I;Azotobacter_chroococcum	82.12	839	5445132	137	10	1727258	1728088	1077	244	0.0	 706	minus	0
LR130538.1	FJ593860;cluster_I;Klebsiella_sp._MNS_801b	99.23	389	5445132	3	0	1727622	1728010	389	1	0.0	 702	minus	0
LR130538.1	FJ593864;cluster_I;Klebsiella_sp._MNFG_802	99.23	389	5445132	3	0	1727622	1728010	389	1	0.0	 702	minus	0
LR130538.1	FJ593861;cluster_I;Klebsiella_sp._MNS_801a	99.23	389	5445132	3	0	1727622	1728010	389	1	0.0	 702	minus	0
LR130538.1	FJ593862;cluster_I;Klebsiella_sp._MNW_801b	99.23	389	5445132	3	0	1727622	1728010	389	1	0.0	 702	minus	0
LR130538.1	FJ593863;cluster_I;Klebsiella_sp._MNFG_801b	99.23	389	5445132	3	0	1727622	1728010	389	1	0.0	 702	minus	0
LR130538.1	FJ593760;cluster_I;Klebsiella_sp._CRLS064	99.23	389	5445132	3	0	1727622	1728010	389	1	0.0	 702	minus	0
LR130538.1	FJ593763;cluster_I;Klebsiella_sp._CRLI0718a	99.23	389	5445132	3	0	1727622	1728010	389	1	0.0	 702	minus	0
LR130538.1	FJ593758;cluster_I;Klebsiella_sp._CRPV0610	99.23	389	5445132	3	0	1727622	1728010	389	1	0.0	 702	minus	0
LR130538.1	FJ593759;cluster_I;Klebsiella_sp._CRLS0617	99.23	389	5445132	3	0	1727622	1728010	389	1	0.0	 702	minus	0
LR130538.1	FJ593764;cluster_I;Klebsiella_sp._CRLI0713	99.23	389	5445132	3	0	1727622	1728010	389	1	0.0	 702	minus	0
LR130538.1	FJ593762;cluster_I;Klebsiella_sp._CRLI0728	98.71	389	5445132	5	0	1727622	1728010	389	1	0.0	 691	minus	0
LR130538.1	FJ593761;cluster_I;Klebsiella_sp._CRLI0730	98.46	389	5445132	6	0	1727622	1728010	389	1	0.0	 686	minus	0
LR130538.1	X03916;cluster_I;Azotobacter_chroococcum	81.53	834	5445132	146	8	1727258	1728087	1174	345	0.0	 680	minus	0
LR130538.1	FJ593768;cluster_I;Klebsiella_sp._CRPV0611a	97.17	389	5445132	11	0	1727622	1728010	389	1	0.0	 658	minus	0
LR130538.1	X13519;cluster_I;Azotobacter_vinelandii	81.08	835	5445132	148	9	1727258	1728087	1050	221	0.0	 658	minus	0
LR130538.1	FJ593769;cluster_I;Klebsiella_sp._P0646	96.92	389	5445132	12	0	1727622	1728010	389	1	0.0	 652	minus	0
LR130538.1	AY846276;cluster_I;Klebsiella_pneumoniae	95.65	391	5445132	16	1	1727688	1728077	10	400	8e-177	 627	plus	0
LR130538.1	FJ822998;cluster_I;Klebsiella_sp._gx-3	98.05	359	5445132	7	0	1727622	1727980	4	362	3e-176	 625	plus	0
LR130538.1	FJ822994;cluster_I;Sinorhizobium_sp._gx-153	98.57	350	5445132	5	0	1727622	1727971	4	353	1e-174	 619	plus	0
LR130538.1	AY367395;cluster_I;Klebsiella_variicola	99.70	336	5445132	1	0	1727622	1727957	336	1	2e-173	 616	minus	0
LR130538.1	EU938522;cluster_I;Burkholderia_sp._gx97	97.49	359	5445132	9	0	1727622	1727980	359	1	7e-173	 614	minus	0
LR130538.1	AY367394;cluster_I;Klebsiella_variicola	99.40	333	5445132	2	0	1727648	1727980	334	2	4e-170	 604	minus	0
LR130538.1	AY367392;cluster_I;Klebsiella_variicola	98.81	336	5445132	4	0	1727645	1727980	337	2	2e-168	 599	minus	0
LR130538.1	AY367393;cluster_I;Klebsiella_variicola	98.51	336	5445132	5	0	1727622	1727957	336	1	9e-167	 593	minus	0
LR130538.1	AB189641;cluster_I;Halorhodospira_halophila	79.85	804	5445132	156	6	1727273	1728073	1031	231	2e-163	 582	minus	0
LR130538.1	AB270756;cluster_I;Klebsiella_pneumoniae	98.75	319	5445132	4	0	1727663	1727981	360	42	5e-159	 568	minus	0
LR130538.1	DQ364801;cluster_I;Klebsiella_sp._BM92	98.12	320	5445132	6	0	1727664	1727983	320	1	3e-156	 558	minus	0
LR130538.1	KSU32183;cluster_I;Klebsiella_sp.	94.99	339	5445132	16	1	1727706	1728043	339	1	2e-152	 545	minus	0
LR130538.1	FJ593867;cluster_I;Klebsiella_sp._AL060224_03	91.77	389	5445132	32	0	1727622	1728010	389	1	3e-151	 542	minus	0
LR130538.1	DQ821722;cluster_I;Sphingomonas_sp._Y49	96.58	322	5445132	11	0	1727639	1727960	322	1	5e-149	 534	minus	0
LR130538.1	AJ563286;cluster_I;Dechloromonas_sp._SIUL	81.07	671	5445132	115	10	1727337	1728001	677	13	3e-146	 525	minus	0
LR130538.1	DQ821723;cluster_I;Klebsiella_sp._Y57	95.96	322	5445132	13	0	1727639	1727960	322	1	1e-145	 523	minus	0
LR130538.1	AF031817;cluster_I;Rhodobacter_sphaeroides	77.49	822	5445132	157	21	1727270	1728077	1090	283	5e-129	 468	minus	0
LR130538.1	GQ381287;cluster_I;Klebsiella_sp._SZ7-2	89.69	359	5445132	34	2	1727622	1727980	356	1	4e-125	 455	minus	0
LR130538.1	AB542353;cluster_I;Azospirillum_sp._TSA36t	80.00	600	5445132	109	9	1727396	1727991	615	23	2e-118	 433	minus	0
LR130538.1	AY221827;cluster_I;Klebsiella_oxytoca_KCTC_1686	90.21	327	5445132	32	0	1727636	1727962	327	1	9e-117	 427	minus	0
LR130538.1	FJ593868;cluster_I;Enterobacter_sp._MTP_050512_17	86.38	389	5445132	53	0	1727622	1728010	389	1	3e-116	 425	minus	0
LR130538.1	EF199951;cluster_I;Halorhodospira_halophila	83.52	449	5445132	74	0	1727622	1728070	449	1	2e-114	 420	minus	0
LR130538.1	EU622783;cluster_I;Thiocapsa_bogorovii	84.51	426	5445132	64	2	1727622	1728046	449	25	2e-114	 420	minus	0
LR130538.1	AY373368;cluster_I;Paenibacillus_sp._g2	89.60	327	5445132	34	0	1727657	1727983	327	1	2e-113	 416	minus	0
LR130538.1	X63352;cluster_I;Rhodobacter_capsulatus	76.13	842	5445132	174	20	1727259	1728085	2132	1303	2e-113	 416	minus	0
LR130538.1	AY367396;cluster_I;Raoultella_terrigena	89.16	332	5445132	36	0	1727649	1727980	332	1	7e-113	 414	minus	0
LR130538.1	AB542360;cluster_I;Azospirillum_sp._TSH19	79.97	574	5445132	104	10	1727396	1727965	568	2	3e-112	 412	minus	0
LR130538.1	AB542367;cluster_I;Azospirillum_sp._TSH100	79.93	573	5445132	104	10	1727396	1727964	566	1	9e-112	 411	minus	0
LR130538.1	AY373369;cluster_I;Bacillus_cereus	89.30	327	5445132	35	0	1727657	1727983	331	5	9e-112	 411	minus	0
LR130538.1	X07866;cluster_I;Rhodobacter_capsulatus_SB_1003	76.01	842	5445132	175	20	1727259	1728085	934	105	9e-112	 411	minus	0
LR130538.1	FJ347449;cluster_I;Bradyrhizobium_sp._ORS_391	80.14	559	5445132	102	8	1727411	1727966	553	1	3e-111	 409	minus	0
LR130538.1	FJ347439;cluster_I;Bradyrhizobium_sp._ORS_331	80.14	559	5445132	102	8	1727411	1727966	553	1	3e-111	 409	minus	0
LR130538.1	FJ347438;cluster_I;Bradyrhizobium_sp._ORS_330	80.25	557	5445132	97	12	1727415	1727966	549	1	1e-110	 407	minus	0
LR130538.1	FJ347445;cluster_I;Bradyrhizobium_sp._ORS_361	79.64	560	5445132	103	10	1727411	1727966	553	1	4e-110	 405	minus	0
LR130538.1	FJ347430;cluster_I;Bradyrhizobium_sp._ORS_307	79.71	557	5445132	100	12	1727415	1727966	549	1	4e-110	 405	minus	0
LR130538.1	AB542349;cluster_I;Azospirillum_sp._TSA20c	79.17	600	5445132	114	9	1727396	1727991	621	29	4e-110	 405	minus	0
LR130538.1	AB542346;cluster_I;Azospirillum_sp._TSA16	79.17	600	5445132	114	9	1727396	1727991	600	8	4e-110	 405	minus	0
LR130538.1	AB542338;cluster_I;Azospirillum_sp._TSA6c	79.17	600	5445132	114	9	1727396	1727991	621	29	4e-110	 405	minus	0
LR130538.1	AY373371;cluster_I;Bacillus_sp._w5	88.99	327	5445132	36	0	1727657	1727983	327	1	4e-110	 405	minus	0
LR130538.1	FJ347446;cluster_I;Bradyrhizobium_sp._ORS_372	79.89	557	5445132	99	12	1727415	1727966	549	1	2e-109	 403	minus	0
LR130538.1	FJ347434;cluster_I;Bradyrhizobium_sp._ORS_318	79.68	556	5445132	102	10	1727415	1727966	549	1	2e-109	 403	minus	0
LR130538.1	FJ347422;cluster_I;Bradyrhizobium_sp._ORS_294	79.68	556	5445132	102	10	1727415	1727966	549	1	2e-109	 403	minus	0
LR130538.1	FJ347424;cluster_I;Bradyrhizobium_sp._ORS_298	79.30	570	5445132	107	10	1727401	1727966	563	1	2e-109	 403	minus	0
LR130538.1	FJ347448;cluster_I;Bradyrhizobium_sp._ORS_377	79.79	559	5445132	104	8	1727411	1727966	553	1	6e-109	 401	minus	0
LR130538.1	FJ347443;cluster_I;Bradyrhizobium_sp._ORS_356	79.46	560	5445132	104	10	1727411	1727966	553	1	6e-109	 401	minus	0
LR130538.1	HM047125;cluster_I;Bradyrhizobium_denitrificans	79.12	594	5445132	115	8	1727401	1727991	619	32	6e-109	 401	minus	0
LR130538.1	EF200511;cluster_I;Klebsiella_sp._TT001	90.46	304	5445132	29	0	1727647	1727950	304	1	6e-109	 401	minus	0
LR130538.1	EF200510;cluster_I;Klebsiella_sp._NTI31	90.46	304	5445132	29	0	1727647	1727950	304	1	6e-109	 401	minus	0
LR130538.1	FJ347427;cluster_I;Bradyrhizobium_sp._ORS_303	79.46	560	5445132	104	10	1727411	1727966	553	1	2e-108	 399	minus	0
LR130538.1	FJ032021;cluster_I;Klebsiella_sp._BN-4A	89.97	309	5445132	31	0	1727688	1727996	309	1	2e-108	 399	minus	0
LR130538.1	FJ593777;cluster_I;Pantoea_sp._CRLI0725a	85.09	389	5445132	58	0	1727622	1728010	389	1	7e-108	 398	minus	0
LR130538.1	FJ593779;cluster_I;Pantoea_sp._A0305	85.09	389	5445132	58	0	1727622	1728010	389	1	7e-108	 398	minus	0
LR130538.1	FJ593780;cluster_I;Pantoea_sp._P0352	85.09	389	5445132	58	0	1727622	1728010	389	1	7e-108	 398	minus	0
LR130538.1	FJ593778;cluster_I;Pantoea_sp._P0359	85.09	389	5445132	58	0	1727622	1728010	389	1	7e-108	 398	minus	0
LR130538.1	FJ347436;cluster_I;Bradyrhizobium_sp._ORS_327	79.51	571	5445132	104	12	1727401	1727966	563	1	7e-108	 398	minus	0
LR130538.1	FJ347418;cluster_I;Bradyrhizobium_sp._ORS_277	79.89	557	5445132	99	12	1727415	1727966	549	1	7e-108	 398	minus	0
LR130538.1	AY373365;cluster_I;Bacillus_megaterium	89.06	320	5445132	35	0	1727664	1727983	320	1	7e-108	 398	minus	0
LR130538.1	FJ347420;cluster_I;Bradyrhizobium_sp._ORS_285	79.51	571	5445132	104	12	1727401	1727966	563	1	3e-107	 396	minus	0
LR130538.1	AF545637;cluster_I;Pantoea_agglomerans	86.55	357	5445132	48	0	1727696	1728052	360	4	9e-107	 394	minus	0
LR130538.1	GQ381290;cluster_I;Klebsiella_pneumoniae	88.79	321	5445132	34	2	1727622	1727942	331	13	3e-106	 392	minus	0
LR130538.1	FJ347423;cluster_I;Bradyrhizobium_sp._ORS_297	79.71	557	5445132	100	12	1727415	1727966	549	1	3e-106	 392	minus	0
LR130538.1	FJ347426;cluster_I;Bradyrhizobium_sp._ORS_301	79.35	557	5445132	102	12	1727415	1727966	549	1	1e-105	 390	minus	0
LR130538.1	FJ347421;cluster_I;Bradyrhizobium_sp._ORS_287	79.35	557	5445132	102	12	1727415	1727966	549	1	1e-105	 390	minus	0
LR130538.1	AY373366;cluster_I;Bacillus_sp._c6	88.07	327	5445132	39	0	1727657	1727983	327	1	4e-105	 388	minus	0
LR130538.1	FJ032022;cluster_I;Klebsiella_sp._AF-4C	89.32	309	5445132	33	0	1727688	1727996	311	3	4e-105	 388	minus	0
LR130538.1	GU001626;cluster_I;Bradyrhizobium_japonicum	78.36	633	5445132	112	22	1727401	1728022	57	675	2e-104	 387	plus	0
LR130538.1	GU001618;cluster_I;Bradyrhizobium_cytisi	77.88	660	5445132	121	22	1727343	1727991	671	26	2e-104	 387	minus	0
LR130538.1	GU001631;cluster_I;Bradyrhizobium_japonicum	78.36	633	5445132	112	22	1727401	1728022	57	675	2e-104	 387	plus	0
LR130538.1	GU001628;cluster_I;Bradyrhizobium_japonicum	78.36	633	5445132	112	22	1727401	1728022	57	675	2e-104	 387	plus	0
LR130538.1	FJ347435;cluster_I;Bradyrhizobium_sp._ORS_324	79.32	556	5445132	104	10	1727415	1727966	549	1	2e-104	 387	minus	0
LR130538.1	FJ347441;cluster_I;Bradyrhizobium_sp._ORS_344	78.99	557	5445132	104	12	1727415	1727966	549	1	2e-104	 387	minus	0
LR130538.1	EU622788;cluster_I;Allochromatium_minutissimum	82.22	450	5445132	78	2	1727622	1728070	449	1	2e-104	 387	minus	0
LR130538.1	GU001633;cluster_I;Bradyrhizobium_canariense	77.52	685	5445132	125	26	1727351	1728022	7	675	6e-104	 385	plus	0
LR130538.1	GQ381289;cluster_I;Paenibacillus_sp._SZ002	88.47	321	5445132	34	3	1727622	1727942	327	10	6e-104	 385	minus	0
LR130538.1	FJ347437;cluster_I;Bradyrhizobium_sp._ORS_328	78.97	561	5445132	105	12	1727411	1727966	553	1	6e-104	 385	minus	0
LR130538.1	FJ347447;cluster_I;Bradyrhizobium_sp._ORS_375	78.82	557	5445132	105	12	1727415	1727966	549	1	2e-103	 383	minus	0
LR130538.1	FJ347425;cluster_I;Bradyrhizobium_sp._ORS_300	79.14	561	5445132	104	12	1727411	1727966	553	1	2e-103	 383	minus	0
LR130538.1	DQ364804;cluster_I;Klebsiella_sp._JT42	87.80	328	5445132	38	2	1727657	1727983	327	1	2e-103	 383	minus	0
LR130538.1	FJ347451;cluster_I;Bradyrhizobium_sp._ORS_400	78.70	568	5445132	110	10	1727403	1727966	561	1	3e-102	 379	minus	0
LR130538.1	FJ822999;cluster_I;Stenotrophomonas_sp._gx-44	85.36	362	5445132	53	0	1727619	1727980	1	362	3e-101	 375	plus	0
LR130538.1	FJ347419;cluster_I;Bradyrhizobium_sp._ORS_279	78.61	561	5445132	107	12	1727411	1727966	553	1	3e-101	 375	minus	0
LR130538.1	FJ347433;cluster_I;Bradyrhizobium_sp._ORS_310	78.39	560	5445132	110	10	1727411	1727966	553	1	4e-100	 372	minus	0
LR130538.1	GQ289574;cluster_I/IA;Bradyrhizobium_japonicum	81.25	464	5445132	81	6	1727604	1728064	1	461	2e-99	 370	plus	0
LR130538.1	AB542356;cluster_I;Azospirillum_sp._TSH2	78.85	572	5445132	104	13	1727401	1727965	562	1	2e-99	 370	minus	0
LR130538.1	AB542357;cluster_I;Azospirillum_sp._TSH5	78.77	570	5445132	104	13	1727401	1727963	560	1	2e-98	 366	minus	0
LR130538.1	AB542358;cluster_I;Azospirillum_sp._TSH6	78.77	570	5445132	104	13	1727401	1727963	560	1	2e-98	 366	minus	0
LR130538.1	AB542359;cluster_I;Azospirillum_sp._TSH10	78.77	570	5445132	104	13	1727401	1727963	560	1	2e-98	 366	minus	0
LR130538.1	GU001627;cluster_I;Bradyrhizobium_rifense	77.34	662	5445132	121	25	1727343	1727991	671	26	7e-98	 364	minus	0
LR130538.1	EU693339;cluster_I;Bacillus_sp._Z7	83.42	392	5445132	65	0	1727604	1727995	427	36	7e-98	 364	minus	0
LR130538.1	AB542361;cluster_I;Azospirillum_sp._TSH21	78.52	568	5445132	111	9	1727396	1727959	571	11	3e-97	 363	minus	0
LR130538.1	AB542347;cluster_I;Azospirillum_sp._TSA18	78.52	568	5445132	111	9	1727396	1727959	567	7	3e-97	 363	minus	0
LR130538.1	AB542337;cluster_I;Azospirillum_sp._TSA2s	78.52	568	5445132	111	9	1727396	1727959	565	5	3e-97	 363	minus	0
LR130538.1	AB542344;cluster_I;Azospirillum_sp._TSA15c	78.52	568	5445132	111	9	1727396	1727959	565	5	3e-97	 363	minus	0
LR130538.1	AB542340;cluster_I;Azospirillum_sp._TSA11	78.52	568	5445132	111	9	1727396	1727959	567	7	3e-97	 363	minus	0
LR130538.1	AB542343;cluster_I;Azospirillum_sp._TSA14w	78.52	568	5445132	111	9	1727396	1727959	569	9	3e-97	 363	minus	0
LR130538.1	EU693340;cluster_I;Bacillus_sp._Z19	82.57	413	5445132	70	2	1727604	1728016	428	18	3e-97	 363	minus	0
LR130538.1	GU001619;cluster_I;Bradyrhizobium_cytisi	77.22	663	5445132	120	26	1727343	1727991	671	26	3e-96	 359	minus	0
LR130538.1	FJ822997;cluster_I;Pseudomonas_sp._gx-127	84.72	360	5445132	53	2	1727622	1727980	4	362	3e-96	 359	plus	0
LR130538.1	EU693338;cluster_I;Azotobacter_chroococcum	82.41	415	5445132	70	3	1727604	1728016	434	21	3e-96	 359	minus	0
LR130538.1	EU693341;cluster_I;Acinetobacter_sp._Z21	83.29	389	5445132	65	0	1727604	1727992	429	41	3e-96	 359	minus	0
LR130538.1	AB542348;cluster_I;Azospirillum_sp._TSA19	78.47	562	5445132	110	9	1727396	1727953	558	4	1e-95	 357	minus	0
LR130538.1	AB542341;cluster_I;Azospirillum_sp._TSA12	78.47	562	5445132	110	9	1727396	1727953	558	4	1e-95	 357	minus	0
LR130538.1	AB542366;cluster_I;Azospirillum_sp._TSH96	78.55	564	5445132	104	13	1727403	1727959	557	4	4e-95	 355	minus	0
LR130538.1	EU693342;cluster_I;Bacillus_sp._Z22	82.35	408	5445132	71	1	1727604	1728010	436	29	2e-94	 353	minus	0
LR130538.1	AB542364;cluster_I;Azospirillum_sp._TSH78	78.25	570	5445132	107	13	1727403	1727965	561	2	2e-93	 350	minus	0
LR130538.1	GQ289580;cluster_I/IA;Bradyrhizobium_japonicum	79.53	464	5445132	89	6	1727604	1728064	1	461	3e-86	 326	plus	0
LR130538.1	FJ822995;cluster_I;Agrobacterium_tumefaciens	83.01	359	5445132	61	0	1727622	1727980	4	362	3e-86	 326	plus	0
LR130538.1	AF484657;cluster_I;Methylobacterium_sp._xct7	79.78	460	5445132	81	10	1727520	1727975	452	1	1e-85	 324	minus	0
LR130538.1	U97116;cluster_I;Azoarcus_communis	80.68	414	5445132	74	5	1727636	1728046	411	1	2e-83	 316	minus	0
LR130538.1	DQ787333;cluster_I;Azospirillum_lipoferum	80.27	441	5445132	70	12	1727622	1728055	446	16	2e-83	 316	minus	0
LR130538.1	DQ787331;cluster_I;Azospirillum_lipoferum	79.69	453	5445132	81	9	1727622	1728070	446	1	2e-83	 316	minus	0
LR130538.1	DQ787334;cluster_I;Azospirillum_lipoferum	80.14	438	5445132	76	9	1727622	1728055	446	16	2e-83	 316	minus	0
LR130538.1	DQ787332;cluster_I;Azospirillum_lipoferum	80.14	438	5445132	76	9	1727622	1728055	446	16	2e-83	 316	minus	0
LR130538.1	FJ687522;cluster_I;Aeromonas_sp._IPPW-33a	82.37	363	5445132	62	2	1727619	1727980	362	1	7e-83	 315	minus	0
LR130538.1	AB079621;cluster_I;Rhodobacter_azotoformans	79.61	456	5445132	76	13	1727622	1728070	458	13	1e-81	 311	minus	0
LR130538.1	V01215;cluster_I;Sinorhizobium_meliloti	76.78	577	5445132	119	15	1727517	1728087	736	169	3e-81	 309	minus	0
LR130538.1	EF626686;cluster_I;Azonexus_hydrophilus	82.89	339	5445132	56	2	1727631	1727968	338	1	2e-79	 303	minus	0
LR130538.1	AB161454;cluster_I;Pleomorphomonas_oryzae	79.91	423	5445132	76	6	1727650	1728069	417	1	6e-79	 302	minus	0
LR130538.1	DQ029203;cluster_I;Azonexus_caeni	84.54	304	5445132	43	3	1727634	1727935	307	6	7e-78	 298	minus	0
LR130538.1	EF626684;cluster_I;Azonexus_hydrophilus_DSM_23864	82.60	339	5445132	57	2	1727631	1727968	338	1	7e-78	 298	minus	0
LR130538.1	EF626685;cluster_I;Azonexus_hydrophilus	82.60	339	5445132	57	2	1727631	1727968	338	1	7e-78	 298	minus	0
LR130538.1	FN813553;cluster_I;Azospirillum_zeae	81.59	364	5445132	60	5	1727619	1727980	359	1	1e-76	 294	minus	0
LR130538.1	FN813552;cluster_I;Azospirillum_zeae	81.59	364	5445132	60	5	1727619	1727980	359	1	1e-76	 294	minus	0
LR130538.1	FJ643446;cluster_I;Sinorhizobium_meliloti	76.43	560	5445132	118	14	1727517	1728070	187	738	1e-75	 291	plus	0
LR130538.1	AB430882;cluster_I;Azotobacter_chroococcum	82.97	323	5445132	53	2	1727639	1727960	322	1	1e-75	 291	minus	0
LR130538.1	FJ687521;cluster_I;Aeromonas_sp._IPPW-29	81.47	367	5445132	55	12	1727619	1727980	359	1	4e-75	 289	minus	0
LR130538.1	FJ687517;cluster_I;Pseudomonas_sp._IPPW-2	81.47	367	5445132	55	12	1727619	1727980	359	1	4e-75	 289	minus	0
LR130538.1	FN813561;cluster_I;Azospirillum_zeae	81.37	365	5445132	59	7	1727619	1727980	359	1	4e-75	 289	minus	0
LR130538.1	AY351672;cluster_I;Azotobacter_chroococcum	82.92	322	5445132	53	2	1727642	1727962	321	1	4e-75	 289	minus	0
LR130538.1	DQ682472;cluster_I;Azospirillum_zeae	81.22	362	5445132	59	7	1727622	1727980	357	2	2e-74	 287	minus	0
LR130538.1	AB489139;cluster_I;Paenibacillus_abekawaensis	77.87	479	5445132	93	11	1727361	1727834	903	433	6e-74	 285	minus	0
LR130538.1	AB079622;cluster_I;Rhodobacter_sp._AP-10	78.41	454	5445132	87	7	1727621	1728070	459	13	6e-74	 285	minus	0
LR130538.1	AY624581;Unclassified;Gluconacetobacter_azotocaptans	75.90	585	5445132	124	16	1726463	1727037	1257	680	2e-73	 283	minus	0
LR130538.1	DQ682471;cluster_I;Azospirillum_zeae	81.34	359	5445132	58	7	1727622	1727977	353	1	2e-73	 283	minus	0
LR130538.1	AY768690;cluster_I;Azonexus_fungiphilus	82.41	324	5445132	51	5	1727642	1727962	321	1	1e-71	 278	minus	0
LR130538.1	EU581815;cluster_I;Sinorhizobium_meliloti	77.59	473	5445132	97	8	1727517	1727986	500	34	1e-71	 278	minus	0
LR130538.1	EU379970;cluster_I;Sinorhizobium_meliloti	77.59	473	5445132	97	8	1727517	1727986	506	40	1e-71	 278	minus	0
LR130538.1	EU581816;cluster_I;Sinorhizobium_meliloti	77.59	473	5445132	97	8	1727517	1727986	500	34	1e-71	 278	minus	0
LR130538.1	DQ413016;cluster_I;Sinorhizobium_meliloti	77.59	473	5445132	97	9	1727517	1727986	513	47	1e-71	 278	minus	0
LR130538.1	EU252599;cluster_I;Sinorhizobium_meliloti	77.59	473	5445132	97	9	1727517	1727986	505	39	1e-71	 278	minus	0
LR130538.1	GQ503352;cluster_I;Mesorhizobium_ciceri	78.57	434	5445132	82	11	1727401	1727830	89	515	3e-71	 276	plus	0
LR130538.1	EF634041;cluster_I;Rhizobium_gallicum	81.96	327	5445132	58	1	1727648	1727974	1	326	3e-71	 276	plus	0
LR130538.1	AY934874;cluster_I;Sinorhizobium_sp._CCBAU_33036A	77.47	475	5445132	96	10	1727516	1727986	522	55	1e-70	 274	minus	0
LR130538.1	GU256453;cluster_I;Azospirillum_zeae	81.34	343	5445132	57	5	1727651	1727991	374	37	5e-70	 272	minus	0
LR130538.1	EF153400;cluster_I;Sinorhizobium_meliloti	77.38	473	5445132	98	9	1727517	1727986	506	40	5e-70	 272	minus	0
LR130538.1	AY934877;cluster_I;Sinorhizobium_sp._CCBAU_53044B	77.38	473	5445132	98	9	1727517	1727986	522	56	5e-70	 272	minus	0
LR130538.1	EU707160;cluster_I;Sinorhizobium_meliloti	77.38	473	5445132	98	9	1727517	1727986	484	18	5e-70	 272	minus	0
LR130538.1	EU252600;cluster_I;Sinorhizobium_sp._CCBAU_83317	77.38	473	5445132	98	9	1727517	1727986	506	40	5e-70	 272	minus	0
LR130538.1	EU418411;cluster_I;Rhizobium_gallicum	78.67	422	5445132	81	9	1727409	1727827	614	199	5e-70	 272	minus	0
LR130538.1	EF199958;cluster_I;Thioalkalispira_microaerophila	80.34	356	5445132	70	0	1727649	1728004	383	28	2e-69	 270	minus	0
LR130538.1	AB182912;cluster_I;Pleomorphomonas_oryzae	78.97	409	5445132	77	6	1727650	1728055	407	5	2e-69	 270	minus	0
LR130538.1	DQ029204;cluster_I;Azonexus_fungiphilus	83.05	295	5445132	50	0	1727633	1727927	308	14	6e-69	 268	minus	0
LR130538.1	AB185395;cluster_I;Azospirillum_oryzae	79.01	405	5445132	76	7	1727642	1728043	408	10	6e-69	 268	minus	0
LR130538.1	GQ161241;cluster_I;Azospirillum_brasilense	80.44	363	5445132	60	8	1727622	1727980	356	1	2e-68	 267	minus	0
LR130538.1	EU379969;cluster_I;Sinorhizobium_meliloti	75.81	558	5445132	118	15	1727517	1728070	190	734	2e-68	 267	plus	0
LR130538.1	AJ457920;cluster_I;Sinorhizobium_sp._Rch-9868	77.33	472	5445132	94	12	1727517	1727983	528	65	2e-68	 267	minus	0
LR130538.1	EU418418;cluster_I;Sinorhizobium_meliloti	77.17	473	5445132	99	9	1727517	1727986	500	34	2e-68	 267	minus	0
LR130538.1	EU386145;cluster_I;Rhizobium_sp._NGR181	79.54	391	5445132	67	10	1727511	1727896	426	44	2e-68	 267	minus	0
LR130538.1	EF070145;cluster_I;Sinorhizobium_meliloti	78.50	414	5445132	80	9	1727576	1727986	416	9	3e-67	 263	minus	0
LR130538.1	AB182913;cluster_I;Pleomorphomonas_oryzae	78.89	398	5445132	75	6	1727650	1728044	396	5	1e-66	 261	minus	0
LR130538.1	AJ457919;cluster_I;Sinorhizobium_sp._Rch-9813	77.12	472	5445132	95	12	1727517	1727983	528	65	1e-66	 261	minus	0
LR130538.1	EU418412;cluster_I;Rhizobium_mongolense	78.20	422	5445132	83	9	1727409	1727827	614	199	1e-66	 261	minus	0
LR130538.1	AB079632;cluster_I;Rhodobacter_blasticus_DSM_2131	77.31	454	5445132	90	9	1727622	1728070	458	13	4e-66	 259	minus	0
LR130538.1	AB182911;cluster_I;Pleomorphomonas_oryzae	78.84	397	5445132	75	6	1727651	1728044	394	4	4e-66	 259	minus	0
LR130538.1	AB182910;cluster_I;Pleomorphomonas_oryzae	78.61	402	5445132	77	6	1727657	1728055	400	5	1e-65	 257	minus	0
LR130538.1	DQ413015;cluster_I;Rhizobium_leguminosarum_bv._viciae	79.22	385	5445132	69	10	1727516	1727896	514	137	1e-65	 257	minus	0
LR130538.1	EU581817;cluster_I;Sinorhizobium_meliloti	76.74	473	5445132	101	8	1727517	1727986	497	31	5e-65	 255	minus	0
LR130538.1	GU256450;cluster_I;Azospirillum_melinis	80.53	339	5445132	59	5	1727655	1727991	368	35	2e-64	 254	minus	0
LR130538.1	EF158046;cluster_I;Azospira_restricta	83.76	271	5445132	40	3	1727631	1727899	269	1	2e-64	 254	minus	0
LR130538.1	EU770978;cluster_I;Rhizobium_leguminosarum	75.27	562	5445132	122	16	1727516	1728070	552	1	6e-64	 252	minus	0
LR130538.1	GQ411215;cluster_I;Bacillus_sp._SUND_LM2	87.44	215	5445132	26	1	1727769	1727983	314	101	3e-62	 246	minus	0
LR130538.1	AY929545;cluster_I;Rhizobium_sp._USDA_1920	78.37	393	5445132	76	9	1727429	1727818	387	1	3e-62	 246	minus	0
LR130538.1	AY929537;cluster_I;Rhizobium_mongolense	78.37	393	5445132	76	9	1727429	1727818	387	1	3e-62	 246	minus	0
LR130538.1	EU407189;cluster_I;Rhizobium_tibeticum	74.53	585	5445132	140	8	1727408	1727989	604	26	3e-62	 246	minus	0
LR130538.1	AY929538;cluster_I;Rhizobium_mongolense	78.37	393	5445132	76	9	1727429	1727818	387	1	3e-62	 246	minus	0
LR130538.1	AY929541;cluster_I;Rhizobium_yanglingense	78.37	393	5445132	76	9	1727429	1727818	387	1	3e-62	 246	minus	0
LR130538.1	GU256451;cluster_I;Azospirillum_picis	80.06	341	5445132	57	7	1727655	1727991	370	37	4e-61	 243	minus	0
LR130538.1	EU770979;cluster_I;Rhizobium_leguminosarum	74.91	562	5445132	124	16	1727516	1728070	552	1	1e-60	 241	minus	0
LR130538.1	AB191042;cluster_I;Heliobacterium_gestii	71.41	1025	5445132	253	36	1726030	1727037	2000	999	2e-58	 233	minus	0
LR130538.1	AB079628;cluster_I;Rhodovulum_strictum	76.43	454	5445132	94	9	1727622	1728070	458	13	2e-58	 233	minus	0
LR130538.1	GQ411209;cluster_I;Bacillus_megaterium	88.48	191	5445132	22	0	1727794	1727984	338	148	8e-58	 231	minus	0
LR130538.1	AY079181;cluster_I;Rhizobium_tropici	77.49	391	5445132	83	4	1727396	1727785	387	1	3e-57	 230	minus	0
LR130538.1	AB079629;cluster_I;Rhodovulum_strictum	76.26	455	5445132	95	9	1727621	1728070	459	13	3e-57	 230	minus	0
LR130538.1	EU177583;cluster_I;Sinorhizobium_meliloti	74.91	554	5445132	106	26	1727517	1728064	231	757	5e-55	 222	plus	0
LR130538.1	EU697999;cluster_I;Mesorhizobium_temperatum	85.78	204	5445132	27	2	1727520	1727722	233	31	8e-53	 215	minus	0
LR130538.1	EF620478;cluster_I;Azotobacter_chroococcum	78.93	337	5445132	56	15	1727639	1727965	332	1	8e-53	 215	minus	0
LR130538.1	DQ407288;cluster_I;Mesorhizobium_tianshanense	77.95	331	5445132	67	6	1727401	1727728	329	2	6e-49	 202	minus	0
LR130538.1	AH000924;cluster_I;Rhizobium_sp.	74.79	472	5445132	107	11	1726061	1726526	773	308	6e-49	 202	minus	0
LR130538.1	DQ407287;cluster_I;Mesorhizobium_tianshanense	77.81	329	5445132	66	7	1727401	1727725	329	4	3e-47	 196	minus	0
LR130538.1	DQ407295;cluster_I;Mesorhizobium_ciceri	77.85	325	5445132	66	6	1727401	1727722	322	1	3e-47	 196	minus	0
LR130538.1	DQ315787;cluster_I;Anabaena_variabilis_ATCC_29413	72.45	686	5445132	161	23	1727398	1728070	704	34	1e-46	 195	minus	0
LR130538.1	AJ968685;cluster_I;Microbacterium_sp._ORS_1418	76.97	343	5445132	66	12	1727634	1727971	335	1	2e-43	 183	minus	0
LR130538.1	AJ968687;cluster_I;Microbacterium_sp._ORS_1417	76.65	334	5445132	67	10	1727642	1727971	329	3	1e-40	 174	minus	0
LR130538.1	AJ968686;cluster_I;Agromyces_sp._ORS_1437	78.73	268	5445132	44	12	1727634	1727896	312	53	2e-38	 167	minus	0
LR130538.1	AVU89346;cluster_I;Anabaena_variabilis_ATCC_29413	71.35	691	5445132	180	16	1727394	1728076	1097	417	3e-37	 163	minus	0
LR130538.1	Z31716;cluster_I;Nostoc_sp._PCC_6720	71.20	691	5445132	181	16	1727394	1728076	1234	554	1e-35	 158	minus	0
LR130538.1	FJ712276;cluster_I;Rhizobium_petrolearium	76.41	301	5445132	64	7	1727688	1727986	331	36	5e-35	 156	minus	0
LR130538.1	DQ364798;cluster_I;Paenibacillus_sp._GJ24	74.55	334	5445132	68	12	1727657	1727983	324	1	3e-27	 130	minus	0
LR130538.1	EF560698;cluster_III;Chlorobaculum_macestae	77.29	229	5445132	44	5	1727622	1727843	449	222	1e-26	 128	minus	0
LR130538.1	DQ364799;cluster_I;Paenibacillus_sp._GA12	75.77	260	5445132	54	6	1727657	1727913	324	71	5e-25	 122	minus	0
LR130538.1	AY373370;cluster_I;Paenibacillus_massiliensis	77.91	172	5445132	35	2	1727657	1727828	306	138	2e-19	 104	minus	0
LR130538.1	NOSGLBN;cluster_I;Nostoc_sp.	77.12	153	5445132	30	5	1727926	1728076	1184	1035	2e-13	84.2	minus	0
LR130538.1	RHMNIFHA;cluster_I;Sinorhizobium_meliloti	92.68	41	5445132	3	0	1727946	1727986	44	4	4e-06	60.2	minus	0
