CP026269.1	V00631;cluster_I;Klebsiella_pneumoniae	95.63	1809	6252643	77	2	2119353	2121161	1807	1	0.0	2902	minus	0
CP026269.1	KPNNIFH;cluster_I;Klebsiella_pneumoniae	96.53	894	6252643	31	0	2119976	2120869	894	1	0.0	1480	minus	0
CP026269.1	AY242355;cluster_I;Klebsiella_pneumoniae_342	90.61	884	6252643	79	4	2119988	2120869	882	1	0.0	1170	minus	0
CP026269.1	X03916;cluster_I;Azotobacter_chroococcum	82.95	833	6252643	136	6	2120033	2120862	1174	345	0.0	 747	minus	0
CP026269.1	FJ593867;cluster_I;Klebsiella_sp._AL060224_03	99.49	389	6252643	2	0	2120397	2120785	389	1	0.0	 708	minus	0
CP026269.1	AY221827;cluster_I;Klebsiella_oxytoca_KCTC_1686	99.39	327	6252643	2	0	2120411	2120737	327	1	1e-166	 593	minus	0
CP026269.1	AY373368;cluster_I;Paenibacillus_sp._g2	98.78	327	6252643	4	0	2120432	2120758	327	1	2e-163	 582	minus	0
CP026269.1	AB189641;cluster_I;Halorhodospira_halophila	79.50	800	6252643	160	4	2120048	2120845	1031	234	2e-158	 566	minus	0
CP026269.1	FJ593769;cluster_I;Klebsiella_sp._P0646	92.29	389	6252643	30	0	2120397	2120785	389	1	2e-154	 553	minus	0
CP026269.1	GQ381287;cluster_I;Klebsiella_sp._SZ7-2	94.43	359	6252643	17	2	2120397	2120755	356	1	2e-153	 549	minus	0
CP026269.1	FJ593860;cluster_I;Klebsiella_sp._MNS_801b	92.03	389	6252643	31	0	2120397	2120785	389	1	8e-153	 547	minus	0
CP026269.1	FJ593864;cluster_I;Klebsiella_sp._MNFG_802	92.03	389	6252643	31	0	2120397	2120785	389	1	8e-153	 547	minus	0
CP026269.1	FJ593861;cluster_I;Klebsiella_sp._MNS_801a	92.03	389	6252643	31	0	2120397	2120785	389	1	8e-153	 547	minus	0
CP026269.1	FJ593862;cluster_I;Klebsiella_sp._MNW_801b	92.03	389	6252643	31	0	2120397	2120785	389	1	8e-153	 547	minus	0
CP026269.1	FJ593863;cluster_I;Klebsiella_sp._MNFG_801b	92.03	389	6252643	31	0	2120397	2120785	389	1	8e-153	 547	minus	0
CP026269.1	DQ364804;cluster_I;Klebsiella_sp._JT42	96.65	328	6252643	9	2	2120432	2120758	327	1	1e-151	 544	minus	0
CP026269.1	FJ593866;cluster_I;Klebsiella_sp._AL060225_04	91.77	389	6252643	32	0	2120397	2120785	389	1	4e-151	 542	minus	0
CP026269.1	FJ593865;cluster_I;Klebsiella_sp._AL050511_01	91.77	389	6252643	32	0	2120397	2120785	389	1	4e-151	 542	minus	0
CP026269.1	FJ593768;cluster_I;Klebsiella_sp._CRPV0611a	91.77	389	6252643	32	0	2120397	2120785	389	1	4e-151	 542	minus	0
CP026269.1	FJ593767;cluster_I;Klebsiella_sp._P0643	91.77	389	6252643	32	0	2120397	2120785	389	1	4e-151	 542	minus	0
CP026269.1	FJ593766;cluster_I;Klebsiella_sp._P0640	91.77	389	6252643	32	0	2120397	2120785	389	1	4e-151	 542	minus	0
CP026269.1	FJ593765;cluster_I;Klebsiella_sp._P0638	91.77	389	6252643	32	0	2120397	2120785	389	1	4e-151	 542	minus	0
CP026269.1	FJ593757;cluster_I;Klebsiella_sp._CRLS069a	91.77	389	6252643	32	0	2120397	2120785	389	1	4e-151	 542	minus	0
CP026269.1	FJ593760;cluster_I;Klebsiella_sp._CRLS064	91.52	389	6252643	33	0	2120397	2120785	389	1	2e-149	 536	minus	0
CP026269.1	FJ593763;cluster_I;Klebsiella_sp._CRLI0718a	91.52	389	6252643	33	0	2120397	2120785	389	1	2e-149	 536	minus	0
CP026269.1	FJ593756;cluster_I;Klebsiella_sp._CRLI0715	91.52	389	6252643	33	0	2120397	2120785	389	1	2e-149	 536	minus	0
CP026269.1	FJ593758;cluster_I;Klebsiella_sp._CRPV0610	91.52	389	6252643	33	0	2120397	2120785	389	1	2e-149	 536	minus	0
CP026269.1	FJ593759;cluster_I;Klebsiella_sp._CRLS0617	91.52	389	6252643	33	0	2120397	2120785	389	1	2e-149	 536	minus	0
CP026269.1	FJ593764;cluster_I;Klebsiella_sp._CRLI0713	91.52	389	6252643	33	0	2120397	2120785	389	1	2e-149	 536	minus	0
CP026269.1	FJ593762;cluster_I;Klebsiella_sp._CRLI0728	91.26	389	6252643	34	0	2120397	2120785	389	1	8e-148	 531	minus	0
CP026269.1	EF200511;cluster_I;Klebsiella_sp._TT001	98.03	304	6252643	6	0	2120422	2120725	304	1	3e-147	 529	minus	0
CP026269.1	EF200510;cluster_I;Klebsiella_sp._NTI31	98.03	304	6252643	6	0	2120422	2120725	304	1	3e-147	 529	minus	0
CP026269.1	AY373371;cluster_I;Bacillus_sp._w5	95.72	327	6252643	14	0	2120432	2120758	327	1	1e-146	 527	minus	0
CP026269.1	FJ032021;cluster_I;Klebsiella_sp._BN-4A	97.41	309	6252643	8	0	2120463	2120771	309	1	1e-146	 527	minus	0
CP026269.1	AY373369;cluster_I;Bacillus_cereus	95.72	327	6252643	14	0	2120432	2120758	331	5	1e-146	 527	minus	0
CP026269.1	FJ593761;cluster_I;Klebsiella_sp._CRLI0730	91.00	389	6252643	35	0	2120397	2120785	389	1	4e-146	 525	minus	0
CP026269.1	AJ563286;cluster_I;Dechloromonas_sp._SIUL	81.02	669	6252643	117	9	2120113	2120776	676	13	1e-145	 523	minus	0
CP026269.1	AY373365;cluster_I;Bacillus_megaterium	95.94	320	6252643	13	0	2120439	2120758	320	1	2e-144	 520	minus	0
CP026269.1	AY373366;cluster_I;Bacillus_sp._c6	94.80	327	6252643	17	0	2120432	2120758	327	1	1e-141	 510	minus	0
CP026269.1	FJ032022;cluster_I;Klebsiella_sp._AF-4C	96.12	309	6252643	12	0	2120463	2120771	311	3	5e-140	 505	minus	0
CP026269.1	EU938522;cluster_I;Burkholderia_sp._gx97	91.36	359	6252643	31	0	2120397	2120755	359	1	4e-136	 492	minus	0
CP026269.1	GQ381290;cluster_I;Klebsiella_pneumoniae	93.87	326	6252643	17	3	2120397	2120722	331	9	5e-135	 488	minus	0
CP026269.1	FJ822998;cluster_I;Klebsiella_sp._gx-3	90.81	359	6252643	33	0	2120397	2120755	4	362	8e-133	 481	plus	0
CP026269.1	GQ381289;cluster_I;Paenibacillus_sp._SZ002	93.77	321	6252643	17	3	2120397	2120717	327	10	3e-132	 479	minus	0
CP026269.1	AY846276;cluster_I;Klebsiella_pneumoniae	88.49	391	6252643	44	1	2120463	2120852	10	400	5e-130	 472	plus	0
CP026269.1	AY367396;cluster_I;Raoultella_terrigena	91.87	332	6252643	27	0	2120424	2120755	332	1	8e-128	 464	minus	0
CP026269.1	AY367392;cluster_I;Klebsiella_variicola	91.07	336	6252643	30	0	2120420	2120755	337	2	5e-125	 455	minus	0
CP026269.1	AY367394;cluster_I;Klebsiella_variicola	91.29	333	6252643	29	0	2120423	2120755	334	2	5e-125	 455	minus	0
CP026269.1	AY367395;cluster_I;Klebsiella_variicola	91.07	336	6252643	30	0	2120397	2120732	336	1	5e-125	 455	minus	0
CP026269.1	FJ822994;cluster_I;Sinorhizobium_sp._gx-153	90.20	347	6252643	34	0	2120397	2120743	4	350	2e-124	 453	plus	0
CP026269.1	AY367393;cluster_I;Klebsiella_variicola	90.77	336	6252643	31	0	2120397	2120732	336	1	2e-123	 449	minus	0
CP026269.1	AF031817;cluster_I;Rhodobacter_sphaeroides	76.92	819	6252643	167	19	2120045	2120852	1090	283	3e-122	 446	minus	0
CP026269.1	FJ593779;cluster_I;Pantoea_sp._A0305	86.89	389	6252643	51	0	2120397	2120785	389	1	2e-119	 436	minus	0
CP026269.1	FJ593780;cluster_I;Pantoea_sp._P0352	86.89	389	6252643	51	0	2120397	2120785	389	1	2e-119	 436	minus	0
CP026269.1	FJ593778;cluster_I;Pantoea_sp._P0359	86.89	389	6252643	51	0	2120397	2120785	389	1	2e-119	 436	minus	0
CP026269.1	FJ593777;cluster_I;Pantoea_sp._CRLI0725a	86.63	389	6252643	52	0	2120397	2120785	389	1	8e-118	 431	minus	0
CP026269.1	DQ821722;cluster_I;Sphingomonas_sp._Y49	90.68	322	6252643	30	0	2120414	2120735	322	1	3e-117	 429	minus	0
CP026269.1	FJ593868;cluster_I;Enterobacter_sp._MTP_050512_17	86.38	389	6252643	53	0	2120397	2120785	389	1	4e-116	 425	minus	0
CP026269.1	DQ821723;cluster_I;Klebsiella_sp._Y57	90.06	322	6252643	32	0	2120414	2120735	322	1	6e-114	 418	minus	0
CP026269.1	AB270756;cluster_I;Klebsiella_pneumoniae	90.28	319	6252643	31	0	2120438	2120756	360	42	6e-114	 418	minus	0
CP026269.1	HM047125;cluster_I;Bradyrhizobium_denitrificans	78.11	667	6252643	131	13	2120135	2120795	660	3	4e-111	 409	minus	0
CP026269.1	DQ364801;cluster_I;Klebsiella_sp._BM92	89.69	320	6252643	33	0	2120439	2120758	320	1	4e-111	 409	minus	0
CP026269.1	EU622783;cluster_I;Thiocapsa_bogorovii	84.04	426	6252643	66	2	2120397	2120821	449	25	4e-111	 409	minus	0
CP026269.1	AF545637;cluster_I;Pantoea_agglomerans	87.29	354	6252643	45	0	2120471	2120824	360	7	5e-110	 405	minus	0
CP026269.1	X07866;cluster_I;Rhodobacter_capsulatus_SB_1003	75.88	825	6252643	176	19	2120034	2120845	934	120	2e-108	 399	minus	0
CP026269.1	X63352;cluster_I;Rhodobacter_capsulatus	75.76	825	6252643	177	19	2120034	2120845	2132	1318	1e-106	 394	minus	0
CP026269.1	AB542360;cluster_I;Azospirillum_sp._TSH19	79.30	575	6252643	107	10	2120170	2120740	568	2	4e-106	 392	minus	0
CP026269.1	EU622788;cluster_I;Allochromatium_minutissimum	82.44	450	6252643	77	2	2120397	2120845	449	1	4e-106	 392	minus	0
CP026269.1	FJ347420;cluster_I;Bradyrhizobium_sp._ORS_285	79.33	571	6252643	105	12	2120176	2120741	563	1	1e-105	 390	minus	0
CP026269.1	AB542367;cluster_I;Azospirillum_sp._TSH100	79.27	574	6252643	107	10	2120170	2120739	566	1	1e-105	 390	minus	0
CP026269.1	FJ347446;cluster_I;Bradyrhizobium_sp._ORS_372	79.35	557	6252643	102	12	2120190	2120741	549	1	2e-104	 387	minus	0
CP026269.1	EF199951;cluster_I;Halorhodospira_halophila	82.18	449	6252643	80	0	2120397	2120845	449	1	2e-104	 387	minus	0
CP026269.1	FJ347435;cluster_I;Bradyrhizobium_sp._ORS_324	79.14	556	6252643	105	10	2120190	2120741	549	1	8e-103	 381	minus	0
CP026269.1	FJ347418;cluster_I;Bradyrhizobium_sp._ORS_277	79.35	557	6252643	102	12	2120190	2120741	549	1	8e-103	 381	minus	0
CP026269.1	FJ347436;cluster_I;Bradyrhizobium_sp._ORS_327	79.17	557	6252643	103	12	2120190	2120741	549	1	3e-102	 379	minus	0
CP026269.1	FJ347434;cluster_I;Bradyrhizobium_sp._ORS_318	78.96	556	6252643	106	10	2120190	2120741	549	1	3e-102	 379	minus	0
CP026269.1	FJ347422;cluster_I;Bradyrhizobium_sp._ORS_294	78.96	556	6252643	106	10	2120190	2120741	549	1	3e-102	 379	minus	0
CP026269.1	FJ347438;cluster_I;Bradyrhizobium_sp._ORS_330	78.98	571	6252643	107	12	2120176	2120741	563	1	1e-101	 377	minus	0
CP026269.1	FJ347427;cluster_I;Bradyrhizobium_sp._ORS_303	78.78	556	6252643	107	10	2120190	2120741	549	1	1e-101	 377	minus	0
CP026269.1	AB542364;cluster_I;Azospirillum_sp._TSH78	79.09	569	6252643	104	13	2120178	2120740	561	2	1e-101	 377	minus	0
CP026269.1	FJ347445;cluster_I;Bradyrhizobium_sp._ORS_361	78.78	556	6252643	107	10	2120190	2120741	549	1	4e-101	 375	minus	0
CP026269.1	FJ347443;cluster_I;Bradyrhizobium_sp._ORS_356	78.78	556	6252643	107	10	2120190	2120741	549	1	4e-101	 375	minus	0
CP026269.1	FJ347424;cluster_I;Bradyrhizobium_sp._ORS_298	78.78	556	6252643	107	10	2120190	2120741	549	1	4e-101	 375	minus	0
CP026269.1	FJ347430;cluster_I;Bradyrhizobium_sp._ORS_307	78.64	557	6252643	106	12	2120190	2120741	549	1	5e-100	 372	minus	0
CP026269.1	FJ347423;cluster_I;Bradyrhizobium_sp._ORS_297	78.99	557	6252643	104	12	2120190	2120741	549	1	2e-99	 370	minus	0
CP026269.1	AB542356;cluster_I;Azospirillum_sp._TSH2	78.81	571	6252643	106	13	2120176	2120740	562	1	2e-99	 370	minus	0
CP026269.1	AB542337;cluster_I;Azospirillum_sp._TSA2s	77.81	613	6252643	125	9	2120126	2120734	610	5	6e-99	 368	minus	0
CP026269.1	FJ347447;cluster_I;Bradyrhizobium_sp._ORS_375	77.97	572	6252643	111	13	2120176	2120741	563	1	2e-98	 366	minus	0
CP026269.1	FJ347441;cluster_I;Bradyrhizobium_sp._ORS_344	77.93	571	6252643	113	12	2120176	2120741	563	1	2e-98	 366	minus	0
CP026269.1	FJ347426;cluster_I;Bradyrhizobium_sp._ORS_301	78.28	571	6252643	111	12	2120176	2120741	563	1	2e-98	 366	minus	0
CP026269.1	AB542357;cluster_I;Azospirillum_sp._TSH5	78.73	569	6252643	106	13	2120176	2120738	560	1	2e-98	 366	minus	0
CP026269.1	AB542358;cluster_I;Azospirillum_sp._TSH6	78.73	569	6252643	106	13	2120176	2120738	560	1	2e-98	 366	minus	0
CP026269.1	AB542359;cluster_I;Azospirillum_sp._TSH10	78.73	569	6252643	106	13	2120176	2120738	560	1	2e-98	 366	minus	0
CP026269.1	GQ289562;cluster_I;Bradyrhizobium_japonicum	80.99	463	6252643	81	6	2120379	2120839	1	458	1e-96	 361	plus	0
CP026269.1	FJ347437;cluster_I;Bradyrhizobium_sp._ORS_328	78.10	557	6252643	109	12	2120190	2120741	549	1	5e-95	 355	minus	0
CP026269.1	AB542366;cluster_I;Azospirillum_sp._TSH96	78.51	563	6252643	106	13	2120178	2120734	557	4	5e-95	 355	minus	0
CP026269.1	FJ347433;cluster_I;Bradyrhizobium_sp._ORS_310	77.70	556	6252643	113	10	2120190	2120741	549	1	2e-93	 350	minus	0
CP026269.1	AB542361;cluster_I;Azospirillum_sp._TSH21	77.89	579	6252643	116	10	2120170	2120744	571	1	2e-93	 350	minus	0
CP026269.1	AB542347;cluster_I;Azospirillum_sp._TSA18	78.03	569	6252643	113	10	2120170	2120734	567	7	8e-93	 348	minus	0
CP026269.1	AB542344;cluster_I;Azospirillum_sp._TSA15c	78.03	569	6252643	113	10	2120170	2120734	565	5	8e-93	 348	minus	0
CP026269.1	AB542340;cluster_I;Azospirillum_sp._TSA11	78.03	569	6252643	113	10	2120170	2120734	567	7	8e-93	 348	minus	0
CP026269.1	AB542343;cluster_I;Azospirillum_sp._TSA14w	78.03	569	6252643	113	10	2120170	2120734	569	9	8e-93	 348	minus	0
CP026269.1	EF199953;cluster_I;Ectothiorhodospira_shaposhnikovii	80.67	450	6252643	85	2	2120397	2120845	449	1	8e-93	 348	minus	0
CP026269.1	AB542348;cluster_I;Azospirillum_sp._TSA19	77.92	566	6252643	113	10	2120170	2120731	558	1	4e-91	 342	minus	0
CP026269.1	AB542341;cluster_I;Azospirillum_sp._TSA12	77.92	566	6252643	113	10	2120170	2120731	558	1	4e-91	 342	minus	0
CP026269.1	EF199954;cluster_I;Ectothiorhodospira_mobilis	80.44	450	6252643	86	2	2120397	2120845	449	1	4e-91	 342	minus	0
CP026269.1	DQ787333;cluster_I;Azospirillum_lipoferum	81.09	439	6252643	70	11	2120397	2120830	446	16	5e-90	 339	minus	0
CP026269.1	AF484657;cluster_I;Methylobacterium_sp._xct7	80.00	460	6252643	80	10	2120295	2120750	452	1	3e-87	 329	minus	0
CP026269.1	GQ161239;cluster_I;Azospirillum_brasilense	83.38	361	6252643	53	6	2120397	2120755	356	1	1e-86	 327	minus	0
CP026269.1	AF059648;cluster_I;Marichromatium_purpuratum	84.92	325	6252643	47	2	2120411	2120734	327	4	1e-86	 327	minus	0
CP026269.1	GQ411215;cluster_I;Bacillus_sp._SUND_LM2	93.98	216	6252643	12	1	2120543	2120758	315	101	4e-86	 326	minus	0
CP026269.1	GQ289571;cluster_I;Bradyrhizobium_japonicum	79.66	467	6252643	83	11	2120379	2120839	1	461	4e-86	 326	plus	0
CP026269.1	FSU53362;cluster_I;Frankia_sp._EuIK1	72.07	1278	6252643	294	53	2118565	2119812	2530	1286	1e-85	 324	minus	0
CP026269.1	FN813553;cluster_I;Azospirillum_zeae	82.69	364	6252643	56	5	2120394	2120755	359	1	2e-83	 316	minus	0
CP026269.1	FN813552;cluster_I;Azospirillum_zeae	82.69	364	6252643	56	5	2120394	2120755	359	1	2e-83	 316	minus	0
CP026269.1	FN813561;cluster_I;Azospirillum_zeae	82.74	365	6252643	54	7	2120394	2120755	359	1	2e-83	 316	minus	0
CP026269.1	GQ289577;cluster_I;Bradyrhizobium_japonicum	79.45	472	6252643	75	17	2120379	2120839	1	461	9e-83	 315	plus	0
CP026269.1	EU672874;cluster_I;Methylogaea_oryzae_JCM_16910	84.94	312	6252643	45	2	2120397	2120707	311	1	9e-83	 315	minus	0
CP026269.1	GQ161241;cluster_I;Azospirillum_brasilense	82.60	362	6252643	54	7	2120397	2120755	356	1	1e-81	 311	minus	0
CP026269.1	AB191041;cluster_I;Heliobacterium_chlorum	74.23	776	6252643	182	17	2120034	2120800	767	1	4e-81	 309	minus	0
CP026269.1	AB079621;cluster_I;Rhodobacter_azotoformans	79.43	457	6252643	79	13	2120397	2120847	458	11	4e-81	 309	minus	0
CP026269.1	GU256446;cluster_I;Azospirillum_canadense	81.94	371	6252643	60	5	2120417	2120785	375	10	1e-80	 307	minus	0
CP026269.1	FJ687518;cluster_I;Pseudomonas_sp._IPPW-3	81.82	363	6252643	64	2	2120394	2120755	362	1	2e-79	 303	minus	0
CP026269.1	DQ682472;cluster_I;Azospirillum_zeae	82.04	362	6252643	56	7	2120397	2120755	357	2	2e-79	 303	minus	0
CP026269.1	DQ029203;cluster_I;Azonexus_caeni	86.07	280	6252643	39	0	2120409	2120688	307	28	7e-79	 302	minus	0
CP026269.1	DQ682471;cluster_I;Azospirillum_zeae	82.17	359	6252643	55	7	2120397	2120752	353	1	2e-78	 300	minus	0
CP026269.1	FJ687522;cluster_I;Aeromonas_sp._IPPW-33a	81.54	363	6252643	65	2	2120394	2120755	362	1	9e-78	 298	minus	0
CP026269.1	EU770978;cluster_I;Rhizobium_leguminosarum	76.73	563	6252643	112	17	2120291	2120845	552	1	3e-77	 296	minus	0
CP026269.1	GQ411209;cluster_I;Bacillus_megaterium	94.71	189	6252643	10	0	2120571	2120759	336	148	1e-76	 294	minus	0
CP026269.1	DQ393890;cluster_I;Azospirillum_canadense	82.15	353	6252643	54	7	2120397	2120746	5	351	1e-76	 294	plus	0
CP026269.1	GU256453;cluster_I;Azospirillum_zeae	81.02	374	6252643	64	5	2120426	2120797	374	6	1e-75	 291	minus	0
CP026269.1	AB185395;cluster_I;Azospirillum_oryzae	80.68	383	6252643	67	5	2120417	2120797	408	31	1e-75	 291	minus	0
CP026269.1	EU418412;cluster_I;Rhizobium_mongolense	76.49	570	6252643	113	18	2120204	2120764	594	37	1e-75	 291	minus	0
CP026269.1	EU418411;cluster_I;Rhizobium_gallicum	76.49	570	6252643	113	18	2120204	2120764	594	37	1e-75	 291	minus	0
CP026269.1	EU770979;cluster_I;Rhizobium_leguminosarum	76.38	563	6252643	114	17	2120291	2120845	552	1	7e-74	 285	minus	0
CP026269.1	FJ687521;cluster_I;Aeromonas_sp._IPPW-29	81.10	365	6252643	60	8	2120394	2120755	359	1	2e-73	 283	minus	0
CP026269.1	FJ687517;cluster_I;Pseudomonas_sp._IPPW-2	81.10	365	6252643	60	8	2120394	2120755	359	1	2e-73	 283	minus	0
CP026269.1	AY768690;cluster_I;Azonexus_fungiphilus	82.66	323	6252643	52	4	2120417	2120737	321	1	2e-73	 283	minus	0
CP026269.1	EF158046;cluster_I;Azospira_restricta	85.13	269	6252643	40	0	2120406	2120674	269	1	4e-71	 276	minus	0
CP026269.1	AB079628;cluster_I;Rhodovulum_strictum	78.12	457	6252643	85	13	2120397	2120847	458	11	4e-71	 276	minus	0
CP026269.1	GU256445;cluster_I;Nitrospirillum_amazonense	80.66	362	6252643	61	8	2120406	2120764	373	18	5e-70	 272	minus	0
CP026269.1	AB079629;cluster_I;Rhodovulum_strictum	77.95	458	6252643	86	13	2120396	2120847	459	11	5e-70	 272	minus	0
CP026269.1	GU256451;cluster_I;Azospirillum_picis	81.47	340	6252643	54	7	2120430	2120766	370	37	2e-69	 270	minus	0
CP026269.1	EF634050;cluster_I;Azotobacter_chroococcum	82.79	308	6252643	47	5	2120400	2120704	305	1	2e-69	 270	minus	0
CP026269.1	EU291983;cluster_I;Ensifer_mexicanus	77.22	474	6252643	99	7	2120126	2120596	468	1	7e-69	 268	minus	0
CP026269.1	EU291980;cluster_I;Sinorhizobium_chiapanecum	77.17	473	6252643	101	5	2120126	2120596	468	1	7e-69	 268	minus	0
CP026269.1	DQ413015;cluster_I;Rhizobium_leguminosarum_bv._viciae	77.78	459	6252643	87	13	2120312	2120764	493	44	7e-69	 268	minus	0
CP026269.1	EF634053;cluster_I;Azotobacter_chroococcum	82.22	315	6252643	48	7	2120398	2120707	326	15	9e-68	 265	minus	0
CP026269.1	AB191042;cluster_I;Heliobacterium_gestii	72.04	1030	6252643	238	41	2118805	2119812	2000	999	1e-66	 261	minus	0
CP026269.1	GQ289563;cluster_I;Bradyrhizobium_japonicum	76.71	468	6252643	95	12	2120379	2120839	1	461	9e-63	 248	plus	0
CP026269.1	AB191043;cluster_I;Heliobacterium_modesticaldum_Ice1	71.32	1147	6252643	271	47	2118692	2119812	2207	1093	4e-61	 243	minus	0
CP026269.1	EF634055;cluster_I;Azotobacter_chroococcum	82.56	281	6252643	43	5	2120398	2120675	288	11	4e-61	 243	minus	0
CP026269.1	AY644349;cluster_I;Azomonas_macrocytogenes	78.65	356	6252643	76	0	2120397	2120752	362	7	1e-60	 241	minus	0
CP026269.1	DQ411938;cluster_I;Ensifer_mexicanus	76.92	429	6252643	90	7	2120126	2120551	432	10	7e-59	 235	minus	0
CP026269.1	DQ411939;cluster_I;Ensifer_mexicanus	76.92	429	6252643	90	7	2120126	2120551	432	10	7e-59	 235	minus	0
CP026269.1	ADAF001432;cluster_I;Gluconacetobacter_diazotrophicus	80.92	304	6252643	51	5	2120454	2120755	299	1	2e-58	 233	minus	0
CP026269.1	GQ289567;cluster_III;Bradyrhizobium_japonicum	75.81	463	6252643	92	17	2120379	2120831	1	453	2e-53	 217	plus	0
CP026269.1	AB100830;cluster_I;Heliobacterium_chlorum	76.60	359	6252643	78	6	2120397	2120752	359	4	4e-46	 193	minus	0
CP026269.1	GQ289582;cluster_III;Bradyrhizobium_japonicum	80.25	243	6252643	42	2	2120379	2120615	1	243	1e-41	 178	plus	0
CP026269.1	GQ289566;cluster_III;Bradyrhizobium_japonicum	79.32	237	6252643	41	4	2120379	2120608	1	236	4e-36	 159	plus	0
CP026269.1	GQ289573;cluster_III;Bradyrhizobium_japonicum	78.90	237	6252643	42	5	2120379	2120608	1	236	2e-34	 154	plus	0
