LR130539.1	V00631;cluster_I;Klebsiella_pneumoniae	88.93	1771	5503304	172	19	1761834	1763593	1803	46	0.0	2163	minus	0
LR130539.1	AY242355;cluster_I;Klebsiella_pneumoniae_342	98.53	883	5503304	11	2	1762465	1763346	882	1	0.0	1557	minus	0
LR130539.1	KPNNIFH;cluster_I;Klebsiella_pneumoniae	91.13	891	5503304	77	2	1762457	1763346	890	1	0.0	1206	minus	0
LR130539.1	X96609;cluster_I;Alcaligenes_faecalis	82.24	867	5503304	148	6	1762477	1763340	1475	612	0.0	 743	minus	0
LR130539.1	FJ593762;cluster_I;Klebsiella_sp._CRLI0728	99.74	389	5503304	1	0	1762874	1763262	389	1	0.0	 713	minus	0
LR130539.1	AVIMONFE;cluster_I;Azotobacter_chroococcum	82.22	838	5503304	138	8	1762510	1763340	1077	244	0.0	 712	minus	0
LR130539.1	FJ593767;cluster_I;Klebsiella_sp._P0643	99.49	389	5503304	2	0	1762874	1763262	389	1	0.0	 708	minus	0
LR130539.1	FJ593766;cluster_I;Klebsiella_sp._P0640	99.49	389	5503304	2	0	1762874	1763262	389	1	0.0	 708	minus	0
LR130539.1	FJ593765;cluster_I;Klebsiella_sp._P0638	99.49	389	5503304	2	0	1762874	1763262	389	1	0.0	 708	minus	0
LR130539.1	FJ593761;cluster_I;Klebsiella_sp._CRLI0730	99.49	389	5503304	2	0	1762874	1763262	389	1	0.0	 708	minus	0
LR130539.1	FJ593760;cluster_I;Klebsiella_sp._CRLS064	99.23	389	5503304	3	0	1762874	1763262	389	1	0.0	 702	minus	0
LR130539.1	FJ593763;cluster_I;Klebsiella_sp._CRLI0718a	99.23	389	5503304	3	0	1762874	1763262	389	1	0.0	 702	minus	0
LR130539.1	FJ593756;cluster_I;Klebsiella_sp._CRLI0715	99.23	389	5503304	3	0	1762874	1763262	389	1	0.0	 702	minus	0
LR130539.1	FJ593758;cluster_I;Klebsiella_sp._CRPV0610	99.23	389	5503304	3	0	1762874	1763262	389	1	0.0	 702	minus	0
LR130539.1	FJ593759;cluster_I;Klebsiella_sp._CRLS0617	99.23	389	5503304	3	0	1762874	1763262	389	1	0.0	 702	minus	0
LR130539.1	FJ593764;cluster_I;Klebsiella_sp._CRLI0713	99.23	389	5503304	3	0	1762874	1763262	389	1	0.0	 702	minus	0
LR130539.1	FJ593866;cluster_I;Klebsiella_sp._AL060225_04	98.97	389	5503304	4	0	1762874	1763262	389	1	0.0	 697	minus	0
LR130539.1	FJ593865;cluster_I;Klebsiella_sp._AL050511_01	98.97	389	5503304	4	0	1762874	1763262	389	1	0.0	 697	minus	0
LR130539.1	FJ593860;cluster_I;Klebsiella_sp._MNS_801b	98.97	389	5503304	4	0	1762874	1763262	389	1	0.0	 697	minus	0
LR130539.1	FJ593864;cluster_I;Klebsiella_sp._MNFG_802	98.97	389	5503304	4	0	1762874	1763262	389	1	0.0	 697	minus	0
LR130539.1	FJ593861;cluster_I;Klebsiella_sp._MNS_801a	98.97	389	5503304	4	0	1762874	1763262	389	1	0.0	 697	minus	0
LR130539.1	FJ593862;cluster_I;Klebsiella_sp._MNW_801b	98.97	389	5503304	4	0	1762874	1763262	389	1	0.0	 697	minus	0
LR130539.1	FJ593863;cluster_I;Klebsiella_sp._MNFG_801b	98.97	389	5503304	4	0	1762874	1763262	389	1	0.0	 697	minus	0
LR130539.1	FJ593757;cluster_I;Klebsiella_sp._CRLS069a	98.46	389	5503304	6	0	1762874	1763262	389	1	0.0	 686	minus	0
LR130539.1	X03916;cluster_I;Azotobacter_chroococcum	81.37	832	5503304	151	4	1762510	1763339	1174	345	0.0	 675	minus	0
LR130539.1	FJ593768;cluster_I;Klebsiella_sp._CRPV0611a	97.69	389	5503304	9	0	1762874	1763262	389	1	0.0	 669	minus	0
LR130539.1	FJ593769;cluster_I;Klebsiella_sp._P0646	97.17	389	5503304	11	0	1762874	1763262	389	1	0.0	 658	minus	0
LR130539.1	X13519;cluster_I;Azotobacter_vinelandii	80.91	833	5503304	153	5	1762510	1763339	1050	221	0.0	 652	minus	0
LR130539.1	AY846276;cluster_I;Klebsiella_pneumoniae	95.91	391	5503304	15	1	1762940	1763329	10	400	2e-178	 632	plus	0
LR130539.1	FJ822998;cluster_I;Klebsiella_sp._gx-3	97.49	359	5503304	9	0	1762874	1763232	4	362	7e-173	 614	plus	0
LR130539.1	AY367392;cluster_I;Klebsiella_variicola	99.40	336	5503304	2	0	1762897	1763232	337	2	9e-172	 610	minus	0
LR130539.1	FJ822994;cluster_I;Sinorhizobium_sp._gx-153	98.00	350	5503304	7	0	1762874	1763223	4	353	3e-171	 608	plus	0
LR130539.1	EU938522;cluster_I;Burkholderia_sp._gx97	97.21	359	5503304	10	0	1762874	1763232	359	1	3e-171	 608	minus	0
LR130539.1	AY367393;cluster_I;Klebsiella_variicola	98.81	336	5503304	4	0	1762874	1763209	336	1	2e-168	 599	minus	0
LR130539.1	AY367395;cluster_I;Klebsiella_variicola	98.81	336	5503304	4	0	1762874	1763209	336	1	2e-168	 599	minus	0
LR130539.1	AB189641;cluster_I;Halorhodospira_halophila	80.10	804	5503304	154	6	1762525	1763325	1031	231	9e-167	 593	minus	0
LR130539.1	AY367394;cluster_I;Klebsiella_variicola	98.20	333	5503304	6	0	1762900	1763232	334	2	2e-163	 582	minus	0
LR130539.1	DQ364801;cluster_I;Klebsiella_sp._BM92	98.75	320	5503304	4	0	1762916	1763235	320	1	1e-159	 569	minus	0
LR130539.1	DQ821722;cluster_I;Sphingomonas_sp._Y49	97.52	322	5503304	8	0	1762891	1763212	322	1	5e-154	 551	minus	0
LR130539.1	KSU32183;cluster_I;Klebsiella_sp.	95.28	339	5503304	15	1	1762958	1763295	339	1	5e-154	 551	minus	0
LR130539.1	AB270756;cluster_I;Klebsiella_pneumoniae	97.49	319	5503304	8	0	1762915	1763233	360	42	2e-152	 545	minus	0
LR130539.1	DQ821723;cluster_I;Klebsiella_sp._Y57	96.89	322	5503304	10	0	1762891	1763212	322	1	1e-150	 540	minus	0
LR130539.1	FJ593867;cluster_I;Klebsiella_sp._AL060224_03	91.52	389	5503304	33	0	1762874	1763262	389	1	1e-149	 536	minus	0
LR130539.1	AJ563286;cluster_I;Dechloromonas_sp._SIUL	81.07	671	5503304	115	10	1762589	1763253	677	13	3e-146	 525	minus	0
LR130539.1	AF031817;cluster_I;Rhodobacter_sphaeroides	77.49	822	5503304	157	21	1762522	1763329	1090	283	5e-129	 468	minus	0
LR130539.1	GQ381287;cluster_I;Klebsiella_sp._SZ7-2	89.97	359	5503304	33	2	1762874	1763232	356	1	9e-127	 460	minus	0
LR130539.1	AB542353;cluster_I;Azospirillum_sp._TSA36t	79.83	600	5503304	110	9	1762648	1763243	615	23	9e-117	 427	minus	0
LR130539.1	AY221827;cluster_I;Klebsiella_oxytoca_KCTC_1686	90.21	327	5503304	32	0	1762888	1763214	327	1	9e-117	 427	minus	0
LR130539.1	FJ593868;cluster_I;Enterobacter_sp._MTP_050512_17	86.38	389	5503304	53	0	1762874	1763262	389	1	3e-116	 425	minus	0
LR130539.1	AY373368;cluster_I;Paenibacillus_sp._g2	89.91	327	5503304	33	0	1762909	1763235	327	1	4e-115	 422	minus	0
LR130539.1	EF199951;cluster_I;Halorhodospira_halophila	83.52	449	5503304	74	0	1762874	1763322	449	1	2e-114	 420	minus	0
LR130539.1	X63352;cluster_I;Rhodobacter_capsulatus	76.13	842	5503304	174	20	1762511	1763337	2132	1303	2e-113	 416	minus	0
LR130539.1	EU622783;cluster_I;Thiocapsa_bogorovii	84.27	426	5503304	65	2	1762874	1763298	449	25	7e-113	 414	minus	0
LR130539.1	FJ347438;cluster_I;Bradyrhizobium_sp._ORS_330	80.43	557	5503304	96	12	1762667	1763218	549	1	3e-112	 412	minus	0
LR130539.1	FJ347445;cluster_I;Bradyrhizobium_sp._ORS_361	79.82	560	5503304	102	10	1762663	1763218	553	1	9e-112	 411	minus	0
LR130539.1	FJ347430;cluster_I;Bradyrhizobium_sp._ORS_307	79.89	557	5503304	99	12	1762667	1763218	549	1	9e-112	 411	minus	0
LR130539.1	AY373371;cluster_I;Bacillus_sp._w5	89.30	327	5503304	35	0	1762909	1763235	327	1	9e-112	 411	minus	0
LR130539.1	X07866;cluster_I;Rhodobacter_capsulatus_SB_1003	76.01	842	5503304	175	20	1762511	1763337	934	105	9e-112	 411	minus	0
LR130539.1	FJ347446;cluster_I;Bradyrhizobium_sp._ORS_372	80.07	557	5503304	98	12	1762667	1763218	549	1	3e-111	 409	minus	0
LR130539.1	FJ347434;cluster_I;Bradyrhizobium_sp._ORS_318	79.86	556	5503304	101	10	1762667	1763218	549	1	3e-111	 409	minus	0
LR130539.1	FJ347422;cluster_I;Bradyrhizobium_sp._ORS_294	79.86	556	5503304	101	10	1762667	1763218	549	1	3e-111	 409	minus	0
LR130539.1	FJ347424;cluster_I;Bradyrhizobium_sp._ORS_298	79.47	570	5503304	106	10	1762653	1763218	563	1	3e-111	 409	minus	0
LR130539.1	AY367396;cluster_I;Raoultella_terrigena	88.86	332	5503304	37	0	1762901	1763232	332	1	3e-111	 409	minus	0
LR130539.1	FJ347443;cluster_I;Bradyrhizobium_sp._ORS_356	79.64	560	5503304	103	10	1762663	1763218	553	1	1e-110	 407	minus	0
LR130539.1	AB542367;cluster_I;Azospirillum_sp._TSH100	79.93	568	5503304	103	10	1762648	1763211	566	6	1e-110	 407	minus	0
LR130539.1	AB542360;cluster_I;Azospirillum_sp._TSH19	79.93	568	5503304	103	10	1762648	1763211	568	8	1e-110	 407	minus	0
LR130539.1	HM047125;cluster_I;Bradyrhizobium_denitrificans	79.29	594	5503304	114	8	1762653	1763243	619	32	1e-110	 407	minus	0
LR130539.1	FJ347427;cluster_I;Bradyrhizobium_sp._ORS_303	79.64	560	5503304	103	10	1762663	1763218	553	1	4e-110	 405	minus	0
LR130539.1	AY373369;cluster_I;Bacillus_cereus	88.99	327	5503304	36	0	1762909	1763235	331	5	4e-110	 405	minus	0
LR130539.1	GQ381290;cluster_I;Klebsiella_pneumoniae	89.41	321	5503304	32	2	1762874	1763194	331	13	2e-109	 403	minus	0
LR130539.1	FJ593777;cluster_I;Pantoea_sp._CRLI0725a	85.35	389	5503304	57	0	1762874	1763262	389	1	2e-109	 403	minus	0
LR130539.1	FJ593779;cluster_I;Pantoea_sp._A0305	85.35	389	5503304	57	0	1762874	1763262	389	1	2e-109	 403	minus	0
LR130539.1	FJ593780;cluster_I;Pantoea_sp._P0352	85.35	389	5503304	57	0	1762874	1763262	389	1	2e-109	 403	minus	0
LR130539.1	FJ593778;cluster_I;Pantoea_sp._P0359	85.35	389	5503304	57	0	1762874	1763262	389	1	2e-109	 403	minus	0
LR130539.1	FJ347436;cluster_I;Bradyrhizobium_sp._ORS_327	79.68	571	5503304	103	12	1762653	1763218	563	1	2e-109	 403	minus	0
LR130539.1	FJ347418;cluster_I;Bradyrhizobium_sp._ORS_277	80.07	557	5503304	98	12	1762667	1763218	549	1	2e-109	 403	minus	0
LR130539.1	FJ347420;cluster_I;Bradyrhizobium_sp._ORS_285	79.68	571	5503304	103	12	1762653	1763218	563	1	6e-109	 401	minus	0
LR130539.1	EF200511;cluster_I;Klebsiella_sp._TT001	90.46	304	5503304	29	0	1762899	1763202	304	1	6e-109	 401	minus	0
LR130539.1	EF200510;cluster_I;Klebsiella_sp._NTI31	90.46	304	5503304	29	0	1762899	1763202	304	1	6e-109	 401	minus	0
LR130539.1	FJ347423;cluster_I;Bradyrhizobium_sp._ORS_297	79.89	557	5503304	99	12	1762667	1763218	549	1	2e-108	 399	minus	0
LR130539.1	AB542349;cluster_I;Azospirillum_sp._TSA20c	79.00	600	5503304	115	9	1762648	1763243	621	29	2e-108	 399	minus	0
LR130539.1	AB542346;cluster_I;Azospirillum_sp._TSA16	79.00	600	5503304	115	9	1762648	1763243	600	8	2e-108	 399	minus	0
LR130539.1	AB542338;cluster_I;Azospirillum_sp._TSA6c	79.00	600	5503304	115	9	1762648	1763243	621	29	2e-108	 399	minus	0
LR130539.1	FJ347449;cluster_I;Bradyrhizobium_sp._ORS_391	79.79	559	5503304	104	8	1762663	1763218	553	1	7e-108	 398	minus	0
LR130539.1	FJ347439;cluster_I;Bradyrhizobium_sp._ORS_331	79.79	559	5503304	104	8	1762663	1763218	553	1	7e-108	 398	minus	0
LR130539.1	GQ381289;cluster_I;Paenibacillus_sp._SZ002	89.10	321	5503304	32	3	1762874	1763194	327	10	3e-107	 396	minus	0
LR130539.1	FJ347426;cluster_I;Bradyrhizobium_sp._ORS_301	79.53	557	5503304	101	12	1762667	1763218	549	1	3e-107	 396	minus	0
LR130539.1	FJ347421;cluster_I;Bradyrhizobium_sp._ORS_287	79.53	557	5503304	101	12	1762667	1763218	549	1	3e-107	 396	minus	0
LR130539.1	FJ347435;cluster_I;Bradyrhizobium_sp._ORS_324	79.50	556	5503304	103	10	1762667	1763218	549	1	3e-106	 392	minus	0
LR130539.1	FJ347441;cluster_I;Bradyrhizobium_sp._ORS_344	79.17	557	5503304	103	12	1762667	1763218	549	1	3e-106	 392	minus	0
LR130539.1	AY373365;cluster_I;Bacillus_megaterium	88.75	320	5503304	36	0	1762916	1763235	320	1	3e-106	 392	minus	0
LR130539.1	FJ347448;cluster_I;Bradyrhizobium_sp._ORS_377	79.43	559	5503304	106	8	1762663	1763218	553	1	1e-105	 390	minus	0
LR130539.1	FJ347437;cluster_I;Bradyrhizobium_sp._ORS_328	79.14	561	5503304	104	12	1762663	1763218	553	1	1e-105	 390	minus	0
LR130539.1	FJ347447;cluster_I;Bradyrhizobium_sp._ORS_375	78.99	557	5503304	104	12	1762667	1763218	549	1	4e-105	 388	minus	0
LR130539.1	FJ347425;cluster_I;Bradyrhizobium_sp._ORS_300	79.32	561	5503304	103	12	1762663	1763218	553	1	4e-105	 388	minus	0
LR130539.1	AF545637;cluster_I;Pantoea_agglomerans	86.27	357	5503304	49	0	1762948	1763304	360	4	4e-105	 388	minus	0
LR130539.1	FJ032021;cluster_I;Klebsiella_sp._BN-4A	89.32	309	5503304	33	0	1762940	1763248	309	1	4e-105	 388	minus	0
LR130539.1	DQ364804;cluster_I;Klebsiella_sp._JT42	88.11	328	5503304	37	2	1762909	1763235	327	1	4e-105	 388	minus	0
LR130539.1	FJ347451;cluster_I;Bradyrhizobium_sp._ORS_400	78.87	568	5503304	109	10	1762655	1763218	561	1	6e-104	 385	minus	0
LR130539.1	AY373366;cluster_I;Bacillus_sp._c6	87.77	327	5503304	40	0	1762909	1763235	327	1	2e-103	 383	minus	0
LR130539.1	GQ289574;cluster_I/IA;Bradyrhizobium_japonicum	81.68	464	5503304	79	6	1762856	1763316	1	461	7e-103	 381	plus	0
LR130539.1	FJ822999;cluster_I;Stenotrophomonas_sp._gx-44	85.67	363	5503304	50	2	1762871	1763232	1	362	7e-103	 381	plus	0
LR130539.1	FJ347419;cluster_I;Bradyrhizobium_sp._ORS_279	78.79	561	5503304	106	12	1762663	1763218	553	1	7e-103	 381	minus	0
LR130539.1	EU622788;cluster_I;Allochromatium_minutissimum	82.00	450	5503304	79	2	1762874	1763322	449	1	7e-103	 381	minus	0
LR130539.1	FJ347433;cluster_I;Bradyrhizobium_sp._ORS_310	78.57	560	5503304	109	10	1762663	1763218	553	1	9e-102	 377	minus	0
LR130539.1	FJ032022;cluster_I;Klebsiella_sp._AF-4C	88.67	309	5503304	35	0	1762940	1763248	311	3	9e-102	 377	minus	0
LR130539.1	GU001626;cluster_I;Bradyrhizobium_japonicum	78.04	633	5503304	114	22	1762653	1763274	57	675	3e-101	 375	plus	0
LR130539.1	GU001618;cluster_I;Bradyrhizobium_cytisi	77.58	660	5503304	123	22	1762595	1763243	671	26	3e-101	 375	minus	0
LR130539.1	GU001631;cluster_I;Bradyrhizobium_japonicum	78.04	633	5503304	114	22	1762653	1763274	57	675	3e-101	 375	plus	0
LR130539.1	GU001628;cluster_I;Bradyrhizobium_japonicum	78.04	633	5503304	114	22	1762653	1763274	57	675	3e-101	 375	plus	0
LR130539.1	GU001633;cluster_I;Bradyrhizobium_canariense	77.23	685	5503304	127	26	1762603	1763274	7	675	1e-100	 374	plus	0
LR130539.1	EU693339;cluster_I;Bacillus_sp._Z7	83.67	392	5503304	64	0	1762856	1763247	427	36	2e-99	 370	minus	0
LR130539.1	AB542361;cluster_I;Azospirillum_sp._TSH21	78.57	574	5503304	112	9	1762648	1763217	571	5	6e-99	 368	minus	0
LR130539.1	AB542347;cluster_I;Azospirillum_sp._TSA18	78.57	574	5503304	112	9	1762648	1763217	567	1	6e-99	 368	minus	0
LR130539.1	AB542340;cluster_I;Azospirillum_sp._TSA11	78.57	574	5503304	112	9	1762648	1763217	567	1	6e-99	 368	minus	0
LR130539.1	AB542343;cluster_I;Azospirillum_sp._TSA14w	78.57	574	5503304	112	9	1762648	1763217	569	3	6e-99	 368	minus	0
LR130539.1	EU693340;cluster_I;Bacillus_sp._Z19	82.81	413	5503304	69	2	1762856	1763268	428	18	6e-99	 368	minus	0
LR130539.1	AB542356;cluster_I;Azospirillum_sp._TSH2	78.76	565	5503304	105	11	1762653	1763211	562	7	7e-98	 364	minus	0
LR130539.1	AB542357;cluster_I;Azospirillum_sp._TSH5	78.76	565	5503304	105	11	1762653	1763211	560	5	7e-98	 364	minus	0
LR130539.1	AB542358;cluster_I;Azospirillum_sp._TSH6	78.76	565	5503304	105	11	1762653	1763211	560	5	7e-98	 364	minus	0
LR130539.1	AB542359;cluster_I;Azospirillum_sp._TSH10	78.76	565	5503304	105	11	1762653	1763211	560	5	7e-98	 364	minus	0
LR130539.1	AB542337;cluster_I;Azospirillum_sp._TSA2s	78.50	572	5503304	112	9	1762648	1763215	565	1	7e-98	 364	minus	0
LR130539.1	AB542344;cluster_I;Azospirillum_sp._TSA15c	78.50	572	5503304	112	9	1762648	1763215	565	1	7e-98	 364	minus	0
LR130539.1	EU693338;cluster_I;Azotobacter_chroococcum	82.65	415	5503304	69	3	1762856	1763268	434	21	7e-98	 364	minus	0
LR130539.1	EU693341;cluster_I;Acinetobacter_sp._Z21	83.55	389	5503304	64	0	1762856	1763244	429	41	7e-98	 364	minus	0
LR130539.1	GU001619;cluster_I;Bradyrhizobium_cytisi	77.22	663	5503304	120	26	1762595	1763243	671	26	3e-96	 359	minus	0
LR130539.1	EU693342;cluster_I;Bacillus_sp._Z22	82.60	408	5503304	70	1	1762856	1763262	436	29	3e-96	 359	minus	0
LR130539.1	AB542348;cluster_I;Azospirillum_sp._TSA19	78.47	562	5503304	110	9	1762648	1763205	558	4	1e-95	 357	minus	0
LR130539.1	AB542341;cluster_I;Azospirillum_sp._TSA12	78.47	562	5503304	110	9	1762648	1763205	558	4	1e-95	 357	minus	0
LR130539.1	AB542366;cluster_I;Azospirillum_sp._TSH96	78.51	563	5503304	106	11	1762655	1763211	557	4	4e-95	 355	minus	0
LR130539.1	GU001627;cluster_I;Bradyrhizobium_rifense	77.04	662	5503304	123	25	1762595	1763243	671	26	2e-94	 353	minus	0
LR130539.1	FJ822997;cluster_I;Pseudomonas_sp._gx-127	84.40	359	5503304	56	0	1762874	1763232	4	362	2e-94	 353	plus	0
LR130539.1	AB542364;cluster_I;Azospirillum_sp._TSH78	78.15	563	5503304	108	11	1762655	1763211	561	8	1e-91	 344	minus	0
LR130539.1	DQ821718;cluster_I;Enterobacter_sp._Y4	85.76	323	5503304	44	2	1762891	1763212	322	1	1e-90	 340	minus	0
LR130539.1	GQ289580;cluster_I/IA;Bradyrhizobium_japonicum	79.96	464	5503304	87	6	1762856	1763316	1	461	2e-89	 337	plus	0
LR130539.1	FJ822995;cluster_I;Agrobacterium_tumefaciens	83.29	359	5503304	60	0	1762874	1763232	4	362	7e-88	 331	plus	0
LR130539.1	AF484657;cluster_I;Methylobacterium_sp._xct7	80.00	460	5503304	80	11	1762772	1763227	452	1	3e-87	 329	minus	0
LR130539.1	DQ821725;cluster_I;Micrococcus_sp._Y70	84.83	323	5503304	47	2	1762891	1763212	322	1	1e-85	 324	minus	0
LR130539.1	DQ821719;cluster_I;Enterobacter_sp._Y11	84.52	323	5503304	48	2	1762891	1763212	322	1	6e-84	 318	minus	0
LR130539.1	U97116;cluster_I;Azoarcus_communis	80.68	414	5503304	74	5	1762888	1763298	411	1	2e-83	 316	minus	0
LR130539.1	DQ787333;cluster_I;Azospirillum_lipoferum	80.27	441	5503304	70	12	1762874	1763307	446	16	2e-83	 316	minus	0
LR130539.1	DQ787331;cluster_I;Azospirillum_lipoferum	79.69	453	5503304	81	9	1762874	1763322	446	1	2e-83	 316	minus	0
LR130539.1	DQ787334;cluster_I;Azospirillum_lipoferum	80.14	438	5503304	76	9	1762874	1763307	446	16	2e-83	 316	minus	0
LR130539.1	DQ787332;cluster_I;Azospirillum_lipoferum	80.14	438	5503304	76	9	1762874	1763307	446	16	2e-83	 316	minus	0
LR130539.1	AB161454;cluster_I;Pleomorphomonas_oryzae	80.38	423	5503304	74	5	1762902	1763321	417	1	3e-82	 313	minus	0
LR130539.1	AB079621;cluster_I;Rhodobacter_azotoformans	79.61	456	5503304	76	13	1762874	1763322	458	13	1e-81	 311	minus	0
LR130539.1	DQ029203;cluster_I;Azonexus_caeni	84.87	304	5503304	42	3	1762886	1763187	307	6	2e-79	 303	minus	0
LR130539.1	EF626686;cluster_I;Azonexus_hydrophilus	82.89	339	5503304	56	2	1762883	1763220	338	1	2e-79	 303	minus	0
LR130539.1	EF626684;cluster_I;Azonexus_hydrophilus_DSM_23864	82.60	339	5503304	57	2	1762883	1763220	338	1	8e-78	 298	minus	0
LR130539.1	EF626685;cluster_I;Azonexus_hydrophilus	82.60	339	5503304	57	2	1762883	1763220	338	1	8e-78	 298	minus	0
LR130539.1	FN813553;cluster_I;Azospirillum_zeae	81.59	364	5503304	60	5	1762871	1763232	359	1	1e-76	 294	minus	0
LR130539.1	FN813552;cluster_I;Azospirillum_zeae	81.59	364	5503304	60	5	1762871	1763232	359	1	1e-76	 294	minus	0
LR130539.1	AY351672;cluster_I;Azotobacter_chroococcum	83.18	321	5503304	54	0	1762894	1763214	321	1	1e-76	 294	minus	0
LR130539.1	GU256446;cluster_I;Azospirillum_canadense	80.95	378	5503304	63	5	1762894	1763268	375	4	1e-75	 291	minus	0
LR130539.1	AB430882;cluster_I;Azotobacter_chroococcum	82.92	322	5503304	55	0	1762891	1763212	322	1	1e-75	 291	minus	0
LR130539.1	FN813561;cluster_I;Azospirillum_zeae	81.37	365	5503304	59	7	1762871	1763232	359	1	5e-75	 289	minus	0
LR130539.1	DQ682472;cluster_I;Azospirillum_zeae	81.22	362	5503304	59	7	1762874	1763232	357	2	2e-74	 287	minus	0
LR130539.1	AB489139;cluster_I;Paenibacillus_abekawaensis	77.87	479	5503304	93	11	1762613	1763086	903	433	6e-74	 285	minus	0
LR130539.1	AY768690;cluster_I;Azonexus_fungiphilus	82.72	324	5503304	50	5	1762894	1763214	321	1	2e-73	 283	minus	0
LR130539.1	DQ682471;cluster_I;Azospirillum_zeae	81.34	359	5503304	58	7	1762874	1763229	353	1	2e-73	 283	minus	0
LR130539.1	GQ503352;cluster_I;Mesorhizobium_ciceri	75.59	594	5503304	132	13	1762653	1763241	89	674	8e-73	 281	plus	0
LR130539.1	EF634041;cluster_I;Rhizobium_gallicum	82.26	327	5503304	57	1	1762900	1763226	1	326	8e-73	 281	plus	0
LR130539.1	AB079622;cluster_I;Rhodobacter_sp._AP-10	78.19	454	5503304	88	7	1762873	1763322	459	13	3e-72	 279	minus	0
LR130539.1	FJ687521;cluster_I;Aeromonas_sp._IPPW-29	80.93	367	5503304	57	11	1762871	1763232	359	1	1e-71	 278	minus	0
LR130539.1	FJ687517;cluster_I;Pseudomonas_sp._IPPW-2	80.93	367	5503304	57	11	1762871	1763232	359	1	1e-71	 278	minus	0
LR130539.1	AB182912;cluster_I;Pleomorphomonas_oryzae	79.22	409	5503304	76	5	1762902	1763307	407	5	4e-71	 276	minus	0
LR130539.1	DQ029204;cluster_I;Azonexus_fungiphilus	83.39	295	5503304	49	0	1762885	1763179	308	14	1e-70	 274	minus	0
LR130539.1	GU256453;cluster_I;Azospirillum_zeae	81.34	343	5503304	57	5	1762903	1763243	374	37	5e-70	 272	minus	0
LR130539.1	EU418411;cluster_I;Rhizobium_gallicum	75.38	585	5503304	133	11	1762661	1763241	614	37	5e-70	 272	minus	0
LR130539.1	EU386145;cluster_I;Rhizobium_sp._NGR181	79.80	391	5503304	66	11	1762763	1763148	426	44	5e-70	 272	minus	0
LR130539.1	AB185395;cluster_I;Azospirillum_oryzae	79.01	405	5503304	76	7	1762894	1763295	408	10	6e-69	 268	minus	0
LR130539.1	GQ161241;cluster_I;Azospirillum_brasilense	80.44	363	5503304	60	8	1762874	1763232	356	1	2e-68	 267	minus	0
LR130539.1	DQ393890;cluster_I;Azospirillum_canadense	80.91	351	5503304	56	7	1762874	1763220	5	348	2e-68	 267	plus	0
LR130539.1	AB182913;cluster_I;Pleomorphomonas_oryzae	79.15	398	5503304	74	5	1762902	1763296	396	5	2e-68	 267	minus	0
LR130539.1	AB182911;cluster_I;Pleomorphomonas_oryzae	79.09	397	5503304	74	5	1762903	1763296	394	4	8e-68	 265	minus	0
LR130539.1	AB182910;cluster_I;Pleomorphomonas_oryzae	78.86	402	5503304	76	5	1762909	1763307	400	5	3e-67	 263	minus	0
LR130539.1	EU581815;cluster_I;Sinorhizobium_meliloti	76.96	473	5503304	100	8	1762769	1763238	500	34	1e-66	 261	minus	0
LR130539.1	EU379970;cluster_I;Sinorhizobium_meliloti	76.96	473	5503304	100	8	1762769	1763238	506	40	1e-66	 261	minus	0
LR130539.1	AJ457920;cluster_I;Sinorhizobium_sp._Rch-9868	77.17	473	5503304	93	14	1762769	1763235	528	65	1e-66	 261	minus	0
LR130539.1	EU581816;cluster_I;Sinorhizobium_meliloti	76.96	473	5503304	100	8	1762769	1763238	500	34	1e-66	 261	minus	0
LR130539.1	EU418412;cluster_I;Rhizobium_mongolense	75.04	585	5503304	135	11	1762661	1763241	614	37	1e-66	 261	minus	0
LR130539.1	EF199958;cluster_I;Thioalkalispira_microaerophila	79.78	356	5503304	72	0	1762901	1763256	383	28	4e-66	 259	minus	0
LR130539.1	AB079632;cluster_I;Rhodobacter_blasticus_DSM_2131	77.31	454	5503304	90	10	1762874	1763322	458	13	4e-66	 259	minus	0
LR130539.1	DQ413015;cluster_I;Rhizobium_leguminosarum_bv._viciae	79.17	384	5503304	71	8	1762768	1763148	514	137	1e-65	 257	minus	0
LR130539.1	EU770978;cluster_I;Rhizobium_leguminosarum	75.40	561	5503304	123	14	1762768	1763322	552	1	1e-65	 257	minus	0
LR130539.1	EU379969;cluster_I;Sinorhizobium_meliloti	76.35	499	5503304	104	13	1762828	1763322	246	734	5e-65	 255	plus	0
LR130539.1	AJ457919;cluster_I;Sinorhizobium_sp._Rch-9813	76.96	473	5503304	94	14	1762769	1763235	528	65	5e-65	 255	minus	0
LR130539.1	GU256450;cluster_I;Azospirillum_melinis	80.53	339	5503304	59	5	1762907	1763243	368	35	2e-64	 254	minus	0
LR130539.1	EF158046;cluster_I;Azospira_restricta	83.76	271	5503304	40	3	1762883	1763151	269	1	2e-64	 254	minus	0
LR130539.1	GQ411215;cluster_I;Bacillus_sp._SUND_LM2	87.91	215	5503304	25	1	1763021	1763235	314	101	6e-64	 252	minus	0
LR130539.1	EU407189;cluster_I;Rhizobium_tibeticum	74.53	585	5503304	140	8	1762660	1763241	604	26	3e-62	 246	minus	0
LR130539.1	EU770979;cluster_I;Rhizobium_leguminosarum	75.04	561	5503304	125	14	1762768	1763322	552	1	3e-62	 246	minus	0
LR130539.1	GU256451;cluster_I;Azospirillum_picis	80.06	341	5503304	57	7	1762907	1763243	370	37	4e-61	 243	minus	0
LR130539.1	AY929545;cluster_I;Rhizobium_sp._USDA_1920	78.12	393	5503304	77	9	1762681	1763070	387	1	1e-60	 241	minus	0
LR130539.1	AY929537;cluster_I;Rhizobium_mongolense	78.12	393	5503304	77	9	1762681	1763070	387	1	1e-60	 241	minus	0
LR130539.1	AY929538;cluster_I;Rhizobium_mongolense	78.12	393	5503304	77	9	1762681	1763070	387	1	1e-60	 241	minus	0
LR130539.1	AY929541;cluster_I;Rhizobium_yanglingense	78.12	393	5503304	77	9	1762681	1763070	387	1	1e-60	 241	minus	0
LR130539.1	ADAF001432;cluster_I;Gluconacetobacter_diazotrophicus	81.17	308	5503304	49	5	1762928	1763232	302	1	5e-60	 239	minus	0
LR130539.1	EU581817;cluster_I;Sinorhizobium_meliloti	76.11	473	5503304	104	8	1762769	1763238	497	31	5e-60	 239	minus	0
LR130539.1	AB079628;cluster_I;Rhodovulum_strictum	76.43	454	5503304	94	9	1762874	1763322	458	13	2e-58	 233	minus	0
LR130539.1	AY079181;cluster_I;Rhizobium_tropici	77.49	391	5503304	83	5	1762648	1763037	387	1	3e-57	 230	minus	0
LR130539.1	AB079629;cluster_I;Rhodovulum_strictum	76.26	455	5503304	95	9	1762873	1763322	459	13	3e-57	 230	minus	0
LR130539.1	GQ411209;cluster_I;Bacillus_megaterium	87.96	191	5503304	23	0	1763046	1763236	338	148	4e-56	 226	minus	0
LR130539.1	AB191042;cluster_I;Heliobacterium_gestii	71.22	1025	5503304	255	36	1761282	1762289	2000	999	5e-55	 222	minus	0
LR130539.1	EF620478;cluster_I;Azotobacter_chroococcum	79.34	334	5503304	54	15	1762891	1763214	332	4	2e-54	 220	minus	0
LR130539.1	EU697999;cluster_I;Mesorhizobium_temperatum	85.78	204	5503304	27	2	1762772	1762974	233	31	8e-53	 215	minus	0
LR130539.1	DQ315787;cluster_I;Anabaena_variabilis_ATCC_29413	72.74	686	5503304	159	23	1762650	1763322	704	34	5e-50	 206	minus	0
LR130539.1	DQ407288;cluster_I;Mesorhizobium_tianshanense	77.95	331	5503304	67	6	1762653	1762980	329	2	6e-49	 202	minus	0
LR130539.1	AH000924;cluster_I;Rhizobium_sp.	74.79	472	5503304	107	11	1761313	1761778	773	308	6e-49	 202	minus	0
LR130539.1	DQ407287;cluster_I;Mesorhizobium_tianshanense	77.81	329	5503304	66	7	1762653	1762977	329	4	3e-47	 196	minus	0
LR130539.1	DQ407295;cluster_I;Mesorhizobium_ciceri	77.85	325	5503304	66	6	1762653	1762974	322	1	3e-47	 196	minus	0
LR130539.1	GQ289582;cluster_III;Bradyrhizobium_japonicum	82.08	240	5503304	29	10	1762856	1763085	1	236	4e-46	 193	plus	0
LR130539.1	AJ968685;cluster_I;Microbacterium_sp._ORS_1418	76.68	343	5503304	67	12	1762886	1763223	335	1	1e-41	 178	minus	0
LR130539.1	GQ289573;cluster_III;Bradyrhizobium_japonicum	80.33	244	5503304	38	6	1762856	1763091	1	242	4e-41	 176	plus	0
LR130539.1	AVU89346;cluster_I;Anabaena_variabilis_ATCC_29413	71.49	691	5503304	179	16	1762646	1763328	1097	417	6e-39	 169	minus	0
LR130539.1	AJ968687;cluster_I;Microbacterium_sp._ORS_1417	76.35	334	5503304	68	10	1762894	1763223	329	3	6e-39	 169	minus	0
LR130539.1	AJ968686;cluster_I;Agromyces_sp._ORS_1437	78.73	268	5503304	44	12	1762886	1763148	312	53	2e-38	 167	minus	0
LR130539.1	Z31716;cluster_I;Nostoc_sp._PCC_6720	71.35	691	5503304	180	16	1762646	1763328	1234	554	3e-37	 163	minus	0
LR130539.1	DQ364798;cluster_I;Paenibacillus_sp._GJ24	76.54	260	5503304	52	6	1762909	1763165	324	71	2e-28	 134	minus	0
LR130539.1	DQ364799;cluster_I;Paenibacillus_sp._GA12	74.55	334	5503304	68	12	1762909	1763235	324	1	3e-27	 130	minus	0
LR130539.1	EF560698;cluster_III;Chlorobaculum_macestae	77.29	229	5503304	44	5	1762874	1763095	449	222	1e-26	 128	minus	0
LR130539.1	AY373370;cluster_I;Paenibacillus_massiliensis	77.33	172	5503304	36	2	1762909	1763080	306	138	8e-18	99.0	minus	0
LR130539.1	NOSGLBN;cluster_I;Nostoc_sp.	76.47	153	5503304	31	5	1763178	1763328	1184	1035	1e-11	78.7	minus	0
