CP018362.1	V00631;cluster_I;Klebsiella_pneumoniae	95.63	1809	5992008	77	2	1171450	1173258	1	1807	0.0	2902	plus	0
CP018362.1	KPNNIFH;cluster_I;Klebsiella_pneumoniae	96.53	894	5992008	31	0	1171742	1172635	1	894	0.0	1480	plus	0
CP018362.1	AY242355;cluster_I;Klebsiella_pneumoniae_342	90.27	884	5992008	82	4	1171742	1172623	1	882	0.0	1153	plus	0
CP018362.1	X03916;cluster_I;Azotobacter_chroococcum	82.95	833	5992008	136	6	1171749	1172578	345	1174	0.0	 747	plus	0
CP018362.1	FJ593867;cluster_I;Klebsiella_sp._AL060224_03	98.97	389	5992008	4	0	1171826	1172214	1	389	0.0	 697	plus	0
CP018362.1	AY221827;cluster_I;Klebsiella_oxytoca_KCTC_1686	98.78	327	5992008	4	0	1171874	1172200	1	327	2e-163	 582	plus	0
CP018362.1	AB189641;cluster_I;Halorhodospira_halophila	79.66	816	5992008	160	6	1171766	1172578	234	1046	2e-163	 582	plus	0
CP018362.1	AY373368;cluster_I;Paenibacillus_sp._g2	98.17	327	5992008	6	0	1171853	1172179	1	327	4e-160	 571	plus	0
CP018362.1	DQ364804;cluster_I;Klebsiella_sp._JT42	97.26	328	5992008	7	2	1171853	1172179	1	327	4e-155	 555	plus	0
CP018362.1	FJ593769;cluster_I;Klebsiella_sp._P0646	92.03	389	5992008	31	0	1171826	1172214	1	389	7e-153	 547	plus	0
CP018362.1	GQ381287;cluster_I;Klebsiella_sp._SZ7-2	93.87	359	5992008	19	2	1171856	1172214	1	356	4e-150	 538	plus	0
CP018362.1	FJ593860;cluster_I;Klebsiella_sp._MNS_801b	91.52	389	5992008	33	0	1171826	1172214	1	389	2e-149	 536	plus	0
CP018362.1	FJ593864;cluster_I;Klebsiella_sp._MNFG_802	91.52	389	5992008	33	0	1171826	1172214	1	389	2e-149	 536	plus	0
CP018362.1	FJ593861;cluster_I;Klebsiella_sp._MNS_801a	91.52	389	5992008	33	0	1171826	1172214	1	389	2e-149	 536	plus	0
CP018362.1	FJ593862;cluster_I;Klebsiella_sp._MNW_801b	91.52	389	5992008	33	0	1171826	1172214	1	389	2e-149	 536	plus	0
CP018362.1	FJ593863;cluster_I;Klebsiella_sp._MNFG_801b	91.52	389	5992008	33	0	1171826	1172214	1	389	2e-149	 536	plus	0
CP018362.1	FJ593866;cluster_I;Klebsiella_sp._AL060225_04	91.26	389	5992008	34	0	1171826	1172214	1	389	7e-148	 531	plus	0
CP018362.1	FJ593865;cluster_I;Klebsiella_sp._AL050511_01	91.26	389	5992008	34	0	1171826	1172214	1	389	7e-148	 531	plus	0
CP018362.1	FJ593768;cluster_I;Klebsiella_sp._CRPV0611a	91.26	389	5992008	34	0	1171826	1172214	1	389	7e-148	 531	plus	0
CP018362.1	FJ593767;cluster_I;Klebsiella_sp._P0643	91.26	389	5992008	34	0	1171826	1172214	1	389	7e-148	 531	plus	0
CP018362.1	FJ593766;cluster_I;Klebsiella_sp._P0640	91.26	389	5992008	34	0	1171826	1172214	1	389	7e-148	 531	plus	0
CP018362.1	FJ593765;cluster_I;Klebsiella_sp._P0638	91.26	389	5992008	34	0	1171826	1172214	1	389	7e-148	 531	plus	0
CP018362.1	FJ593757;cluster_I;Klebsiella_sp._CRLS069a	91.26	389	5992008	34	0	1171826	1172214	1	389	7e-148	 531	plus	0
CP018362.1	FJ593760;cluster_I;Klebsiella_sp._CRLS064	91.00	389	5992008	35	0	1171826	1172214	1	389	3e-146	 525	plus	0
CP018362.1	FJ593763;cluster_I;Klebsiella_sp._CRLI0718a	91.00	389	5992008	35	0	1171826	1172214	1	389	3e-146	 525	plus	0
CP018362.1	FJ593756;cluster_I;Klebsiella_sp._CRLI0715	91.00	389	5992008	35	0	1171826	1172214	1	389	3e-146	 525	plus	0
CP018362.1	FJ593758;cluster_I;Klebsiella_sp._CRPV0610	91.00	389	5992008	35	0	1171826	1172214	1	389	3e-146	 525	plus	0
CP018362.1	FJ593759;cluster_I;Klebsiella_sp._CRLS0617	91.00	389	5992008	35	0	1171826	1172214	1	389	3e-146	 525	plus	0
CP018362.1	FJ593764;cluster_I;Klebsiella_sp._CRLI0713	91.00	389	5992008	35	0	1171826	1172214	1	389	3e-146	 525	plus	0
CP018362.1	AJ563286;cluster_I;Dechloromonas_sp._SIUL	81.02	669	5992008	117	9	1171835	1172498	13	676	1e-145	 523	plus	0
CP018362.1	FJ593762;cluster_I;Klebsiella_sp._CRLI0728	90.75	389	5992008	36	0	1171826	1172214	1	389	2e-144	 520	plus	0
CP018362.1	EF200511;cluster_I;Klebsiella_sp._TT001	97.37	304	5992008	8	0	1171886	1172189	1	304	6e-144	 518	plus	0
CP018362.1	EF200510;cluster_I;Klebsiella_sp._NTI31	97.37	304	5992008	8	0	1171886	1172189	1	304	6e-144	 518	plus	0
CP018362.1	AY373371;cluster_I;Bacillus_sp._w5	95.11	327	5992008	16	0	1171853	1172179	1	327	2e-143	 516	plus	0
CP018362.1	FJ032021;cluster_I;Klebsiella_sp._BN-4A	96.76	309	5992008	10	0	1171840	1172148	1	309	2e-143	 516	plus	0
CP018362.1	AY373369;cluster_I;Bacillus_cereus	95.11	327	5992008	16	0	1171853	1172179	5	331	2e-143	 516	plus	0
CP018362.1	FJ593761;cluster_I;Klebsiella_sp._CRLI0730	90.49	389	5992008	37	0	1171826	1172214	1	389	7e-143	 514	plus	0
CP018362.1	AY373365;cluster_I;Bacillus_megaterium	95.31	320	5992008	15	0	1171853	1172172	1	320	3e-141	 508	plus	0
CP018362.1	AY373366;cluster_I;Bacillus_sp._c6	94.19	327	5992008	19	0	1171853	1172179	1	327	2e-138	 499	plus	0
CP018362.1	FJ032022;cluster_I;Klebsiella_sp._AF-4C	95.47	309	5992008	14	0	1171840	1172148	3	311	1e-136	 494	plus	0
CP018362.1	EU938522;cluster_I;Burkholderia_sp._gx97	90.81	359	5992008	33	0	1171856	1172214	1	359	8e-133	 481	plus	0
CP018362.1	GQ381290;cluster_I;Klebsiella_pneumoniae	93.25	326	5992008	19	3	1171889	1172214	9	331	1e-131	 477	plus	0
CP018362.1	FJ822998;cluster_I;Klebsiella_sp._gx-3	90.25	359	5992008	35	0	1171856	1172214	362	4	2e-129	 470	minus	0
CP018362.1	GQ381289;cluster_I;Paenibacillus_sp._SZ002	93.15	321	5992008	19	3	1171894	1172214	10	327	6e-129	 468	plus	0
CP018362.1	GU433547;cluster_I;Bradyrhizobium_japonicum	79.85	655	5992008	119	12	1171845	1172494	20	666	2e-128	 466	plus	0
CP018362.1	AY846276;cluster_I;Klebsiella_pneumoniae	87.98	391	5992008	46	1	1171759	1172148	400	10	1e-126	 460	minus	0
CP018362.1	AY367396;cluster_I;Raoultella_terrigena	91.27	332	5992008	29	0	1171856	1172187	1	332	2e-124	 453	plus	0
CP018362.1	AY367392;cluster_I;Klebsiella_variicola	90.48	336	5992008	32	0	1171856	1172191	2	337	1e-121	 444	plus	0
CP018362.1	AY367394;cluster_I;Klebsiella_variicola	90.69	333	5992008	31	0	1171856	1172188	2	334	1e-121	 444	plus	0
CP018362.1	AY367395;cluster_I;Klebsiella_variicola	90.48	336	5992008	32	0	1171879	1172214	1	336	1e-121	 444	plus	0
CP018362.1	FJ822994;cluster_I;Sinorhizobium_sp._gx-153	89.63	347	5992008	36	0	1171868	1172214	350	4	4e-121	 442	minus	0
CP018362.1	FJ593779;cluster_I;Pantoea_sp._A0305	87.15	389	5992008	50	0	1171826	1172214	1	389	4e-121	 442	plus	0
CP018362.1	FJ593780;cluster_I;Pantoea_sp._P0352	87.15	389	5992008	50	0	1171826	1172214	1	389	4e-121	 442	plus	0
CP018362.1	FJ593778;cluster_I;Pantoea_sp._P0359	87.15	389	5992008	50	0	1171826	1172214	1	389	4e-121	 442	plus	0
CP018362.1	AF031817;cluster_I;Rhodobacter_sphaeroides	76.80	819	5992008	168	19	1171759	1172566	283	1090	1e-120	 440	plus	0
CP018362.1	AY367393;cluster_I;Klebsiella_variicola	90.18	336	5992008	33	0	1171879	1172214	1	336	5e-120	 438	plus	0
CP018362.1	FJ593777;cluster_I;Pantoea_sp._CRLI0725a	86.89	389	5992008	51	0	1171826	1172214	1	389	2e-119	 436	plus	0
CP018362.1	X07866;cluster_I;Rhodobacter_capsulatus_SB_1003	76.40	822	5992008	174	17	1171766	1172577	120	931	4e-116	 425	plus	0
CP018362.1	FJ593868;cluster_I;Enterobacter_sp._MTP_050512_17	86.12	389	5992008	54	0	1171826	1172214	1	389	2e-114	 420	plus	0
CP018362.1	X63352;cluster_I;Rhodobacter_capsulatus	76.28	822	5992008	175	17	1171766	1172577	1318	2129	2e-114	 420	plus	0
CP018362.1	DQ821722;cluster_I;Sphingomonas_sp._Y49	90.06	322	5992008	32	0	1171876	1172197	1	322	6e-114	 418	plus	0
CP018362.1	HM047125;cluster_I;Bradyrhizobium_denitrificans	78.29	668	5992008	128	15	1171816	1172476	3	660	8e-113	 414	plus	0
CP018362.1	AB542336;cluster_I;Bradyrhizobium_sp._TSA1	78.73	630	5992008	119	14	1171845	1172468	27	647	1e-110	 407	plus	0
CP018362.1	DQ821723;cluster_I;Klebsiella_sp._Y57	89.44	322	5992008	34	0	1171876	1172197	1	322	1e-110	 407	plus	0
CP018362.1	EU622783;cluster_I;Thiocapsa_bogorovii	83.80	426	5992008	67	2	1171790	1172214	25	449	2e-109	 403	plus	0
CP018362.1	AF545637;cluster_I;Pantoea_agglomerans	87.01	354	5992008	46	0	1171787	1172140	7	360	2e-108	 399	plus	0
CP018362.1	DQ364801;cluster_I;Klebsiella_sp._BM92	89.06	320	5992008	35	0	1171853	1172172	1	320	8e-108	 398	plus	0
CP018362.1	EU622788;cluster_I;Allochromatium_minutissimum	82.67	450	5992008	76	2	1171766	1172214	1	449	8e-108	 398	plus	0
CP018362.1	AB542360;cluster_I;Azospirillum_sp._TSH19	79.30	575	5992008	107	10	1171871	1172441	2	568	4e-106	 392	plus	0
CP018362.1	AB542345;cluster_I;Bradyrhizobium_sp._TSA15y	79.47	570	5992008	104	12	1171857	1172421	1	562	4e-106	 392	plus	0
CP018362.1	FJ347420;cluster_I;Bradyrhizobium_sp._ORS_285	79.37	572	5992008	103	14	1171870	1172435	1	563	1e-105	 390	plus	0
CP018362.1	AB542367;cluster_I;Azospirillum_sp._TSH100	79.27	574	5992008	107	10	1171872	1172441	1	566	1e-105	 390	plus	0
CP018362.1	AB542364;cluster_I;Azospirillum_sp._TSH78	79.44	569	5992008	102	13	1171871	1172433	2	561	5e-105	 388	plus	0
CP018362.1	FJ347446;cluster_I;Bradyrhizobium_sp._ORS_372	79.39	558	5992008	100	14	1171870	1172421	1	549	2e-104	 387	plus	0
CP018362.1	FJ347434;cluster_I;Bradyrhizobium_sp._ORS_318	79.17	557	5992008	103	12	1171870	1172421	1	549	6e-104	 385	plus	0
CP018362.1	FJ347422;cluster_I;Bradyrhizobium_sp._ORS_294	79.17	557	5992008	103	12	1171870	1172421	1	549	6e-104	 385	plus	0
CP018362.1	AB542351;cluster_I;Bradyrhizobium_sp._TSA27b	78.32	618	5992008	119	14	1171857	1172468	1	609	6e-104	 385	plus	0
CP018362.1	FJ347438;cluster_I;Bradyrhizobium_sp._ORS_330	79.20	572	5992008	104	14	1171870	1172435	1	563	2e-103	 383	plus	0
CP018362.1	FJ347445;cluster_I;Bradyrhizobium_sp._ORS_361	78.99	557	5992008	104	12	1171870	1172421	1	549	8e-103	 381	plus	0
CP018362.1	FJ347443;cluster_I;Bradyrhizobium_sp._ORS_356	78.99	557	5992008	104	12	1171870	1172421	1	549	8e-103	 381	plus	0
CP018362.1	FJ347435;cluster_I;Bradyrhizobium_sp._ORS_324	79.17	557	5992008	103	12	1171870	1172421	1	549	8e-103	 381	plus	0
CP018362.1	FJ347418;cluster_I;Bradyrhizobium_sp._ORS_277	79.39	558	5992008	100	14	1171870	1172421	1	549	8e-103	 381	plus	0
CP018362.1	AB542352;cluster_I;Bradyrhizobium_sp._TSA27s	78.25	616	5992008	119	14	1171859	1172468	1	607	8e-103	 381	plus	0
CP018362.1	EF199951;cluster_I;Halorhodospira_halophila	82.00	450	5992008	79	2	1171766	1172214	1	449	8e-103	 381	plus	0
CP018362.1	FJ347436;cluster_I;Bradyrhizobium_sp._ORS_327	79.21	558	5992008	101	14	1171870	1172421	1	549	3e-102	 379	plus	0
CP018362.1	AB542337;cluster_I;Azospirillum_sp._TSA2s	78.14	613	5992008	123	9	1171877	1172485	5	610	3e-102	 379	plus	0
CP018362.1	FJ347430;cluster_I;Bradyrhizobium_sp._ORS_307	78.67	558	5992008	104	14	1171870	1172421	1	549	5e-100	 372	plus	0
CP018362.1	FJ347427;cluster_I;Bradyrhizobium_sp._ORS_303	78.64	557	5992008	106	12	1171870	1172421	1	549	5e-100	 372	plus	0
CP018362.1	FJ347423;cluster_I;Bradyrhizobium_sp._ORS_297	79.03	558	5992008	102	14	1171870	1172421	1	549	2e-99	 370	plus	0
CP018362.1	FJ347424;cluster_I;Bradyrhizobium_sp._ORS_298	78.64	557	5992008	106	12	1171870	1172421	1	549	2e-99	 370	plus	0
CP018362.1	AB542356;cluster_I;Azospirillum_sp._TSH2	78.81	571	5992008	106	13	1171871	1172435	1	562	2e-99	 370	plus	0
CP018362.1	FJ347447;cluster_I;Bradyrhizobium_sp._ORS_375	78.01	573	5992008	109	15	1171870	1172435	1	563	2e-98	 366	plus	0
CP018362.1	FJ347441;cluster_I;Bradyrhizobium_sp._ORS_344	77.97	572	5992008	111	14	1171870	1172435	1	563	2e-98	 366	plus	0
CP018362.1	FJ347426;cluster_I;Bradyrhizobium_sp._ORS_301	78.32	572	5992008	109	14	1171870	1172435	1	563	2e-98	 366	plus	0
CP018362.1	AB542366;cluster_I;Azospirillum_sp._TSH96	78.86	563	5992008	104	13	1171877	1172433	4	557	2e-98	 366	plus	0
CP018362.1	AB542357;cluster_I;Azospirillum_sp._TSH5	78.73	569	5992008	106	13	1171873	1172435	1	560	2e-98	 366	plus	0
CP018362.1	AB542358;cluster_I;Azospirillum_sp._TSH6	78.73	569	5992008	106	13	1171873	1172435	1	560	2e-98	 366	plus	0
CP018362.1	AB542359;cluster_I;Azospirillum_sp._TSH10	78.73	569	5992008	106	13	1171873	1172435	1	560	2e-98	 366	plus	0
CP018362.1	FJ347437;cluster_I;Bradyrhizobium_sp._ORS_328	78.32	558	5992008	106	14	1171870	1172421	1	549	1e-96	 361	plus	0
CP018362.1	AB542354;cluster_I;Bradyrhizobium_sp._TSA43	77.74	611	5992008	121	14	1171865	1172468	2	604	1e-96	 361	plus	0
CP018362.1	AB542361;cluster_I;Azospirillum_sp._TSH21	78.24	579	5992008	114	10	1171867	1172441	1	571	1e-96	 361	plus	0
CP018362.1	AB542355;cluster_I;Bradyrhizobium_sp._TSA44	77.67	609	5992008	123	12	1171865	1172468	3	603	4e-96	 359	plus	0
CP018362.1	AB542347;cluster_I;Azospirillum_sp._TSA18	78.38	569	5992008	111	10	1171877	1172441	7	567	4e-96	 359	plus	0
CP018362.1	AB542344;cluster_I;Azospirillum_sp._TSA15c	78.38	569	5992008	111	10	1171877	1172441	5	565	4e-96	 359	plus	0
CP018362.1	AB542340;cluster_I;Azospirillum_sp._TSA11	78.38	569	5992008	111	10	1171877	1172441	7	567	4e-96	 359	plus	0
CP018362.1	AB542343;cluster_I;Azospirillum_sp._TSA14w	78.38	569	5992008	111	10	1171877	1172441	9	569	4e-96	 359	plus	0
CP018362.1	AB542348;cluster_I;Azospirillum_sp._TSA19	78.27	566	5992008	111	10	1171880	1172441	1	558	2e-94	 353	plus	0
CP018362.1	AB542341;cluster_I;Azospirillum_sp._TSA12	78.27	566	5992008	111	10	1171880	1172441	1	558	2e-94	 353	plus	0
CP018362.1	GQ289562;cluster_I;Bradyrhizobium_japonicum	80.60	464	5992008	81	8	1171772	1172232	458	1	2e-93	 350	minus	0
CP018362.1	FJ347433;cluster_I;Bradyrhizobium_sp._ORS_310	77.74	557	5992008	111	12	1171870	1172421	1	549	2e-93	 350	plus	0
CP018362.1	EF199953;cluster_I;Ectothiorhodospira_shaposhnikovii	80.44	450	5992008	86	2	1171766	1172214	1	449	4e-91	 342	plus	0
CP018362.1	DQ787333;cluster_I;Azospirillum_lipoferum	81.09	439	5992008	70	11	1171781	1172214	16	446	5e-90	 339	plus	0
CP018362.1	EF199954;cluster_I;Ectothiorhodospira_mobilis	80.27	451	5992008	85	4	1171766	1172214	1	449	2e-89	 337	plus	0
CP018362.1	AB542350;cluster_I;Bradyrhizobium_sp._TSA26	77.98	554	5992008	109	12	1171873	1172421	1	546	6e-89	 335	plus	0
CP018362.1	FSU53362;cluster_I;Frankia_sp._EuIK1	72.14	1278	5992008	293	53	1172799	1174046	1286	2530	3e-87	 329	plus	0
CP018362.1	AF484657;cluster_I;Methylobacterium_sp._xct7	80.00	460	5992008	80	10	1171861	1172316	1	452	3e-87	 329	plus	0
CP018362.1	GQ161239;cluster_I;Azospirillum_brasilense	83.38	361	5992008	53	6	1171856	1172214	1	356	1e-86	 327	plus	0
CP018362.1	AF059648;cluster_I;Marichromatium_purpuratum	84.92	325	5992008	47	2	1171877	1172200	4	327	1e-86	 327	plus	0
CP018362.1	GQ289571;cluster_I;Bradyrhizobium_japonicum	79.66	467	5992008	83	11	1171772	1172232	461	1	4e-86	 326	minus	0
CP018362.1	AB191041;cluster_I;Heliobacterium_chlorum	74.61	776	5992008	179	17	1171811	1172577	1	767	4e-86	 326	plus	0
CP018362.1	FN813553;cluster_I;Azospirillum_zeae	82.69	364	5992008	56	5	1171856	1172217	1	359	2e-83	 316	plus	0
CP018362.1	FN813552;cluster_I;Azospirillum_zeae	82.69	364	5992008	56	5	1171856	1172217	1	359	2e-83	 316	plus	0
CP018362.1	FN813561;cluster_I;Azospirillum_zeae	82.74	365	5992008	54	7	1171856	1172217	1	359	2e-83	 316	plus	0
CP018362.1	GQ411215;cluster_I;Bacillus_sp._SUND_LM2	93.06	216	5992008	14	1	1171853	1172068	101	315	8e-83	 315	plus	0
CP018362.1	GQ161241;cluster_I;Azospirillum_brasilense	82.60	362	5992008	54	7	1171856	1172214	1	356	1e-81	 311	plus	0
CP018362.1	GQ289577;cluster_I;Bradyrhizobium_japonicum	79.24	472	5992008	76	17	1171772	1172232	461	1	4e-81	 309	minus	0
CP018362.1	FJ347444;cluster_I;Bradyrhizobium_sp._ORS_358	76.48	591	5992008	126	12	1171870	1172455	1	583	4e-81	 309	plus	0
CP018362.1	FJ347431;cluster_I;Bradyrhizobium_sp._ORS_309	76.48	591	5992008	126	12	1171870	1172455	1	583	4e-81	 309	plus	0
CP018362.1	EU672874;cluster_I;Methylogaea_oryzae_JCM_16910	84.66	313	5992008	44	4	1171904	1172214	1	311	4e-81	 309	plus	0
CP018362.1	GU256446;cluster_I;Azospirillum_canadense	81.94	371	5992008	60	5	1171826	1172194	10	375	1e-80	 307	plus	0
CP018362.1	DQ682472;cluster_I;Azospirillum_zeae	82.04	362	5992008	56	7	1171856	1172214	2	357	2e-79	 303	plus	0
CP018362.1	DQ029203;cluster_I;Azonexus_caeni	86.07	280	5992008	39	0	1171923	1172202	28	307	6e-79	 302	plus	0
CP018362.1	DQ682471;cluster_I;Azospirillum_zeae	82.17	359	5992008	55	7	1171859	1172214	1	353	2e-78	 300	plus	0
CP018362.1	EU035273;cluster_I;Paracoccus_sp._4bc	78.46	492	5992008	81	19	1171871	1172361	7	474	8e-78	 298	plus	0
CP018362.1	AB079621;cluster_I;Rhodobacter_azotoformans	78.99	457	5992008	81	13	1171764	1172214	11	458	8e-78	 298	plus	0
CP018362.1	DQ393890;cluster_I;Azospirillum_canadense	82.15	353	5992008	54	7	1171865	1172214	351	5	1e-76	 294	minus	0
CP018362.1	FJ687518;cluster_I;Pseudomonas_sp._IPPW-3	81.27	363	5992008	66	2	1171856	1172217	1	362	4e-76	 292	plus	0
CP018362.1	GU256453;cluster_I;Azospirillum_zeae	81.02	374	5992008	64	5	1171814	1172185	6	374	1e-75	 291	plus	0
CP018362.1	AB185395;cluster_I;Azospirillum_oryzae	80.68	383	5992008	67	5	1171814	1172194	31	408	1e-75	 291	plus	0
CP018362.1	FJ687522;cluster_I;Aeromonas_sp._IPPW-33a	80.99	363	5992008	67	2	1171856	1172217	1	362	2e-74	 287	plus	0
CP018362.1	GQ411209;cluster_I;Bacillus_megaterium	93.65	189	5992008	12	0	1171852	1172040	148	336	2e-73	 283	plus	0
CP018362.1	AY768690;cluster_I;Azonexus_fungiphilus	82.66	323	5992008	52	4	1171874	1172194	1	321	2e-73	 283	plus	0
CP018362.1	EU035272;cluster_I;Oceanimonas_sp._5a	78.12	480	5992008	80	19	1171883	1172361	1	456	8e-73	 281	plus	0
CP018362.1	EU035275;cluster_I;Vibrio_sp._9b	78.35	462	5992008	75	18	1171901	1172361	1	438	4e-71	 276	plus	0
CP018362.1	AB079628;cluster_I;Rhodovulum_strictum	78.12	457	5992008	85	13	1171764	1172214	11	458	4e-71	 276	plus	0
CP018362.1	EU291983;cluster_I;Ensifer_mexicanus	77.43	474	5992008	98	7	1172015	1172485	1	468	1e-70	 274	plus	0
CP018362.1	EU291980;cluster_I;Sinorhizobium_chiapanecum	77.38	473	5992008	100	5	1172015	1172485	1	468	1e-70	 274	plus	0
CP018362.1	FJ687521;cluster_I;Aeromonas_sp._IPPW-29	80.55	365	5992008	62	8	1171856	1172217	1	359	5e-70	 272	plus	0
CP018362.1	FJ687517;cluster_I;Pseudomonas_sp._IPPW-2	80.55	365	5992008	62	8	1171856	1172217	1	359	5e-70	 272	plus	0
CP018362.1	AB079629;cluster_I;Rhodovulum_strictum	77.95	458	5992008	86	13	1171764	1172215	11	459	5e-70	 272	plus	0
CP018362.1	GU256451;cluster_I;Azospirillum_picis	81.47	340	5992008	54	7	1171845	1172181	37	370	2e-69	 270	plus	0
CP018362.1	GU256445;cluster_I;Nitrospirillum_amazonense	80.44	363	5992008	60	10	1171847	1172205	18	373	2e-68	 267	plus	0
CP018362.1	EF158046;cluster_I;Azospira_restricta	84.59	266	5992008	41	0	1171940	1172205	4	269	8e-68	 265	plus	0
CP018362.1	EU035277;cluster_I;Arthrobacter_sp._61k	75.46	599	5992008	118	20	1171766	1172361	1	573	8e-68	 265	plus	0
CP018362.1	EF634050;cluster_I;Azotobacter_chroococcum	82.14	308	5992008	49	5	1171907	1172211	1	305	4e-66	 259	plus	0
CP018362.1	AB191042;cluster_I;Heliobacterium_gestii	71.91	1029	5992008	241	38	1172799	1173806	999	2000	5e-65	 255	plus	0
CP018362.1	EF634053;cluster_I;Azotobacter_chroococcum	81.59	315	5992008	50	7	1171904	1172213	15	326	2e-64	 254	plus	0
CP018362.1	AY644349;cluster_I;Azomonas_macrocytogenes	79.21	356	5992008	74	0	1171859	1172214	7	362	6e-64	 252	plus	0
CP018362.1	EU035276;cluster_I;Corynebacterium_sp._12a	79.72	360	5992008	61	8	1172003	1172361	225	573	2e-63	 250	plus	0
CP018362.1	DQ411938;cluster_I;Ensifer_mexicanus	77.39	429	5992008	88	7	1172060	1172485	10	432	3e-62	 246	plus	0
CP018362.1	DQ411939;cluster_I;Ensifer_mexicanus	77.39	429	5992008	88	7	1172060	1172485	10	432	3e-62	 246	plus	0
CP018362.1	GQ289563;cluster_I;Bradyrhizobium_japonicum	76.28	468	5992008	97	12	1171772	1172232	461	1	2e-59	 237	minus	0
CP018362.1	EF634055;cluster_I;Azotobacter_chroococcum	83.02	265	5992008	39	5	1171952	1172213	27	288	7e-59	 235	plus	0
CP018362.1	AB191043;cluster_I;Heliobacterium_modesticaldum_Ice1	71.22	1150	5992008	267	49	1172799	1173919	1093	2207	8e-58	 231	plus	0
CP018362.1	ADAF001432;cluster_I;Gluconacetobacter_diazotrophicus	80.59	304	5992008	52	5	1171856	1172157	1	299	1e-56	 228	plus	0
CP018362.1	GQ289567;cluster_III;Bradyrhizobium_japonicum	75.38	463	5992008	94	17	1171780	1172232	453	1	5e-50	 206	minus	0
CP018362.1	AB100830;cluster_I;Heliobacterium_chlorum	77.16	359	5992008	76	6	1171859	1172214	4	359	2e-49	 204	plus	0
CP018362.1	GQ289582;cluster_III;Bradyrhizobium_japonicum	79.84	243	5992008	43	2	1171996	1172232	243	1	5e-40	 172	minus	0
CP018362.1	GQ289566;cluster_III;Bradyrhizobium_japonicum	79.32	237	5992008	41	4	1172003	1172232	236	1	4e-36	 159	minus	0
CP018362.1	GQ289573;cluster_III;Bradyrhizobium_japonicum	78.48	237	5992008	43	5	1172003	1172232	236	1	9e-33	 148	minus	0
