CP026715.1	V00631;cluster_I;Klebsiella_pneumoniae	95.74	1809	5883411	75	2	926017	927825	1807	1	0.0	2913	minus	0
CP026715.1	KPNNIFH;cluster_I;Klebsiella_pneumoniae	96.76	894	5883411	29	0	926640	927533	894	1	0.0	1491	minus	0
CP026715.1	AY242355;cluster_I;Klebsiella_pneumoniae_342	90.72	884	5883411	78	4	926652	927533	882	1	0.0	1175	minus	0
CP026715.1	X03916;cluster_I;Azotobacter_chroococcum	83.07	833	5883411	135	6	926697	927526	1174	345	0.0	 752	minus	0
CP026715.1	FJ593867;cluster_I;Klebsiella_sp._AL060224_03	99.49	389	5883411	2	0	927061	927449	389	1	0.0	 708	minus	0
CP026715.1	AY221827;cluster_I;Klebsiella_oxytoca_KCTC_1686	99.39	327	5883411	2	0	927075	927401	327	1	9e-167	 593	minus	0
CP026715.1	AY373368;cluster_I;Paenibacillus_sp._g2	98.78	327	5883411	4	0	927096	927422	327	1	2e-163	 582	minus	0
CP026715.1	AB189641;cluster_I;Halorhodospira_halophila	79.75	800	5883411	158	4	926712	927509	1031	234	9e-162	 577	minus	0
CP026715.1	FJ593769;cluster_I;Klebsiella_sp._P0646	92.29	389	5883411	30	0	927061	927449	389	1	2e-154	 553	minus	0
CP026715.1	GQ381287;cluster_I;Klebsiella_sp._SZ7-2	94.43	359	5883411	17	2	927061	927419	356	1	2e-153	 549	minus	0
CP026715.1	FJ593860;cluster_I;Klebsiella_sp._MNS_801b	92.03	389	5883411	31	0	927061	927449	389	1	7e-153	 547	minus	0
CP026715.1	FJ593864;cluster_I;Klebsiella_sp._MNFG_802	92.03	389	5883411	31	0	927061	927449	389	1	7e-153	 547	minus	0
CP026715.1	FJ593861;cluster_I;Klebsiella_sp._MNS_801a	92.03	389	5883411	31	0	927061	927449	389	1	7e-153	 547	minus	0
CP026715.1	FJ593862;cluster_I;Klebsiella_sp._MNW_801b	92.03	389	5883411	31	0	927061	927449	389	1	7e-153	 547	minus	0
CP026715.1	FJ593863;cluster_I;Klebsiella_sp._MNFG_801b	92.03	389	5883411	31	0	927061	927449	389	1	7e-153	 547	minus	0
CP026715.1	DQ364804;cluster_I;Klebsiella_sp._JT42	96.65	328	5883411	9	2	927096	927422	327	1	9e-152	 544	minus	0
CP026715.1	FJ593866;cluster_I;Klebsiella_sp._AL060225_04	91.77	389	5883411	32	0	927061	927449	389	1	3e-151	 542	minus	0
CP026715.1	FJ593865;cluster_I;Klebsiella_sp._AL050511_01	91.77	389	5883411	32	0	927061	927449	389	1	3e-151	 542	minus	0
CP026715.1	FJ593768;cluster_I;Klebsiella_sp._CRPV0611a	91.77	389	5883411	32	0	927061	927449	389	1	3e-151	 542	minus	0
CP026715.1	FJ593767;cluster_I;Klebsiella_sp._P0643	91.77	389	5883411	32	0	927061	927449	389	1	3e-151	 542	minus	0
CP026715.1	FJ593766;cluster_I;Klebsiella_sp._P0640	91.77	389	5883411	32	0	927061	927449	389	1	3e-151	 542	minus	0
CP026715.1	FJ593765;cluster_I;Klebsiella_sp._P0638	91.77	389	5883411	32	0	927061	927449	389	1	3e-151	 542	minus	0
CP026715.1	FJ593757;cluster_I;Klebsiella_sp._CRLS069a	91.77	389	5883411	32	0	927061	927449	389	1	3e-151	 542	minus	0
CP026715.1	FJ593760;cluster_I;Klebsiella_sp._CRLS064	91.52	389	5883411	33	0	927061	927449	389	1	2e-149	 536	minus	0
CP026715.1	FJ593763;cluster_I;Klebsiella_sp._CRLI0718a	91.52	389	5883411	33	0	927061	927449	389	1	2e-149	 536	minus	0
CP026715.1	FJ593756;cluster_I;Klebsiella_sp._CRLI0715	91.52	389	5883411	33	0	927061	927449	389	1	2e-149	 536	minus	0
CP026715.1	FJ593758;cluster_I;Klebsiella_sp._CRPV0610	91.52	389	5883411	33	0	927061	927449	389	1	2e-149	 536	minus	0
CP026715.1	FJ593759;cluster_I;Klebsiella_sp._CRLS0617	91.52	389	5883411	33	0	927061	927449	389	1	2e-149	 536	minus	0
CP026715.1	FJ593764;cluster_I;Klebsiella_sp._CRLI0713	91.52	389	5883411	33	0	927061	927449	389	1	2e-149	 536	minus	0
CP026715.1	FJ593762;cluster_I;Klebsiella_sp._CRLI0728	91.26	389	5883411	34	0	927061	927449	389	1	7e-148	 531	minus	0
CP026715.1	EF200511;cluster_I;Klebsiella_sp._TT001	98.03	304	5883411	6	0	927086	927389	304	1	3e-147	 529	minus	0
CP026715.1	EF200510;cluster_I;Klebsiella_sp._NTI31	98.03	304	5883411	6	0	927086	927389	304	1	3e-147	 529	minus	0
CP026715.1	AJ563286;cluster_I;Dechloromonas_sp._SIUL	81.17	669	5883411	116	9	926777	927440	676	13	3e-147	 529	minus	0
CP026715.1	AY373371;cluster_I;Bacillus_sp._w5	95.72	327	5883411	14	0	927096	927422	327	1	9e-147	 527	minus	0
CP026715.1	FJ032021;cluster_I;Klebsiella_sp._BN-4A	97.41	309	5883411	8	0	927127	927435	309	1	9e-147	 527	minus	0
CP026715.1	AY373369;cluster_I;Bacillus_cereus	95.72	327	5883411	14	0	927096	927422	331	5	9e-147	 527	minus	0
CP026715.1	FJ593761;cluster_I;Klebsiella_sp._CRLI0730	91.00	389	5883411	35	0	927061	927449	389	1	3e-146	 525	minus	0
CP026715.1	AY373365;cluster_I;Bacillus_megaterium	95.94	320	5883411	13	0	927103	927422	320	1	2e-144	 520	minus	0
CP026715.1	AY373366;cluster_I;Bacillus_sp._c6	94.80	327	5883411	17	0	927096	927422	327	1	1e-141	 510	minus	0
CP026715.1	FJ032022;cluster_I;Klebsiella_sp._AF-4C	96.12	309	5883411	12	0	927127	927435	311	3	4e-140	 505	minus	0
CP026715.1	EU938522;cluster_I;Burkholderia_sp._gx97	91.36	359	5883411	31	0	927061	927419	359	1	3e-136	 492	minus	0
CP026715.1	GQ381290;cluster_I;Klebsiella_pneumoniae	93.87	326	5883411	17	3	927061	927386	331	9	4e-135	 488	minus	0
CP026715.1	FJ822998;cluster_I;Klebsiella_sp._gx-3	90.81	359	5883411	33	0	927061	927419	4	362	7e-133	 481	plus	0
CP026715.1	GQ381289;cluster_I;Paenibacillus_sp._SZ002	93.77	321	5883411	17	3	927061	927381	327	10	3e-132	 479	minus	0
CP026715.1	AY846276;cluster_I;Klebsiella_pneumoniae	88.49	391	5883411	44	1	927127	927516	10	400	4e-130	 472	plus	0
CP026715.1	AY367396;cluster_I;Raoultella_terrigena	91.87	332	5883411	27	0	927088	927419	332	1	8e-128	 464	minus	0
CP026715.1	AY367392;cluster_I;Klebsiella_variicola	91.07	336	5883411	30	0	927084	927419	337	2	5e-125	 455	minus	0
CP026715.1	AY367394;cluster_I;Klebsiella_variicola	91.29	333	5883411	29	0	927087	927419	334	2	5e-125	 455	minus	0
CP026715.1	AY367395;cluster_I;Klebsiella_variicola	91.07	336	5883411	30	0	927061	927396	336	1	5e-125	 455	minus	0
CP026715.1	FJ822994;cluster_I;Sinorhizobium_sp._gx-153	90.20	347	5883411	34	0	927061	927407	4	350	2e-124	 453	plus	0
CP026715.1	AY367393;cluster_I;Klebsiella_variicola	90.77	336	5883411	31	0	927061	927396	336	1	2e-123	 449	minus	0
CP026715.1	AF031817;cluster_I;Rhodobacter_sphaeroides	76.80	819	5883411	168	19	926709	927516	1090	283	1e-120	 440	minus	0
CP026715.1	FJ593779;cluster_I;Pantoea_sp._A0305	86.89	389	5883411	51	0	927061	927449	389	1	2e-119	 436	minus	0
CP026715.1	FJ593780;cluster_I;Pantoea_sp._P0352	86.89	389	5883411	51	0	927061	927449	389	1	2e-119	 436	minus	0
CP026715.1	FJ593778;cluster_I;Pantoea_sp._P0359	86.89	389	5883411	51	0	927061	927449	389	1	2e-119	 436	minus	0
CP026715.1	FJ593777;cluster_I;Pantoea_sp._CRLI0725a	86.63	389	5883411	52	0	927061	927449	389	1	8e-118	 431	minus	0
CP026715.1	DQ821722;cluster_I;Sphingomonas_sp._Y49	90.68	322	5883411	30	0	927078	927399	322	1	3e-117	 429	minus	0
CP026715.1	FJ593868;cluster_I;Enterobacter_sp._MTP_050512_17	86.38	389	5883411	53	0	927061	927449	389	1	4e-116	 425	minus	0
CP026715.1	DQ821723;cluster_I;Klebsiella_sp._Y57	90.06	322	5883411	32	0	927078	927399	322	1	6e-114	 418	minus	0
CP026715.1	AB270756;cluster_I;Klebsiella_pneumoniae	90.28	319	5883411	31	0	927102	927420	360	42	6e-114	 418	minus	0
CP026715.1	HM047125;cluster_I;Bradyrhizobium_denitrificans	78.26	667	5883411	130	13	926799	927459	660	3	8e-113	 414	minus	0
CP026715.1	X07866;cluster_I;Rhodobacter_capsulatus_SB_1003	76.12	825	5883411	174	19	926698	927509	934	120	1e-111	 411	minus	0
CP026715.1	DQ364801;cluster_I;Klebsiella_sp._BM92	89.69	320	5883411	33	0	927103	927422	320	1	4e-111	 409	minus	0
CP026715.1	EU622783;cluster_I;Thiocapsa_bogorovii	84.04	426	5883411	66	2	927061	927485	449	25	4e-111	 409	minus	0
CP026715.1	AF545637;cluster_I;Pantoea_agglomerans	87.29	354	5883411	45	0	927135	927488	360	7	5e-110	 405	minus	0
CP026715.1	X63352;cluster_I;Rhodobacter_capsulatus	76.00	825	5883411	175	19	926698	927509	2132	1318	5e-110	 405	minus	0
CP026715.1	AB542360;cluster_I;Azospirillum_sp._TSH19	79.48	575	5883411	106	10	926834	927404	568	2	8e-108	 398	minus	0
CP026715.1	FJ347420;cluster_I;Bradyrhizobium_sp._ORS_285	79.51	571	5883411	104	12	926840	927405	563	1	3e-107	 396	minus	0
CP026715.1	AB542367;cluster_I;Azospirillum_sp._TSH100	79.44	574	5883411	106	10	926834	927403	566	1	3e-107	 396	minus	0
CP026715.1	FJ347446;cluster_I;Bradyrhizobium_sp._ORS_372	79.53	557	5883411	101	12	926854	927405	549	1	4e-106	 392	minus	0
CP026715.1	EU622788;cluster_I;Allochromatium_minutissimum	82.44	450	5883411	77	2	927061	927509	449	1	4e-106	 392	minus	0
CP026715.1	FJ347435;cluster_I;Bradyrhizobium_sp._ORS_324	79.32	556	5883411	104	10	926854	927405	549	1	2e-104	 387	minus	0
CP026715.1	FJ347418;cluster_I;Bradyrhizobium_sp._ORS_277	79.53	557	5883411	101	12	926854	927405	549	1	2e-104	 387	minus	0
CP026715.1	EF199951;cluster_I;Halorhodospira_halophila	82.18	449	5883411	80	0	927061	927509	449	1	2e-104	 387	minus	0
CP026715.1	FJ347436;cluster_I;Bradyrhizobium_sp._ORS_327	79.35	557	5883411	102	12	926854	927405	549	1	6e-104	 385	minus	0
CP026715.1	FJ347434;cluster_I;Bradyrhizobium_sp._ORS_318	79.14	556	5883411	105	10	926854	927405	549	1	6e-104	 385	minus	0
CP026715.1	FJ347422;cluster_I;Bradyrhizobium_sp._ORS_294	79.14	556	5883411	105	10	926854	927405	549	1	6e-104	 385	minus	0
CP026715.1	FJ347438;cluster_I;Bradyrhizobium_sp._ORS_330	79.16	571	5883411	106	12	926840	927405	563	1	2e-103	 383	minus	0
CP026715.1	FJ347427;cluster_I;Bradyrhizobium_sp._ORS_303	78.96	556	5883411	106	10	926854	927405	549	1	2e-103	 383	minus	0
CP026715.1	AB542364;cluster_I;Azospirillum_sp._TSH78	79.26	569	5883411	103	13	926842	927404	561	2	2e-103	 383	minus	0
CP026715.1	FJ347445;cluster_I;Bradyrhizobium_sp._ORS_361	78.96	556	5883411	106	10	926854	927405	549	1	8e-103	 381	minus	0
CP026715.1	FJ347443;cluster_I;Bradyrhizobium_sp._ORS_356	78.96	556	5883411	106	10	926854	927405	549	1	8e-103	 381	minus	0
CP026715.1	FJ347424;cluster_I;Bradyrhizobium_sp._ORS_298	78.96	556	5883411	106	10	926854	927405	549	1	8e-103	 381	minus	0
CP026715.1	FJ347430;cluster_I;Bradyrhizobium_sp._ORS_307	78.82	557	5883411	105	12	926854	927405	549	1	1e-101	 377	minus	0
CP026715.1	FJ347423;cluster_I;Bradyrhizobium_sp._ORS_297	79.17	557	5883411	103	12	926854	927405	549	1	4e-101	 375	minus	0
CP026715.1	AB542356;cluster_I;Azospirillum_sp._TSH2	78.98	571	5883411	105	13	926840	927404	562	1	4e-101	 375	minus	0
CP026715.1	AB542337;cluster_I;Azospirillum_sp._TSA2s	77.98	613	5883411	124	9	926790	927398	610	5	1e-100	 374	minus	0
CP026715.1	FJ347447;cluster_I;Bradyrhizobium_sp._ORS_375	78.15	572	5883411	110	13	926840	927405	563	1	5e-100	 372	minus	0
CP026715.1	FJ347441;cluster_I;Bradyrhizobium_sp._ORS_344	78.11	571	5883411	112	12	926840	927405	563	1	5e-100	 372	minus	0
CP026715.1	FJ347426;cluster_I;Bradyrhizobium_sp._ORS_301	78.46	571	5883411	110	12	926840	927405	563	1	5e-100	 372	minus	0
CP026715.1	AB542357;cluster_I;Azospirillum_sp._TSH5	78.91	569	5883411	105	13	926840	927402	560	1	5e-100	 372	minus	0
CP026715.1	AB542358;cluster_I;Azospirillum_sp._TSH6	78.91	569	5883411	105	13	926840	927402	560	1	5e-100	 372	minus	0
CP026715.1	AB542359;cluster_I;Azospirillum_sp._TSH10	78.91	569	5883411	105	13	926840	927402	560	1	5e-100	 372	minus	0
CP026715.1	GQ289562;cluster_I;Bradyrhizobium_japonicum	80.99	463	5883411	81	6	927043	927503	1	458	1e-96	 361	plus	0
CP026715.1	FJ347437;cluster_I;Bradyrhizobium_sp._ORS_328	78.28	557	5883411	108	12	926854	927405	549	1	1e-96	 361	minus	0
CP026715.1	AB542366;cluster_I;Azospirillum_sp._TSH96	78.69	563	5883411	105	13	926842	927398	557	4	1e-96	 361	minus	0
CP026715.1	FJ347433;cluster_I;Bradyrhizobium_sp._ORS_310	77.88	556	5883411	112	10	926854	927405	549	1	5e-95	 355	minus	0
CP026715.1	AB542361;cluster_I;Azospirillum_sp._TSH21	78.07	579	5883411	115	10	926834	927408	571	1	5e-95	 355	minus	0
CP026715.1	AB542347;cluster_I;Azospirillum_sp._TSA18	78.21	569	5883411	112	10	926834	927398	567	7	2e-94	 353	minus	0
CP026715.1	AB542344;cluster_I;Azospirillum_sp._TSA15c	78.21	569	5883411	112	10	926834	927398	565	5	2e-94	 353	minus	0
CP026715.1	AB542340;cluster_I;Azospirillum_sp._TSA11	78.21	569	5883411	112	10	926834	927398	567	7	2e-94	 353	minus	0
CP026715.1	AB542343;cluster_I;Azospirillum_sp._TSA14w	78.21	569	5883411	112	10	926834	927398	569	9	2e-94	 353	minus	0
CP026715.1	AB542348;cluster_I;Azospirillum_sp._TSA19	78.09	566	5883411	112	10	926834	927395	558	1	8e-93	 348	minus	0
CP026715.1	AB542341;cluster_I;Azospirillum_sp._TSA12	78.09	566	5883411	112	10	926834	927395	558	1	8e-93	 348	minus	0
CP026715.1	EF199953;cluster_I;Ectothiorhodospira_shaposhnikovii	80.67	450	5883411	85	2	927061	927509	449	1	8e-93	 348	minus	0
CP026715.1	EF199954;cluster_I;Ectothiorhodospira_mobilis	80.44	450	5883411	86	2	927061	927509	449	1	4e-91	 342	minus	0
CP026715.1	DQ787333;cluster_I;Azospirillum_lipoferum	81.09	439	5883411	70	11	927061	927494	446	16	5e-90	 339	minus	0
CP026715.1	AF484657;cluster_I;Methylobacterium_sp._xct7	80.00	460	5883411	80	10	926959	927414	452	1	3e-87	 329	minus	0
CP026715.1	GQ161239;cluster_I;Azospirillum_brasilense	83.38	361	5883411	53	6	927061	927419	356	1	1e-86	 327	minus	0
CP026715.1	AF059648;cluster_I;Marichromatium_purpuratum	84.92	325	5883411	47	2	927075	927398	327	4	1e-86	 327	minus	0
CP026715.1	GQ411215;cluster_I;Bacillus_sp._SUND_LM2	93.98	216	5883411	12	1	927207	927422	315	101	4e-86	 326	minus	0
CP026715.1	GQ289571;cluster_I;Bradyrhizobium_japonicum	79.66	467	5883411	83	11	927043	927503	1	461	4e-86	 326	plus	0
CP026715.1	FSU53362;cluster_I;Frankia_sp._EuIK1	72.07	1278	5883411	294	53	925229	926476	2530	1286	1e-85	 324	minus	0
CP026715.1	FN813553;cluster_I;Azospirillum_zeae	82.69	364	5883411	56	5	927058	927419	359	1	2e-83	 316	minus	0
CP026715.1	FN813552;cluster_I;Azospirillum_zeae	82.69	364	5883411	56	5	927058	927419	359	1	2e-83	 316	minus	0
CP026715.1	FN813561;cluster_I;Azospirillum_zeae	82.74	365	5883411	54	7	927058	927419	359	1	2e-83	 316	minus	0
CP026715.1	GQ289577;cluster_I;Bradyrhizobium_japonicum	79.45	472	5883411	75	17	927043	927503	1	461	8e-83	 315	plus	0
CP026715.1	EU672874;cluster_I;Methylogaea_oryzae_JCM_16910	84.94	312	5883411	45	2	927061	927371	311	1	8e-83	 315	minus	0
CP026715.1	GQ161241;cluster_I;Azospirillum_brasilense	82.60	362	5883411	54	7	927061	927419	356	1	1e-81	 311	minus	0
CP026715.1	AB191041;cluster_I;Heliobacterium_chlorum	74.23	776	5883411	182	17	926698	927464	767	1	4e-81	 309	minus	0
CP026715.1	AB079621;cluster_I;Rhodobacter_azotoformans	79.43	457	5883411	79	13	927061	927511	458	11	4e-81	 309	minus	0
CP026715.1	GU256446;cluster_I;Azospirillum_canadense	81.94	371	5883411	60	5	927081	927449	375	10	1e-80	 307	minus	0
CP026715.1	FJ687518;cluster_I;Pseudomonas_sp._IPPW-3	81.82	363	5883411	64	2	927058	927419	362	1	2e-79	 303	minus	0
CP026715.1	DQ682472;cluster_I;Azospirillum_zeae	82.04	362	5883411	56	7	927061	927419	357	2	2e-79	 303	minus	0
CP026715.1	DQ029203;cluster_I;Azonexus_caeni	86.07	280	5883411	39	0	927073	927352	307	28	6e-79	 302	minus	0
CP026715.1	DQ682471;cluster_I;Azospirillum_zeae	82.17	359	5883411	55	7	927061	927416	353	1	2e-78	 300	minus	0
CP026715.1	FJ687522;cluster_I;Aeromonas_sp._IPPW-33a	81.54	363	5883411	65	2	927058	927419	362	1	8e-78	 298	minus	0
CP026715.1	EU418411;cluster_I;Rhizobium_gallicum	76.67	570	5883411	112	18	926868	927428	594	37	3e-77	 296	minus	0
CP026715.1	EU770978;cluster_I;Rhizobium_leguminosarum	76.73	563	5883411	112	17	926955	927509	552	1	3e-77	 296	minus	0
CP026715.1	GQ411209;cluster_I;Bacillus_megaterium	94.71	189	5883411	10	0	927235	927423	336	148	1e-76	 294	minus	0
CP026715.1	DQ393890;cluster_I;Azospirillum_canadense	82.15	353	5883411	54	7	927061	927410	5	351	1e-76	 294	plus	0
CP026715.1	GU256453;cluster_I;Azospirillum_zeae	81.02	374	5883411	64	5	927090	927461	374	6	1e-75	 291	minus	0
CP026715.1	AB185395;cluster_I;Azospirillum_oryzae	80.68	383	5883411	67	5	927081	927461	408	31	1e-75	 291	minus	0
CP026715.1	EU418412;cluster_I;Rhizobium_mongolense	76.32	570	5883411	114	18	926868	927428	594	37	6e-74	 285	minus	0
CP026715.1	EU770979;cluster_I;Rhizobium_leguminosarum	76.38	563	5883411	114	17	926955	927509	552	1	6e-74	 285	minus	0
CP026715.1	FJ687521;cluster_I;Aeromonas_sp._IPPW-29	81.10	365	5883411	60	8	927058	927419	359	1	2e-73	 283	minus	0
CP026715.1	FJ687517;cluster_I;Pseudomonas_sp._IPPW-2	81.10	365	5883411	60	8	927058	927419	359	1	2e-73	 283	minus	0
CP026715.1	AY768690;cluster_I;Azonexus_fungiphilus	82.66	323	5883411	52	4	927081	927401	321	1	2e-73	 283	minus	0
CP026715.1	EF158046;cluster_I;Azospira_restricta	85.13	269	5883411	40	0	927070	927338	269	1	4e-71	 276	minus	0
CP026715.1	AB079628;cluster_I;Rhodovulum_strictum	78.12	457	5883411	85	13	927061	927511	458	11	4e-71	 276	minus	0
CP026715.1	EU291983;cluster_I;Ensifer_mexicanus	77.43	474	5883411	98	7	926790	927260	468	1	1e-70	 274	minus	0
CP026715.1	EU291980;cluster_I;Sinorhizobium_chiapanecum	77.38	473	5883411	100	5	926790	927260	468	1	1e-70	 274	minus	0
CP026715.1	GU256445;cluster_I;Nitrospirillum_amazonense	80.66	362	5883411	61	8	927070	927428	373	18	5e-70	 272	minus	0
CP026715.1	AB079629;cluster_I;Rhodovulum_strictum	77.95	458	5883411	86	13	927060	927511	459	11	5e-70	 272	minus	0
CP026715.1	GU256451;cluster_I;Azospirillum_picis	81.47	340	5883411	54	7	927094	927430	370	37	2e-69	 270	minus	0
CP026715.1	EF634050;cluster_I;Azotobacter_chroococcum	82.79	308	5883411	47	5	927064	927368	305	1	2e-69	 270	minus	0
CP026715.1	DQ413015;cluster_I;Rhizobium_leguminosarum_bv._viciae	77.78	459	5883411	87	13	926976	927428	493	44	6e-69	 268	minus	0
CP026715.1	EF634053;cluster_I;Azotobacter_chroococcum	82.22	315	5883411	48	7	927062	927371	326	15	8e-68	 265	minus	0
CP026715.1	AB191042;cluster_I;Heliobacterium_gestii	72.04	1030	5883411	238	41	925469	926476	2000	999	1e-66	 261	minus	0
CP026715.1	GQ289563;cluster_I;Bradyrhizobium_japonicum	76.71	468	5883411	95	12	927043	927503	1	461	8e-63	 248	plus	0
CP026715.1	EF634055;cluster_I;Azotobacter_chroococcum	82.56	281	5883411	43	5	927062	927339	288	11	4e-61	 243	minus	0
CP026715.1	AY644349;cluster_I;Azomonas_macrocytogenes	78.65	356	5883411	76	0	927061	927416	362	7	1e-60	 241	minus	0
CP026715.1	DQ411938;cluster_I;Ensifer_mexicanus	77.16	429	5883411	89	7	926790	927215	432	10	1e-60	 241	minus	0
CP026715.1	DQ411939;cluster_I;Ensifer_mexicanus	77.16	429	5883411	89	7	926790	927215	432	10	1e-60	 241	minus	0
CP026715.1	AB191043;cluster_I;Heliobacterium_modesticaldum_Ice1	71.30	1150	5883411	266	49	925356	926476	2207	1093	2e-59	 237	minus	0
CP026715.1	ADAF001432;cluster_I;Gluconacetobacter_diazotrophicus	80.92	304	5883411	51	5	927118	927419	299	1	2e-58	 233	minus	0
CP026715.1	GQ289567;cluster_III;Bradyrhizobium_japonicum	75.81	463	5883411	92	17	927043	927495	1	453	2e-53	 217	plus	0
CP026715.1	AB100830;cluster_I;Heliobacterium_chlorum	76.60	359	5883411	78	6	927061	927416	359	4	4e-46	 193	minus	0
CP026715.1	GQ289582;cluster_III;Bradyrhizobium_japonicum	80.25	243	5883411	42	2	927043	927279	1	243	1e-41	 178	plus	0
CP026715.1	GQ289566;cluster_III;Bradyrhizobium_japonicum	79.32	237	5883411	41	4	927043	927272	1	236	4e-36	 159	plus	0
CP026715.1	GQ289573;cluster_III;Bradyrhizobium_japonicum	78.90	237	5883411	42	5	927043	927272	1	236	2e-34	 154	plus	0
