CP016811.1	V00631;cluster_I;Klebsiella_pneumoniae	89.49	1769	5184828	164	18	778250	780008	1803	47	0.0	2217	minus	0
CP016811.1	AY242355;cluster_I;Klebsiella_pneumoniae_342	95.47	883	5184828	38	2	778881	779762	882	1	0.0	1408	minus	0
CP016811.1	KPNNIFH;cluster_I;Klebsiella_pneumoniae	91.58	891	5184828	73	2	778873	779762	890	1	0.0	1229	minus	0
CP016811.1	X96609;cluster_I;Alcaligenes_faecalis	82.60	868	5184828	143	8	778893	779756	1475	612	0.0	 760	minus	0
CP016811.1	X03916;cluster_I;Azotobacter_chroococcum	82.11	833	5184828	143	6	778926	779755	1174	345	0.0	 708	minus	0
CP016811.1	AVIMONFE;cluster_I;Azotobacter_chroococcum	81.88	839	5184828	139	10	778926	779756	1077	244	0.0	 695	minus	0
CP016811.1	FJ593769;cluster_I;Klebsiella_sp._P0646	97.69	389	5184828	9	0	779290	779678	389	1	0.0	 669	minus	0
CP016811.1	X13519;cluster_I;Azotobacter_vinelandii	81.18	834	5184828	149	7	778926	779755	1050	221	0.0	 664	minus	0
CP016811.1	FJ593768;cluster_I;Klebsiella_sp._CRPV0611a	96.40	389	5184828	14	0	779290	779678	389	1	0.0	 641	minus	0
CP016811.1	FJ593767;cluster_I;Klebsiella_sp._P0643	96.40	389	5184828	14	0	779290	779678	389	1	0.0	 641	minus	0
CP016811.1	FJ593766;cluster_I;Klebsiella_sp._P0640	96.40	389	5184828	14	0	779290	779678	389	1	0.0	 641	minus	0
CP016811.1	FJ593765;cluster_I;Klebsiella_sp._P0638	96.40	389	5184828	14	0	779290	779678	389	1	0.0	 641	minus	0
CP016811.1	FJ593760;cluster_I;Klebsiella_sp._CRLS064	96.14	389	5184828	15	0	779290	779678	389	1	1e-179	 636	minus	0
CP016811.1	FJ593763;cluster_I;Klebsiella_sp._CRLI0718a	96.14	389	5184828	15	0	779290	779678	389	1	1e-179	 636	minus	0
CP016811.1	FJ593756;cluster_I;Klebsiella_sp._CRLI0715	96.14	389	5184828	15	0	779290	779678	389	1	1e-179	 636	minus	0
CP016811.1	FJ593758;cluster_I;Klebsiella_sp._CRPV0610	96.14	389	5184828	15	0	779290	779678	389	1	1e-179	 636	minus	0
CP016811.1	FJ593759;cluster_I;Klebsiella_sp._CRLS0617	96.14	389	5184828	15	0	779290	779678	389	1	1e-179	 636	minus	0
CP016811.1	FJ593764;cluster_I;Klebsiella_sp._CRLI0713	96.14	389	5184828	15	0	779290	779678	389	1	1e-179	 636	minus	0
CP016811.1	FJ593866;cluster_I;Klebsiella_sp._AL060225_04	95.89	389	5184828	16	0	779290	779678	389	1	6e-178	 630	minus	0
CP016811.1	FJ593865;cluster_I;Klebsiella_sp._AL050511_01	95.89	389	5184828	16	0	779290	779678	389	1	6e-178	 630	minus	0
CP016811.1	FJ593762;cluster_I;Klebsiella_sp._CRLI0728	95.89	389	5184828	16	0	779290	779678	389	1	6e-178	 630	minus	0
CP016811.1	FJ593757;cluster_I;Klebsiella_sp._CRLS069a	95.89	389	5184828	16	0	779290	779678	389	1	6e-178	 630	minus	0
CP016811.1	FJ593860;cluster_I;Klebsiella_sp._MNS_801b	95.63	389	5184828	17	0	779290	779678	389	1	3e-176	 625	minus	0
CP016811.1	FJ593864;cluster_I;Klebsiella_sp._MNFG_802	95.63	389	5184828	17	0	779290	779678	389	1	3e-176	 625	minus	0
CP016811.1	FJ593861;cluster_I;Klebsiella_sp._MNS_801a	95.63	389	5184828	17	0	779290	779678	389	1	3e-176	 625	minus	0
CP016811.1	FJ593862;cluster_I;Klebsiella_sp._MNW_801b	95.63	389	5184828	17	0	779290	779678	389	1	3e-176	 625	minus	0
CP016811.1	FJ593863;cluster_I;Klebsiella_sp._MNFG_801b	95.63	389	5184828	17	0	779290	779678	389	1	3e-176	 625	minus	0
CP016811.1	FJ593761;cluster_I;Klebsiella_sp._CRLI0730	95.63	389	5184828	17	0	779290	779678	389	1	3e-176	 625	minus	0
CP016811.1	AB189641;cluster_I;Halorhodospira_halophila	80.45	803	5184828	153	4	778941	779741	1031	231	8e-172	 610	minus	0
CP016811.1	AY846276;cluster_I;Klebsiella_pneumoniae	94.37	391	5184828	21	1	779356	779745	10	400	2e-168	 599	plus	0
CP016811.1	EU938522;cluster_I;Burkholderia_sp._gx97	95.54	359	5184828	16	0	779290	779648	359	1	3e-161	 575	minus	0
CP016811.1	FJ822998;cluster_I;Klebsiella_sp._gx-3	94.99	359	5184828	18	0	779290	779648	4	362	6e-158	 564	plus	0
CP016811.1	AJ563286;cluster_I;Dechloromonas_sp._SIUL	81.86	667	5184828	117	4	779005	779669	677	13	3e-156	 558	minus	0
CP016811.1	AY367392;cluster_I;Klebsiella_variicola	96.43	336	5184828	12	0	779313	779648	337	2	4e-155	 555	minus	0
CP016811.1	FJ822994;cluster_I;Sinorhizobium_sp._gx-153	95.10	347	5184828	17	0	779290	779636	4	350	6e-153	 547	plus	0
CP016811.1	FJ593867;cluster_I;Klebsiella_sp._AL060224_03	92.03	389	5184828	31	0	779290	779678	389	1	6e-153	 547	minus	0
CP016811.1	AY367394;cluster_I;Klebsiella_variicola	96.10	333	5184828	13	0	779316	779648	334	2	8e-152	 544	minus	0
CP016811.1	AY367393;cluster_I;Klebsiella_variicola	95.24	336	5184828	16	0	779290	779625	336	1	2e-148	 532	minus	0
CP016811.1	AY367395;cluster_I;Klebsiella_variicola	95.24	336	5184828	16	0	779290	779625	336	1	2e-148	 532	minus	0
CP016811.1	DQ821722;cluster_I;Sphingomonas_sp._Y49	96.27	322	5184828	12	0	779307	779628	322	1	2e-147	 529	minus	0
CP016811.1	DQ821723;cluster_I;Klebsiella_sp._Y57	95.65	322	5184828	14	0	779307	779628	322	1	5e-144	 518	minus	0
CP016811.1	DQ364801;cluster_I;Klebsiella_sp._BM92	95.31	320	5184828	15	0	779332	779651	320	1	3e-141	 508	minus	0
CP016811.1	AB270756;cluster_I;Klebsiella_pneumoniae	95.30	319	5184828	15	0	779331	779649	360	42	1e-140	 507	minus	0
CP016811.1	KSU32183;cluster_I;Klebsiella_sp.	91.45	339	5184828	28	1	779374	779711	339	1	2e-132	 479	minus	0
CP016811.1	GQ381287;cluster_I;Klebsiella_sp._SZ7-2	90.81	359	5184828	30	2	779290	779648	356	1	9e-132	 477	minus	0
CP016811.1	AF031817;cluster_I;Rhodobacter_sphaeroides	76.95	820	5184828	165	18	778938	779745	1090	283	2e-122	 446	minus	0
CP016811.1	AY373369;cluster_I;Bacillus_cereus	90.83	327	5184828	30	0	779325	779651	331	5	4e-120	 438	minus	0
CP016811.1	AY373371;cluster_I;Bacillus_sp._w5	90.52	327	5184828	31	0	779325	779651	327	1	2e-118	 433	minus	0
CP016811.1	AY221827;cluster_I;Klebsiella_oxytoca_KCTC_1686	90.52	327	5184828	31	0	779304	779630	327	1	2e-118	 433	minus	0
CP016811.1	AY373368;cluster_I;Paenibacillus_sp._g2	90.21	327	5184828	32	0	779325	779651	327	1	9e-117	 427	minus	0
CP016811.1	AY367396;cluster_I;Raoultella_terrigena	89.76	332	5184828	34	0	779317	779648	332	1	3e-116	 425	minus	0
CP016811.1	AY373365;cluster_I;Bacillus_megaterium	90.62	320	5184828	30	0	779332	779651	320	1	3e-116	 425	minus	0
CP016811.1	FJ032021;cluster_I;Klebsiella_sp._BN-4A	91.26	309	5184828	27	0	779356	779664	309	1	4e-115	 422	minus	0
CP016811.1	FJ822999;cluster_I;Stenotrophomonas_sp._gx-44	87.60	363	5184828	43	2	779287	779648	1	362	1e-114	 420	plus	0
CP016811.1	EF199955;cluster_I;Ectothiorhodospira_shaposhnikovii_DSM_2111	83.63	452	5184828	68	5	779290	779738	449	1	1e-114	 420	minus	0
CP016811.1	EF200511;cluster_I;Klebsiella_sp._TT001	91.45	304	5184828	26	0	779315	779618	304	1	5e-114	 418	minus	0
CP016811.1	EF200510;cluster_I;Klebsiella_sp._NTI31	91.45	304	5184828	26	0	779315	779618	304	1	5e-114	 418	minus	0
CP016811.1	AY373366;cluster_I;Bacillus_sp._c6	89.60	327	5184828	34	0	779325	779651	327	1	2e-113	 416	minus	0
CP016811.1	FJ593869;cluster_I;Pantoea_sp._EC080527_02	85.86	389	5184828	55	0	779290	779678	389	1	7e-113	 414	minus	0
CP016811.1	FJ593775;cluster_I;Pantoea_sp._CRLS0621	85.86	389	5184828	55	0	779290	779678	389	1	7e-113	 414	minus	0
CP016811.1	FJ593773;cluster_I;Pantoea_sp._P0356	85.86	389	5184828	55	0	779290	779678	389	1	7e-113	 414	minus	0
CP016811.1	AB542353;cluster_I;Azospirillum_sp._TSA36t	79.07	626	5184828	114	15	779041	779659	638	23	7e-113	 414	minus	0
CP016811.1	EF199951;cluster_I;Halorhodospira_halophila	83.33	450	5184828	73	2	779290	779738	449	1	7e-113	 414	minus	0
CP016811.1	EU622783;cluster_I;Thiocapsa_bogorovii	84.43	424	5184828	62	4	779290	779711	449	28	7e-113	 414	minus	0
CP016811.1	GQ381290;cluster_I;Klebsiella_pneumoniae	90.19	316	5184828	30	1	779290	779605	331	17	9e-112	 411	minus	0
CP016811.1	AF545637;cluster_I;Pantoea_agglomerans	87.39	357	5184828	45	0	779364	779720	360	4	9e-112	 411	minus	0
CP016811.1	GQ381289;cluster_I;Paenibacillus_sp._SZ002	90.38	312	5184828	28	2	779290	779600	327	17	3e-111	 409	minus	0
CP016811.1	FJ593777;cluster_I;Pantoea_sp._CRLI0725a	85.60	389	5184828	56	0	779290	779678	389	1	3e-111	 409	minus	0
CP016811.1	FJ593779;cluster_I;Pantoea_sp._A0305	85.60	389	5184828	56	0	779290	779678	389	1	3e-111	 409	minus	0
CP016811.1	FJ593780;cluster_I;Pantoea_sp._P0352	85.60	389	5184828	56	0	779290	779678	389	1	3e-111	 409	minus	0
CP016811.1	FJ593778;cluster_I;Pantoea_sp._P0359	85.60	389	5184828	56	0	779290	779678	389	1	3e-111	 409	minus	0
CP016811.1	FJ593776;cluster_I;Pantoea_sp._CRLI0712a	85.60	389	5184828	56	0	779290	779678	389	1	3e-111	 409	minus	0
CP016811.1	FJ593774;cluster_I;Pantoea_sp._A0310	85.60	389	5184828	56	0	779290	779678	389	1	3e-111	 409	minus	0
CP016811.1	FJ347449;cluster_I;Bradyrhizobium_sp._ORS_391	80.14	559	5184828	102	8	779079	779634	553	1	3e-111	 409	minus	0
CP016811.1	FJ347439;cluster_I;Bradyrhizobium_sp._ORS_331	80.14	559	5184828	102	8	779079	779634	553	1	3e-111	 409	minus	0
CP016811.1	HM047125;cluster_I;Bradyrhizobium_denitrificans	79.29	594	5184828	114	8	779069	779659	619	32	1e-110	 407	minus	0
CP016811.1	FJ347448;cluster_I;Bradyrhizobium_sp._ORS_377	79.79	559	5184828	104	8	779079	779634	553	1	5e-109	 401	minus	0
CP016811.1	FJ347445;cluster_I;Bradyrhizobium_sp._ORS_361	79.46	560	5184828	104	10	779079	779634	553	1	2e-108	 399	minus	0
CP016811.1	FJ032022;cluster_I;Klebsiella_sp._AF-4C	89.97	309	5184828	31	0	779356	779664	311	3	2e-108	 399	minus	0
CP016811.1	FJ347430;cluster_I;Bradyrhizobium_sp._ORS_307	79.53	557	5184828	101	12	779083	779634	549	1	7e-108	 398	minus	0
CP016811.1	AB542349;cluster_I;Azospirillum_sp._TSA20c	78.59	626	5184828	117	15	779041	779659	644	29	7e-108	 398	minus	0
CP016811.1	AB542346;cluster_I;Azospirillum_sp._TSA16	78.59	626	5184828	117	15	779041	779659	623	8	7e-108	 398	minus	0
CP016811.1	EU622788;cluster_I;Allochromatium_minutissimum	82.71	451	5184828	74	4	779290	779738	449	1	7e-108	 398	minus	0
CP016811.1	FJ347446;cluster_I;Bradyrhizobium_sp._ORS_372	79.71	557	5184828	100	12	779083	779634	549	1	2e-107	 396	minus	0
CP016811.1	FJ347443;cluster_I;Bradyrhizobium_sp._ORS_356	79.29	560	5184828	105	10	779079	779634	553	1	2e-107	 396	minus	0
CP016811.1	FJ347438;cluster_I;Bradyrhizobium_sp._ORS_330	79.89	557	5184828	99	12	779083	779634	549	1	2e-107	 396	minus	0
CP016811.1	FJ347418;cluster_I;Bradyrhizobium_sp._ORS_277	79.89	557	5184828	99	12	779083	779634	549	1	2e-107	 396	minus	0
CP016811.1	AB542338;cluster_I;Azospirillum_sp._TSA6c	78.56	625	5184828	117	15	779042	779659	643	29	2e-107	 396	minus	0
CP016811.1	FJ347434;cluster_I;Bradyrhizobium_sp._ORS_318	79.32	556	5184828	104	10	779083	779634	549	1	9e-107	 394	minus	0
CP016811.1	FJ347422;cluster_I;Bradyrhizobium_sp._ORS_294	79.32	556	5184828	104	10	779083	779634	549	1	9e-107	 394	minus	0
CP016811.1	FJ347424;cluster_I;Bradyrhizobium_sp._ORS_298	78.95	570	5184828	109	10	779069	779634	563	1	9e-107	 394	minus	0
CP016811.1	DQ364804;cluster_I;Klebsiella_sp._JT42	88.41	328	5184828	36	2	779325	779651	327	1	9e-107	 394	minus	0
CP016811.1	FJ347427;cluster_I;Bradyrhizobium_sp._ORS_303	79.11	560	5184828	106	10	779079	779634	553	1	1e-105	 390	minus	0
CP016811.1	FJ347420;cluster_I;Bradyrhizobium_sp._ORS_285	79.33	571	5184828	105	12	779069	779634	563	1	1e-105	 390	minus	0
CP016811.1	FJ347441;cluster_I;Bradyrhizobium_sp._ORS_344	78.99	557	5184828	104	12	779083	779634	549	1	4e-105	 388	minus	0
CP016811.1	FJ347436;cluster_I;Bradyrhizobium_sp._ORS_327	79.16	571	5184828	106	12	779069	779634	563	1	4e-105	 388	minus	0
CP016811.1	GU001626;cluster_I;Bradyrhizobium_japonicum	78.36	633	5184828	112	22	779069	779690	57	675	1e-104	 387	plus	0
CP016811.1	GU001631;cluster_I;Bradyrhizobium_japonicum	78.36	633	5184828	112	22	779069	779690	57	675	1e-104	 387	plus	0
CP016811.1	GU001628;cluster_I;Bradyrhizobium_japonicum	78.36	633	5184828	112	22	779069	779690	57	675	1e-104	 387	plus	0
CP016811.1	FJ347447;cluster_I;Bradyrhizobium_sp._ORS_375	78.82	557	5184828	105	12	779083	779634	549	1	5e-104	 385	minus	0
CP016811.1	FJ347426;cluster_I;Bradyrhizobium_sp._ORS_301	79.17	557	5184828	103	12	779083	779634	549	1	5e-104	 385	minus	0
CP016811.1	FJ347421;cluster_I;Bradyrhizobium_sp._ORS_287	79.17	557	5184828	103	12	779083	779634	549	1	5e-104	 385	minus	0
CP016811.1	FJ347423;cluster_I;Bradyrhizobium_sp._ORS_297	79.35	557	5184828	102	12	779083	779634	549	1	2e-103	 383	minus	0
CP016811.1	X63352;cluster_I;Rhodobacter_capsulatus	75.36	840	5184828	184	17	778927	779753	2132	1303	2e-103	 383	minus	0
CP016811.1	FJ822996;cluster_I;Kluyvera_ascorbata	85.64	362	5184828	52	0	779287	779648	1	362	7e-103	 381	plus	0
CP016811.1	FJ347435;cluster_I;Bradyrhizobium_sp._ORS_324	78.96	556	5184828	106	10	779083	779634	549	1	9e-102	 377	minus	0
CP016811.1	X07866;cluster_I;Rhodobacter_capsulatus_SB_1003	75.24	840	5184828	185	17	778927	779753	934	105	9e-102	 377	minus	0
CP016811.1	GU001633;cluster_I;Bradyrhizobium_canariense	78.04	633	5184828	114	22	779069	779690	57	675	3e-101	 375	plus	0
CP016811.1	FJ347437;cluster_I;Bradyrhizobium_sp._ORS_328	78.61	561	5184828	107	12	779079	779634	553	1	3e-101	 375	minus	0
CP016811.1	FJ347451;cluster_I;Bradyrhizobium_sp._ORS_400	78.52	568	5184828	111	10	779071	779634	561	1	1e-100	 374	minus	0
CP016811.1	FJ347425;cluster_I;Bradyrhizobium_sp._ORS_300	78.79	561	5184828	106	12	779079	779634	553	1	1e-100	 374	minus	0
CP016811.1	AB542360;cluster_I;Azospirillum_sp._TSH19	78.86	577	5184828	105	14	779064	779633	568	2	1e-100	 374	minus	0
CP016811.1	AB270758;cluster_I;Pantoea_agglomerans	87.77	319	5184828	39	0	779331	779649	359	41	1e-100	 374	minus	0
CP016811.1	AB542367;cluster_I;Azospirillum_sp._TSH100	78.82	576	5184828	105	14	779064	779632	566	1	4e-100	 372	minus	0
CP016811.1	FJ347419;cluster_I;Bradyrhizobium_sp._ORS_279	78.43	561	5184828	108	12	779079	779634	553	1	1e-99	 370	minus	0
CP016811.1	AB542356;cluster_I;Azospirillum_sp._TSH2	78.85	572	5184828	104	14	779069	779633	562	1	1e-99	 370	minus	0
CP016811.1	FJ347433;cluster_I;Bradyrhizobium_sp._ORS_310	78.21	560	5184828	111	10	779079	779634	553	1	2e-98	 366	minus	0
CP016811.1	AB542357;cluster_I;Azospirillum_sp._TSH5	78.77	570	5184828	104	14	779069	779631	560	1	2e-98	 366	minus	0
CP016811.1	AB542358;cluster_I;Azospirillum_sp._TSH6	78.77	570	5184828	104	14	779069	779631	560	1	2e-98	 366	minus	0
CP016811.1	AB542359;cluster_I;Azospirillum_sp._TSH10	78.77	570	5184828	104	14	779069	779631	560	1	2e-98	 366	minus	0
CP016811.1	FJ822997;cluster_I;Pseudomonas_sp._gx-127	85.00	360	5184828	52	2	779290	779648	4	362	7e-98	 364	plus	0
CP016811.1	DQ821718;cluster_I;Enterobacter_sp._Y4	87.00	323	5184828	40	2	779307	779628	322	1	2e-97	 363	minus	0
CP016811.1	DQ821725;cluster_I;Micrococcus_sp._Y70	87.00	323	5184828	40	2	779307	779628	322	1	2e-97	 363	minus	0
CP016811.1	AB270754;cluster_I;Enterobacter_cloacae	87.15	319	5184828	41	0	779331	779649	359	41	2e-97	 363	minus	0
CP016811.1	DQ821719;cluster_I;Enterobacter_sp._Y11	86.69	323	5184828	41	2	779307	779628	322	1	1e-95	 357	minus	0
CP016811.1	AB542366;cluster_I;Azospirillum_sp._TSH96	78.55	564	5184828	104	16	779071	779627	557	4	4e-95	 355	minus	0
CP016811.1	AB542364;cluster_I;Azospirillum_sp._TSH78	78.42	570	5184828	106	15	779071	779633	561	2	4e-95	 355	minus	0
CP016811.1	EU938523;cluster_I;Erwinia_sp._gx104	84.40	359	5184828	56	0	779290	779648	359	1	1e-94	 353	minus	0
CP016811.1	GU001627;cluster_I;Bradyrhizobium_rifense	77.87	601	5184828	110	20	779069	779659	613	26	5e-94	 351	minus	0
CP016811.1	EU693339;cluster_I;Bacillus_sp._Z7	82.70	393	5184828	66	2	779272	779663	427	36	7e-93	 348	minus	0
CP016811.1	AB542337;cluster_I;Azospirillum_sp._TSA2s	77.27	616	5184828	123	15	779019	779627	610	5	3e-92	 346	minus	0
CP016811.1	EU693340;cluster_I;Bacillus_sp._Z19	81.88	414	5184828	71	4	779272	779684	428	18	3e-92	 346	minus	0
CP016811.1	AB542361;cluster_I;Azospirillum_sp._TSH21	77.80	581	5184828	112	15	779064	779637	571	1	3e-91	 342	minus	0
CP016811.1	EU693338;cluster_I;Azotobacter_chroococcum	81.73	416	5184828	71	5	779272	779684	434	21	3e-91	 342	minus	0
CP016811.1	EU693341;cluster_I;Acinetobacter_sp._Z21	82.56	390	5184828	66	2	779272	779660	429	41	3e-91	 342	minus	0
CP016811.1	AB542347;cluster_I;Azospirillum_sp._TSA18	77.93	571	5184828	109	15	779064	779627	567	7	1e-90	 340	minus	0
CP016811.1	AB542344;cluster_I;Azospirillum_sp._TSA15c	77.93	571	5184828	109	15	779064	779627	565	5	1e-90	 340	minus	0
CP016811.1	AB542340;cluster_I;Azospirillum_sp._TSA11	77.93	571	5184828	109	15	779064	779627	567	7	1e-90	 340	minus	0
CP016811.1	AB542343;cluster_I;Azospirillum_sp._TSA14w	77.93	571	5184828	109	15	779064	779627	569	9	1e-90	 340	minus	0
CP016811.1	EU693342;cluster_I;Bacillus_sp._Z22	81.66	409	5184828	72	3	779272	779678	436	29	2e-89	 337	minus	0
CP016811.1	AB542348;cluster_I;Azospirillum_sp._TSA19	77.88	565	5184828	108	15	779064	779621	558	4	5e-89	 335	minus	0
CP016811.1	AB542341;cluster_I;Azospirillum_sp._TSA12	77.88	565	5184828	108	15	779064	779621	558	4	5e-89	 335	minus	0
CP016811.1	AF484657;cluster_I;Methylobacterium_sp._xct7	80.22	465	5184828	76	15	779185	779643	455	1	5e-89	 335	minus	0
CP016811.1	EF626684;cluster_I;Azonexus_hydrophilus_DSM_23864	84.57	337	5184828	48	4	779302	779636	335	1	7e-88	 331	minus	0
CP016811.1	EF626685;cluster_I;Azonexus_hydrophilus	84.57	337	5184828	48	4	779302	779636	335	1	7e-88	 331	minus	0
CP016811.1	EF626686;cluster_I;Azonexus_hydrophilus	84.27	337	5184828	49	4	779302	779636	335	1	3e-86	 326	minus	0
CP016811.1	DQ029203;cluster_I;Azonexus_caeni	87.19	281	5184828	34	2	779302	779581	307	28	5e-84	 318	minus	0
CP016811.1	U97116;cluster_I;Azoarcus_communis	80.83	412	5184828	71	7	779304	779711	411	4	2e-83	 316	minus	0
CP016811.1	AB079624;cluster_I;Rhodopseudomonas_sp._HMD88	79.74	454	5184828	79	11	779290	779738	458	13	2e-83	 316	minus	0
CP016811.1	AB079625;cluster_I;Rhodopseudomonas_sp._HMD89	79.74	454	5184828	79	11	779290	779738	458	13	2e-83	 316	minus	0
CP016811.1	AB079621;cluster_I;Rhodobacter_azotoformans	79.61	456	5184828	76	14	779290	779738	458	13	9e-82	 311	minus	0
CP016811.1	FJ822995;cluster_I;Agrobacterium_tumefaciens	82.22	360	5184828	62	2	779290	779648	4	362	3e-81	 309	plus	0
CP016811.1	AB430882;cluster_I;Azotobacter_chroococcum	83.90	323	5184828	50	2	779307	779628	322	1	1e-80	 307	minus	0
CP016811.1	AY768690;cluster_I;Azonexus_fungiphilus	83.90	323	5184828	48	4	779310	779630	321	1	4e-80	 305	minus	0
CP016811.1	DQ787333;cluster_I;Azospirillum_lipoferum	79.82	441	5184828	72	14	779290	779723	446	16	4e-80	 305	minus	0
CP016811.1	FJ687518;cluster_I;Pseudomonas_sp._IPPW-3	81.92	365	5184828	60	5	779287	779648	362	1	2e-79	 303	minus	0
CP016811.1	AB161454;cluster_I;Pleomorphomonas_oryzae	79.91	423	5184828	76	7	779318	779737	417	1	5e-79	 302	minus	0
CP016811.1	DQ029204;cluster_I;Azonexus_fungiphilus	84.67	300	5184828	44	2	779302	779600	307	9	7e-78	 298	minus	0
CP016811.1	GU256446;cluster_I;Azospirillum_canadense	81.22	378	5184828	62	7	779310	779684	375	4	3e-77	 296	minus	0
CP016811.1	EU418411;cluster_I;Rhizobium_gallicum	76.15	587	5184828	125	13	779077	779657	614	37	9e-77	 294	minus	0
CP016811.1	AY351672;cluster_I;Azotobacter_chroococcum	82.97	323	5184828	51	4	779310	779630	321	1	4e-75	 289	minus	0
CP016811.1	EF199958;cluster_I;Thioalkalispira_microaerophila	81.23	357	5184828	65	2	779317	779672	383	28	2e-74	 287	minus	0
CP016811.1	GQ503352;cluster_I;Mesorhizobium_ciceri	80.56	391	5184828	59	14	779184	779567	204	584	6e-74	 285	plus	0
CP016811.1	GQ161241;cluster_I;Azospirillum_brasilense	81.27	363	5184828	57	9	779290	779648	356	1	2e-73	 283	minus	0
CP016811.1	FN813553;cluster_I;Azospirillum_zeae	81.15	366	5184828	58	9	779287	779648	359	1	2e-73	 283	minus	0
CP016811.1	FN813552;cluster_I;Azospirillum_zeae	81.15	366	5184828	58	9	779287	779648	359	1	2e-73	 283	minus	0
CP016811.1	FN813561;cluster_I;Azospirillum_zeae	81.20	367	5184828	56	11	779287	779648	359	1	2e-73	 283	minus	0
CP016811.1	DQ787331;cluster_I;Azospirillum_lipoferum	78.46	455	5184828	83	13	779290	779738	446	1	2e-73	 283	minus	0
CP016811.1	DQ787334;cluster_I;Azospirillum_lipoferum	78.86	440	5184828	78	13	779290	779723	446	16	2e-73	 283	minus	0
CP016811.1	DQ787332;cluster_I;Azospirillum_lipoferum	78.86	440	5184828	78	13	779290	779723	446	16	2e-73	 283	minus	0
CP016811.1	EU418412;cluster_I;Rhizobium_mongolense	75.81	587	5184828	127	13	779077	779657	614	37	2e-73	 283	minus	0
CP016811.1	DQ682472;cluster_I;Azospirillum_zeae	81.04	364	5184828	56	11	779290	779648	357	2	7e-73	 281	minus	0
CP016811.1	AB079622;cluster_I;Rhodobacter_sp._AP-10	78.29	456	5184828	84	11	779289	779738	459	13	3e-72	 279	minus	0
CP016811.1	EU386145;cluster_I;Rhizobium_sp._NGR181	77.80	473	5184828	92	11	779097	779564	508	44	3e-72	 279	minus	0
CP016811.1	DQ682471;cluster_I;Azospirillum_zeae	81.16	361	5184828	55	11	779290	779645	353	1	9e-72	 278	minus	0
CP016811.1	GQ411215;cluster_I;Bacillus_sp._SUND_LM2	89.77	215	5184828	21	1	779437	779651	314	101	1e-70	 274	minus	0
CP016811.1	GU256453;cluster_I;Azospirillum_zeae	81.45	345	5184828	53	9	779319	779659	374	37	4e-70	 272	minus	0
CP016811.1	FJ687521;cluster_I;Aeromonas_sp._IPPW-29	80.65	367	5184828	58	12	779287	779648	359	1	4e-70	 272	minus	0
CP016811.1	FJ687517;cluster_I;Pseudomonas_sp._IPPW-2	80.65	367	5184828	58	12	779287	779648	359	1	4e-70	 272	minus	0
CP016811.1	AB182912;cluster_I;Pleomorphomonas_oryzae	78.97	409	5184828	77	7	779318	779723	407	5	2e-69	 270	minus	0
CP016811.1	AB079632;cluster_I;Rhodobacter_blasticus_DSM_2131	77.75	454	5184828	88	11	779290	779738	458	13	6e-69	 268	minus	0
CP016811.1	DQ413015;cluster_I;Rhizobium_leguminosarum_bv._viciae	77.29	480	5184828	94	13	779184	779657	514	44	6e-69	 268	minus	0
CP016811.1	AY624581;Unclassified;Gluconacetobacter_azotocaptans	75.43	586	5184828	125	18	778131	778705	1257	680	2e-68	 267	minus	0
CP016811.1	DQ393890;cluster_I;Azospirillum_canadense	80.79	354	5184828	57	9	779290	779639	5	351	2e-68	 267	plus	0
CP016811.1	AB185395;cluster_I;Azospirillum_oryzae	80.79	354	5184828	57	9	779310	779659	408	62	2e-68	 267	minus	0
CP016811.1	EF634041;cluster_I;Rhizobium_gallicum	81.40	328	5184828	58	3	779316	779642	1	326	7e-68	 265	plus	0
CP016811.1	AB182913;cluster_I;Pleomorphomonas_oryzae	79.09	397	5184828	74	7	779318	779711	396	6	7e-68	 265	minus	0
CP016811.1	AB182911;cluster_I;Pleomorphomonas_oryzae	79.04	396	5184828	74	7	779319	779711	394	5	3e-67	 263	minus	0
CP016811.1	GQ411209;cluster_I;Bacillus_megaterium	91.58	190	5184828	15	1	779463	779652	336	148	9e-67	 261	minus	0
CP016811.1	AB182910;cluster_I;Pleomorphomonas_oryzae	78.97	390	5184828	73	7	779325	779711	400	17	1e-65	 257	minus	0
CP016811.1	GU256451;cluster_I;Azospirillum_picis	80.65	341	5184828	55	9	779323	779659	370	37	2e-64	 254	minus	0
CP016811.1	AB079628;cluster_I;Rhodovulum_strictum	79.20	375	5184828	65	10	779290	779659	458	92	7e-63	 248	minus	0
CP016811.1	EU770978;cluster_I;Rhizobium_leguminosarum	75.13	563	5184828	121	17	779184	779738	552	1	3e-62	 246	minus	0
CP016811.1	AB079629;cluster_I;Rhodovulum_strictum	78.99	376	5184828	66	10	779289	779659	459	92	9e-62	 244	minus	0
CP016811.1	ADAF001432;cluster_I;Gluconacetobacter_diazotrophicus	81.49	308	5184828	48	6	779344	779648	302	1	9e-62	 244	minus	0
CP016811.1	GU256450;cluster_I;Azospirillum_melinis	80.06	341	5184828	57	9	779323	779659	368	35	3e-61	 243	minus	0
CP016811.1	EU770979;cluster_I;Rhizobium_leguminosarum	76.25	480	5184828	99	13	779184	779657	552	82	1e-60	 241	minus	0
CP016811.1	AY079181;cluster_I;Rhizobium_tropici	77.24	391	5184828	84	5	779064	779453	387	1	1e-55	 224	minus	0
CP016811.1	EF620478;cluster_I;Azotobacter_chroococcum	79.23	337	5184828	55	15	779307	779633	332	1	2e-54	 220	minus	0
CP016811.1	AB191042;cluster_I;Heliobacterium_gestii	71.26	1030	5184828	246	44	777698	778705	2000	999	2e-53	 217	minus	0
CP016811.1	EU697999;cluster_I;Mesorhizobium_temperatum	85.51	207	5184828	28	2	779185	779390	236	31	7e-53	 215	minus	0
CP016811.1	AH000924;cluster_I;Rhizobium_sp.	76.88	385	5184828	74	10	777929	778301	573	192	2e-49	 204	minus	0
CP016811.1	DQ407288;cluster_I;Mesorhizobium_tianshanense	83.26	215	5184828	32	4	779184	779396	214	2	1e-46	 195	minus	0
CP016811.1	DQ407287;cluster_I;Mesorhizobium_tianshanense	83.10	213	5184828	31	5	779184	779393	214	4	4e-45	 189	minus	0
CP016811.1	DQ407295;cluster_I;Mesorhizobium_ciceri	83.25	209	5184828	31	4	779184	779390	207	1	4e-45	 189	minus	0
CP016811.1	GQ289582;cluster_III;Bradyrhizobium_japonicum	81.67	240	5184828	30	10	779272	779501	1	236	2e-44	 187	plus	0
CP016811.1	GQ289573;cluster_III;Bradyrhizobium_japonicum	79.92	244	5184828	39	6	779272	779507	1	242	2e-39	 171	plus	0
CP016811.1	AVU89346;cluster_I;Anabaena_variabilis_ATCC_29413	71.24	692	5184828	179	18	779062	779744	1097	417	1e-35	 158	minus	0
CP016811.1	Z31716;cluster_I;Nostoc_sp._PCC_6720	71.10	692	5184828	180	18	779062	779744	1234	554	6e-34	 152	minus	0
CP016811.1	DQ364798;cluster_I;Paenibacillus_sp._GJ24	74.62	331	5184828	73	8	779325	779651	324	1	6e-29	 135	minus	0
CP016811.1	DQ364799;cluster_I;Paenibacillus_sp._GA12	79.66	177	5184828	33	2	779325	779501	324	151	1e-25	 124	minus	0
CP016811.1	AY373370;cluster_I;Paenibacillus_massiliensis	77.33	172	5184828	36	2	779325	779496	306	138	8e-18	99.0	minus	0
CP016811.1	NOSGLBN;cluster_I;Nostoc_sp.	77.63	152	5184828	26	7	779597	779744	1182	1035	6e-14	86.1	minus	0
