LR134235.1	V00631;cluster_I;Klebsiella_pneumoniae	88.61	1773	5768342	174	24	4382903	4384662	1803	46	0.0	2130	minus	0
LR134235.1	AY242355;cluster_I;Klebsiella_pneumoniae_342	98.30	883	5768342	13	2	4383534	4384415	882	1	0.0	1546	minus	0
LR134235.1	KPNNIFH;cluster_I;Klebsiella_pneumoniae	90.91	891	5768342	79	2	4383526	4384415	890	1	0.0	1195	minus	0
LR134235.1	X96609;cluster_I;Alcaligenes_faecalis	82.12	867	5768342	149	6	4383546	4384409	1475	612	0.0	 737	minus	0
LR134235.1	FJ593760;cluster_I;Klebsiella_sp._CRLS064	99.49	389	5768342	2	0	4383943	4384331	389	1	0.0	 708	minus	0
LR134235.1	FJ593758;cluster_I;Klebsiella_sp._CRPV0610	99.49	389	5768342	2	0	4383943	4384331	389	1	0.0	 708	minus	0
LR134235.1	FJ593759;cluster_I;Klebsiella_sp._CRLS0617	99.49	389	5768342	2	0	4383943	4384331	389	1	0.0	 708	minus	0
LR134235.1	FJ593762;cluster_I;Klebsiella_sp._CRLI0728	99.49	389	5768342	2	0	4383943	4384331	389	1	0.0	 708	minus	0
LR134235.1	FJ593767;cluster_I;Klebsiella_sp._P0643	99.23	389	5768342	3	0	4383943	4384331	389	1	0.0	 702	minus	0
LR134235.1	FJ593766;cluster_I;Klebsiella_sp._P0640	99.23	389	5768342	3	0	4383943	4384331	389	1	0.0	 702	minus	0
LR134235.1	FJ593765;cluster_I;Klebsiella_sp._P0638	99.23	389	5768342	3	0	4383943	4384331	389	1	0.0	 702	minus	0
LR134235.1	FJ593761;cluster_I;Klebsiella_sp._CRLI0730	99.23	389	5768342	3	0	4383943	4384331	389	1	0.0	 702	minus	0
LR134235.1	FJ593763;cluster_I;Klebsiella_sp._CRLI0718a	98.97	389	5768342	4	0	4383943	4384331	389	1	0.0	 697	minus	0
LR134235.1	FJ593756;cluster_I;Klebsiella_sp._CRLI0715	98.97	389	5768342	4	0	4383943	4384331	389	1	0.0	 697	minus	0
LR134235.1	FJ593764;cluster_I;Klebsiella_sp._CRLI0713	98.97	389	5768342	4	0	4383943	4384331	389	1	0.0	 697	minus	0
LR134235.1	FJ593866;cluster_I;Klebsiella_sp._AL060225_04	98.71	389	5768342	5	0	4383943	4384331	389	1	0.0	 691	minus	0
LR134235.1	FJ593865;cluster_I;Klebsiella_sp._AL050511_01	98.71	389	5768342	5	0	4383943	4384331	389	1	0.0	 691	minus	0
LR134235.1	FJ593860;cluster_I;Klebsiella_sp._MNS_801b	98.71	389	5768342	5	0	4383943	4384331	389	1	0.0	 691	minus	0
LR134235.1	FJ593864;cluster_I;Klebsiella_sp._MNFG_802	98.71	389	5768342	5	0	4383943	4384331	389	1	0.0	 691	minus	0
LR134235.1	FJ593861;cluster_I;Klebsiella_sp._MNS_801a	98.71	389	5768342	5	0	4383943	4384331	389	1	0.0	 691	minus	0
LR134235.1	FJ593862;cluster_I;Klebsiella_sp._MNW_801b	98.71	389	5768342	5	0	4383943	4384331	389	1	0.0	 691	minus	0
LR134235.1	FJ593863;cluster_I;Klebsiella_sp._MNFG_801b	98.71	389	5768342	5	0	4383943	4384331	389	1	0.0	 691	minus	0
LR134235.1	FJ593757;cluster_I;Klebsiella_sp._CRLS069a	98.20	389	5768342	7	0	4383943	4384331	389	1	0.0	 680	minus	0
LR134235.1	FJ593768;cluster_I;Klebsiella_sp._CRPV0611a	97.94	389	5768342	8	0	4383943	4384331	389	1	0.0	 675	minus	0
LR134235.1	X03916;cluster_I;Azotobacter_chroococcum	81.27	833	5768342	150	6	4383579	4384408	1174	345	0.0	 669	minus	0
LR134235.1	FJ593769;cluster_I;Klebsiella_sp._P0646	96.92	389	5768342	12	0	4383943	4384331	389	1	0.0	 652	minus	0
LR134235.1	X13519;cluster_I;Azotobacter_vinelandii	80.82	834	5768342	152	7	4383579	4384408	1050	221	0.0	 647	minus	0
LR134235.1	AY846276;cluster_I;Klebsiella_pneumoniae	95.91	391	5768342	15	1	4384009	4384398	10	400	2e-178	 632	plus	0
LR134235.1	FJ822998;cluster_I;Klebsiella_sp._gx-3	97.21	359	5768342	10	0	4383943	4384301	4	362	3e-171	 608	plus	0
LR134235.1	AY367392;cluster_I;Klebsiella_variicola	99.11	336	5768342	3	0	4383966	4384301	337	2	4e-170	 604	minus	0
LR134235.1	FJ822994;cluster_I;Sinorhizobium_sp._gx-153	97.71	350	5768342	8	0	4383943	4384292	4	353	1e-169	 603	plus	0
LR134235.1	EU938522;cluster_I;Burkholderia_sp._gx97	96.94	359	5768342	11	0	4383943	4384301	359	1	1e-169	 603	minus	0
LR134235.1	AY367393;cluster_I;Klebsiella_variicola	98.21	336	5768342	6	0	4383943	4384278	336	1	4e-165	 588	minus	0
LR134235.1	AY367395;cluster_I;Klebsiella_variicola	98.21	336	5768342	6	0	4383943	4384278	336	1	4e-165	 588	minus	0
LR134235.1	AB189641;cluster_I;Halorhodospira_halophila	79.98	804	5768342	155	6	4383594	4384394	1031	231	4e-165	 588	minus	0
LR134235.1	AY367394;cluster_I;Klebsiella_variicola	97.90	333	5768342	7	0	4383969	4384301	334	2	9e-162	 577	minus	0
LR134235.1	DQ364801;cluster_I;Klebsiella_sp._BM92	97.81	320	5768342	7	0	4383985	4384304	320	1	2e-154	 553	minus	0
LR134235.1	DQ821722;cluster_I;Sphingomonas_sp._Y49	97.52	322	5768342	8	0	4383960	4384281	322	1	6e-154	 551	minus	0
LR134235.1	KSU32183;cluster_I;Klebsiella_sp.	95.28	339	5768342	15	1	4384027	4384364	339	1	6e-154	 551	minus	0
LR134235.1	DQ821723;cluster_I;Klebsiella_sp._Y57	96.89	322	5768342	10	0	4383960	4384281	322	1	1e-150	 540	minus	0
LR134235.1	AB270756;cluster_I;Klebsiella_pneumoniae	97.18	319	5768342	9	0	4383984	4384302	360	42	1e-150	 540	minus	0
LR134235.1	FJ593867;cluster_I;Klebsiella_sp._AL060224_03	91.26	389	5768342	34	0	4383943	4384331	389	1	7e-148	 531	minus	0
LR134235.1	GQ381287;cluster_I;Klebsiella_sp._SZ7-2	90.25	359	5768342	32	2	4383943	4384301	356	1	2e-128	 466	minus	0
LR134235.1	FJ593868;cluster_I;Enterobacter_sp._MTP_050512_17	86.12	389	5768342	54	0	4383943	4384331	389	1	2e-114	 420	minus	0
LR134235.1	AY221827;cluster_I;Klebsiella_oxytoca_KCTC_1686	89.60	327	5768342	34	0	4383957	4384283	327	1	2e-113	 416	minus	0
LR134235.1	EF199951;cluster_I;Halorhodospira_halophila	83.30	449	5768342	75	0	4383943	4384391	449	1	8e-113	 414	minus	0
LR134235.1	GQ381290;cluster_I;Klebsiella_pneumoniae	89.72	321	5768342	31	2	4383943	4384263	331	13	4e-111	 409	minus	0
LR134235.1	FJ593777;cluster_I;Pantoea_sp._CRLI0725a	85.60	389	5768342	56	0	4383943	4384331	389	1	4e-111	 409	minus	0
LR134235.1	FJ593779;cluster_I;Pantoea_sp._A0305	85.60	389	5768342	56	0	4383943	4384331	389	1	4e-111	 409	minus	0
LR134235.1	FJ593780;cluster_I;Pantoea_sp._P0352	85.60	389	5768342	56	0	4383943	4384331	389	1	4e-111	 409	minus	0
LR134235.1	FJ593778;cluster_I;Pantoea_sp._P0359	85.60	389	5768342	56	0	4383943	4384331	389	1	4e-111	 409	minus	0
LR134235.1	AY367396;cluster_I;Raoultella_terrigena	88.86	332	5768342	37	0	4383970	4384301	332	1	4e-111	 409	minus	0
LR134235.1	EU622783;cluster_I;Thiocapsa_bogorovii	84.04	426	5768342	66	2	4383943	4384367	449	25	4e-111	 409	minus	0
LR134235.1	AY373368;cluster_I;Paenibacillus_sp._g2	88.99	327	5768342	36	0	4383978	4384304	327	1	5e-110	 405	minus	0
LR134235.1	GQ381289;cluster_I;Paenibacillus_sp._SZ002	89.41	321	5768342	31	3	4383943	4384263	327	10	6e-109	 401	minus	0
LR134235.1	FJ347438;cluster_I;Bradyrhizobium_sp._ORS_330	80.07	557	5768342	98	12	4383736	4384287	549	1	6e-109	 401	minus	0
LR134235.1	FJ347445;cluster_I;Bradyrhizobium_sp._ORS_361	79.46	560	5768342	104	10	4383732	4384287	553	1	2e-108	 399	minus	0
LR134235.1	FJ347430;cluster_I;Bradyrhizobium_sp._ORS_307	79.53	557	5768342	101	12	4383736	4384287	549	1	2e-108	 399	minus	0
LR134235.1	AF545637;cluster_I;Pantoea_agglomerans	86.83	357	5768342	47	0	4384017	4384373	360	4	2e-108	 399	minus	0
LR134235.1	AY373369;cluster_I;Bacillus_cereus	88.69	327	5768342	37	0	4383978	4384304	331	5	2e-108	 399	minus	0
LR134235.1	FJ347446;cluster_I;Bradyrhizobium_sp._ORS_372	79.71	557	5768342	100	12	4383736	4384287	549	1	8e-108	 398	minus	0
LR134235.1	FJ347449;cluster_I;Bradyrhizobium_sp._ORS_391	79.79	559	5768342	104	8	4383732	4384287	553	1	8e-108	 398	minus	0
LR134235.1	FJ347434;cluster_I;Bradyrhizobium_sp._ORS_318	79.50	556	5768342	103	10	4383736	4384287	549	1	8e-108	 398	minus	0
LR134235.1	FJ347439;cluster_I;Bradyrhizobium_sp._ORS_331	79.79	559	5768342	104	8	4383732	4384287	553	1	8e-108	 398	minus	0
LR134235.1	FJ347422;cluster_I;Bradyrhizobium_sp._ORS_294	79.50	556	5768342	103	10	4383736	4384287	549	1	8e-108	 398	minus	0
LR134235.1	FJ347424;cluster_I;Bradyrhizobium_sp._ORS_298	79.12	570	5768342	108	10	4383722	4384287	563	1	8e-108	 398	minus	0
LR134235.1	FJ347443;cluster_I;Bradyrhizobium_sp._ORS_356	79.29	560	5768342	105	10	4383732	4384287	553	1	3e-107	 396	minus	0
LR134235.1	HM047125;cluster_I;Bradyrhizobium_denitrificans	78.96	594	5768342	116	8	4383722	4384312	619	32	3e-107	 396	minus	0
LR134235.1	EF200511;cluster_I;Klebsiella_sp._TT001	90.13	304	5768342	30	0	4383968	4384271	304	1	3e-107	 396	minus	0
LR134235.1	EF200510;cluster_I;Klebsiella_sp._NTI31	90.13	304	5768342	30	0	4383968	4384271	304	1	3e-107	 396	minus	0
LR134235.1	FJ347436;cluster_I;Bradyrhizobium_sp._ORS_327	79.71	557	5768342	100	12	4383722	4384273	563	15	1e-106	 394	minus	0
LR134235.1	FJ347427;cluster_I;Bradyrhizobium_sp._ORS_303	79.29	560	5768342	105	10	4383732	4384287	553	1	1e-106	 394	minus	0
LR134235.1	AY373371;cluster_I;Bacillus_sp._w5	88.38	327	5768342	38	0	4383978	4384304	327	1	1e-106	 394	minus	0
LR134235.1	FJ347418;cluster_I;Bradyrhizobium_sp._ORS_277	79.71	557	5768342	100	12	4383736	4384287	549	1	4e-106	 392	minus	0
LR134235.1	FJ347448;cluster_I;Bradyrhizobium_sp._ORS_377	79.43	559	5768342	106	8	4383732	4384287	553	1	1e-105	 390	minus	0
LR134235.1	FJ347420;cluster_I;Bradyrhizobium_sp._ORS_285	79.33	571	5768342	105	12	4383722	4384287	563	1	1e-105	 390	minus	0
LR134235.1	FJ347423;cluster_I;Bradyrhizobium_sp._ORS_297	79.53	557	5768342	101	12	4383736	4384287	549	1	5e-105	 388	minus	0
LR134235.1	FJ032021;cluster_I;Klebsiella_sp._BN-4A	89.32	309	5768342	33	0	4384009	4384317	309	1	5e-105	 388	minus	0
LR134235.1	AY373365;cluster_I;Bacillus_megaterium	88.44	320	5768342	37	0	4383985	4384304	320	1	2e-104	 387	minus	0
LR134235.1	FJ347426;cluster_I;Bradyrhizobium_sp._ORS_301	79.17	557	5768342	103	12	4383736	4384287	549	1	6e-104	 385	minus	0
LR134235.1	FJ347421;cluster_I;Bradyrhizobium_sp._ORS_287	79.17	557	5768342	103	12	4383736	4384287	549	1	6e-104	 385	minus	0
LR134235.1	FJ347435;cluster_I;Bradyrhizobium_sp._ORS_324	79.14	556	5768342	105	10	4383736	4384287	549	1	8e-103	 381	minus	0
LR134235.1	FJ347441;cluster_I;Bradyrhizobium_sp._ORS_344	78.82	557	5768342	105	12	4383736	4384287	549	1	8e-103	 381	minus	0
LR134235.1	FJ347437;cluster_I;Bradyrhizobium_sp._ORS_328	78.79	561	5768342	106	12	4383732	4384287	553	1	3e-102	 379	minus	0
LR134235.1	FJ347447;cluster_I;Bradyrhizobium_sp._ORS_375	78.64	557	5768342	106	12	4383736	4384287	549	1	1e-101	 377	minus	0
LR134235.1	FJ347425;cluster_I;Bradyrhizobium_sp._ORS_300	78.97	561	5768342	105	12	4383732	4384287	553	1	1e-101	 377	minus	0
LR134235.1	AY373366;cluster_I;Bacillus_sp._c6	87.46	327	5768342	41	0	4383978	4384304	327	1	1e-101	 377	minus	0
LR134235.1	FJ032022;cluster_I;Klebsiella_sp._AF-4C	88.67	309	5768342	35	0	4384009	4384317	311	3	1e-101	 377	minus	0
LR134235.1	GU001626;cluster_I;Bradyrhizobium_japonicum	78.04	633	5768342	114	22	4383722	4384343	57	675	4e-101	 375	plus	0
LR134235.1	GU001618;cluster_I;Bradyrhizobium_cytisi	77.58	660	5768342	123	22	4383664	4384312	671	26	4e-101	 375	minus	0
LR134235.1	GU001631;cluster_I;Bradyrhizobium_japonicum	78.04	633	5768342	114	22	4383722	4384343	57	675	4e-101	 375	plus	0
LR134235.1	GU001628;cluster_I;Bradyrhizobium_japonicum	78.04	633	5768342	114	22	4383722	4384343	57	675	4e-101	 375	plus	0
LR134235.1	FJ822999;cluster_I;Stenotrophomonas_sp._gx-44	85.40	363	5768342	51	2	4383940	4384301	1	362	4e-101	 375	plus	0
LR134235.1	EU622788;cluster_I;Allochromatium_minutissimum	81.78	450	5768342	80	2	4383943	4384391	449	1	4e-101	 375	minus	0
LR134235.1	GU001633;cluster_I;Bradyrhizobium_canariense	77.23	685	5768342	127	26	4383672	4384343	7	675	1e-100	 374	plus	0
LR134235.1	FJ347451;cluster_I;Bradyrhizobium_sp._ORS_400	78.52	568	5768342	111	10	4383724	4384287	561	1	1e-100	 374	minus	0
LR134235.1	DQ364804;cluster_I;Klebsiella_sp._JT42	87.20	328	5768342	40	2	4383978	4384304	327	1	5e-100	 372	minus	0
LR134235.1	FJ347419;cluster_I;Bradyrhizobium_sp._ORS_279	78.43	561	5768342	108	12	4383732	4384287	553	1	2e-99	 370	minus	0
LR134235.1	FJ347433;cluster_I;Bradyrhizobium_sp._ORS_310	78.21	560	5768342	111	10	4383732	4384287	553	1	2e-98	 366	minus	0
LR134235.1	GQ289574;cluster_I/IA;Bradyrhizobium_japonicum	81.03	464	5768342	82	6	4383925	4384385	1	461	8e-98	 364	plus	0
LR134235.1	GU001627;cluster_I;Bradyrhizobium_rifense	77.04	662	5768342	123	25	4383664	4384312	671	26	2e-94	 353	minus	0
LR134235.1	GU001619;cluster_I;Bradyrhizobium_cytisi	76.92	663	5768342	122	26	4383664	4384312	671	26	8e-93	 348	minus	0
LR134235.1	FJ822997;cluster_I;Pseudomonas_sp._gx-127	84.12	359	5768342	57	0	4383943	4384301	4	362	8e-93	 348	plus	0
LR134235.1	DQ821718;cluster_I;Enterobacter_sp._Y4	85.14	323	5768342	46	2	4383960	4384281	322	1	3e-87	 329	minus	0
LR134235.1	GQ289580;cluster_I/IA;Bradyrhizobium_japonicum	79.31	464	5768342	90	6	4383925	4384385	1	461	2e-84	 320	plus	0
LR134235.1	DQ821725;cluster_I;Micrococcus_sp._Y70	84.21	323	5768342	49	2	4383960	4384281	322	1	3e-82	 313	minus	0
LR134235.1	AF484657;cluster_I;Methylobacterium_sp._xct7	79.35	460	5768342	83	11	4383841	4384296	452	1	3e-82	 313	minus	0
LR134235.1	DQ821719;cluster_I;Enterobacter_sp._Y11	83.90	323	5768342	50	2	4383960	4384281	322	1	1e-80	 307	minus	0
LR134235.1	DQ029203;cluster_I;Azonexus_caeni	84.54	304	5768342	43	3	4383955	4384256	307	6	8e-78	 298	minus	0
LR134235.1	V01215;cluster_I;Sinorhizobium_meliloti	76.26	577	5768342	122	14	4383838	4384408	736	169	4e-76	 292	minus	0
LR134235.1	GU256446;cluster_I;Azospirillum_canadense	80.95	378	5768342	63	5	4383963	4384337	375	4	1e-75	 291	minus	0
LR134235.1	AY624581;Unclassified;Gluconacetobacter_azotocaptans	76.19	588	5768342	117	20	4382784	4383358	1257	680	5e-75	 289	minus	0
LR134235.1	FJ643446;cluster_I;Sinorhizobium_meliloti	76.07	560	5768342	120	13	4383838	4384391	187	738	3e-72	 279	plus	0
LR134235.1	AB489139;cluster_I;Paenibacillus_abekawaensis	77.66	479	5768342	94	11	4383682	4384155	903	433	3e-72	 279	minus	0
LR134235.1	AY768690;cluster_I;Azonexus_fungiphilus	82.10	324	5768342	52	5	4383963	4384283	321	1	5e-70	 272	minus	0
LR134235.1	DQ393890;cluster_I;Azospirillum_canadense	80.91	351	5768342	56	7	4383943	4384289	5	348	2e-68	 267	plus	0
LR134235.1	DQ413016;cluster_I;Sinorhizobium_meliloti	77.17	473	5768342	99	8	4383838	4384307	513	47	2e-68	 267	minus	0
LR134235.1	EU252599;cluster_I;Sinorhizobium_meliloti	77.17	473	5768342	99	8	4383838	4384307	505	39	2e-68	 267	minus	0
LR134235.1	EU418411;cluster_I;Rhizobium_gallicum	78.44	422	5768342	82	9	4383730	4384148	614	199	2e-68	 267	minus	0
LR134235.1	AY934874;cluster_I;Sinorhizobium_sp._CCBAU_33036A	77.05	475	5768342	98	10	4383837	4384307	522	55	3e-67	 263	minus	0
LR134235.1	EU581815;cluster_I;Sinorhizobium_meliloti	76.96	473	5768342	100	8	4383838	4384307	500	34	1e-66	 261	minus	0
LR134235.1	EU379970;cluster_I;Sinorhizobium_meliloti	76.96	473	5768342	100	8	4383838	4384307	506	40	1e-66	 261	minus	0
LR134235.1	AJ457920;cluster_I;Sinorhizobium_sp._Rch-9868	77.17	473	5768342	93	14	4383838	4384304	528	65	1e-66	 261	minus	0
LR134235.1	EU581816;cluster_I;Sinorhizobium_meliloti	76.96	473	5768342	100	8	4383838	4384307	500	34	1e-66	 261	minus	0
LR134235.1	DQ413015;cluster_I;Rhizobium_leguminosarum_bv._viciae	79.17	384	5768342	71	8	4383837	4384217	514	137	1e-65	 257	minus	0
LR134235.1	EU379969;cluster_I;Sinorhizobium_meliloti	76.35	499	5768342	104	13	4383897	4384391	246	734	5e-65	 255	plus	0
LR134235.1	AJ457919;cluster_I;Sinorhizobium_sp._Rch-9813	76.96	473	5768342	94	14	4383838	4384304	528	65	5e-65	 255	minus	0
LR134235.1	EF153400;cluster_I;Sinorhizobium_meliloti	76.74	473	5768342	101	8	4383838	4384307	506	40	5e-65	 255	minus	0
LR134235.1	AY934877;cluster_I;Sinorhizobium_sp._CCBAU_53044B	76.74	473	5768342	101	8	4383838	4384307	522	56	5e-65	 255	minus	0
LR134235.1	EU707160;cluster_I;Sinorhizobium_meliloti	76.74	473	5768342	101	8	4383838	4384307	484	18	5e-65	 255	minus	0
LR134235.1	EU252600;cluster_I;Sinorhizobium_sp._CCBAU_83317	76.74	473	5768342	101	8	4383838	4384307	506	40	5e-65	 255	minus	0
LR134235.1	AF285967;cluster_I;Sinorhizobium_sp._S005	77.73	431	5768342	87	7	4383724	4384151	437	13	5e-65	 255	minus	0
LR134235.1	EU418412;cluster_I;Rhizobium_mongolense	77.96	422	5768342	84	9	4383730	4384148	614	199	5e-65	 255	minus	0
LR134235.1	EF158046;cluster_I;Azospira_restricta	83.76	271	5768342	40	3	4383952	4384220	269	1	2e-64	 254	minus	0
LR134235.1	EU418418;cluster_I;Sinorhizobium_meliloti	76.53	473	5768342	102	8	4383838	4384307	500	34	2e-63	 250	minus	0
LR134235.1	EF070145;cluster_I;Sinorhizobium_meliloti	77.78	414	5768342	83	8	4383897	4384307	416	9	3e-62	 246	minus	0
LR134235.1	EU407189;cluster_I;Rhizobium_tibeticum	74.53	585	5768342	140	8	4383729	4384310	604	26	3e-62	 246	minus	0
LR134235.1	EU770978;cluster_I;Rhizobium_leguminosarum	75.04	561	5768342	125	14	4383837	4384391	552	1	3e-62	 246	minus	0
LR134235.1	GQ411215;cluster_I;Bacillus_sp._SUND_LM2	86.98	215	5768342	27	1	4384090	4384304	314	101	1e-60	 241	minus	0
LR134235.1	AY929545;cluster_I;Rhizobium_sp._USDA_1920	78.12	393	5768342	77	9	4383750	4384139	387	1	1e-60	 241	minus	0
LR134235.1	AY929537;cluster_I;Rhizobium_mongolense	78.12	393	5768342	77	9	4383750	4384139	387	1	1e-60	 241	minus	0
LR134235.1	AY929538;cluster_I;Rhizobium_mongolense	78.12	393	5768342	77	9	4383750	4384139	387	1	1e-60	 241	minus	0
LR134235.1	AY929541;cluster_I;Rhizobium_yanglingense	78.12	393	5768342	77	9	4383750	4384139	387	1	1e-60	 241	minus	0
LR134235.1	EU581817;cluster_I;Sinorhizobium_meliloti	76.11	473	5768342	104	8	4383838	4384307	497	31	5e-60	 239	minus	0
LR134235.1	EU770979;cluster_I;Rhizobium_leguminosarum	78.12	384	5768342	75	8	4383837	4384217	552	175	6e-59	 235	minus	0
LR134235.1	AB191042;cluster_I;Heliobacterium_gestii	71.32	1025	5768342	254	36	4382351	4383358	2000	999	1e-56	 228	minus	0
LR134235.1	GQ411209;cluster_I;Bacillus_megaterium	87.96	191	5768342	23	0	4384115	4384305	338	148	4e-56	 226	minus	0
LR134235.1	DQ315787;cluster_I;Anabaena_variabilis_ATCC_29413	72.89	686	5768342	158	23	4383719	4384391	704	34	1e-51	 211	minus	0
LR134235.1	EU177583;cluster_I;Sinorhizobium_meliloti	74.55	554	5768342	108	26	4383838	4384385	231	757	1e-51	 211	plus	0
LR134235.1	AH000924;cluster_I;Rhizobium_sp.	74.58	472	5768342	108	11	4382382	4382847	773	308	3e-47	 196	minus	0
LR134235.1	AVU89346;cluster_I;Anabaena_variabilis_ATCC_29413	71.92	691	5768342	176	16	4383715	4384397	1097	417	6e-44	 185	minus	0
LR134235.1	Z31716;cluster_I;Nostoc_sp._PCC_6720	71.78	691	5768342	177	16	4383715	4384397	1234	554	3e-42	 180	minus	0
LR134235.1	AJ968685;cluster_I;Microbacterium_sp._ORS_1418	76.68	343	5768342	67	12	4383955	4384292	335	1	1e-41	 178	minus	0
LR134235.1	AJ968687;cluster_I;Microbacterium_sp._ORS_1417	76.35	334	5768342	68	10	4383963	4384292	329	3	6e-39	 169	minus	0
LR134235.1	AJ968686;cluster_I;Agromyces_sp._ORS_1437	78.73	268	5768342	44	12	4383955	4384217	312	53	2e-38	 167	minus	0
LR134235.1	FJ712276;cluster_I;Rhizobium_petrolearium	76.08	301	5768342	65	6	4384009	4384307	331	36	2e-33	 150	minus	0
LR134235.1	EF560698;cluster_III;Chlorobaculum_macestae	76.86	229	5768342	45	5	4383943	4384164	449	222	5e-25	 122	minus	0
LR134235.1	NOSGLBN;cluster_I;Nostoc_sp.	77.78	153	5768342	29	5	4384247	4384397	1184	1035	5e-15	89.8	minus	0
LR134235.1	RHMNIFHA;cluster_I;Sinorhizobium_meliloti	100.00	29	5768342	0	0	4384279	4384307	32	4	2e-04	54.7	minus	0
