CP020358.1	V00631;cluster_I;Klebsiella_pneumoniae	95.58	1809	6350620	78	2	1569961	1571769	1	1807	0.0	2896	plus	0
CP020358.1	KPNNIFH;cluster_I;Klebsiella_pneumoniae	96.76	894	6350620	29	0	1570253	1571146	1	894	0.0	1491	plus	0
CP020358.1	AY242355;cluster_I;Klebsiella_pneumoniae_342	91.06	884	6350620	75	4	1570253	1571134	1	882	0.0	1192	plus	0
CP020358.1	AB189641;cluster_I;Halorhodospira_halophila	76.04	2333	6350620	503	46	1570277	1572584	234	2535	0.0	1160	plus	0
CP020358.1	X03916;cluster_I;Azotobacter_chroococcum	83.31	833	6350620	133	6	1570260	1571089	345	1174	0.0	 763	plus	0
CP020358.1	FJ593867;cluster_I;Klebsiella_sp._AL060224_03	99.49	389	6350620	2	0	1570337	1570725	1	389	0.0	 708	plus	0
CP020358.1	AY221827;cluster_I;Klebsiella_oxytoca_KCTC_1686	99.39	327	6350620	2	0	1570385	1570711	1	327	1e-166	 593	plus	0
CP020358.1	AY373368;cluster_I;Paenibacillus_sp._g2	98.78	327	6350620	4	0	1570364	1570690	1	327	2e-163	 582	plus	0
CP020358.1	FJ593769;cluster_I;Klebsiella_sp._P0646	92.29	389	6350620	30	0	1570337	1570725	1	389	2e-154	 553	plus	0
CP020358.1	GQ381287;cluster_I;Klebsiella_sp._SZ7-2	94.43	359	6350620	17	2	1570367	1570725	1	356	2e-153	 549	plus	0
CP020358.1	FJ593860;cluster_I;Klebsiella_sp._MNS_801b	92.03	389	6350620	31	0	1570337	1570725	1	389	8e-153	 547	plus	0
CP020358.1	FJ593864;cluster_I;Klebsiella_sp._MNFG_802	92.03	389	6350620	31	0	1570337	1570725	1	389	8e-153	 547	plus	0
CP020358.1	FJ593861;cluster_I;Klebsiella_sp._MNS_801a	92.03	389	6350620	31	0	1570337	1570725	1	389	8e-153	 547	plus	0
CP020358.1	FJ593862;cluster_I;Klebsiella_sp._MNW_801b	92.03	389	6350620	31	0	1570337	1570725	1	389	8e-153	 547	plus	0
CP020358.1	FJ593863;cluster_I;Klebsiella_sp._MNFG_801b	92.03	389	6350620	31	0	1570337	1570725	1	389	8e-153	 547	plus	0
CP020358.1	DQ364804;cluster_I;Klebsiella_sp._JT42	96.65	328	6350620	9	2	1570364	1570690	1	327	1e-151	 544	plus	0
CP020358.1	FJ593866;cluster_I;Klebsiella_sp._AL060225_04	91.77	389	6350620	32	0	1570337	1570725	1	389	4e-151	 542	plus	0
CP020358.1	FJ593865;cluster_I;Klebsiella_sp._AL050511_01	91.77	389	6350620	32	0	1570337	1570725	1	389	4e-151	 542	plus	0
CP020358.1	FJ593768;cluster_I;Klebsiella_sp._CRPV0611a	91.77	389	6350620	32	0	1570337	1570725	1	389	4e-151	 542	plus	0
CP020358.1	FJ593767;cluster_I;Klebsiella_sp._P0643	91.77	389	6350620	32	0	1570337	1570725	1	389	4e-151	 542	plus	0
CP020358.1	FJ593766;cluster_I;Klebsiella_sp._P0640	91.77	389	6350620	32	0	1570337	1570725	1	389	4e-151	 542	plus	0
CP020358.1	FJ593765;cluster_I;Klebsiella_sp._P0638	91.77	389	6350620	32	0	1570337	1570725	1	389	4e-151	 542	plus	0
CP020358.1	FJ593757;cluster_I;Klebsiella_sp._CRLS069a	91.77	389	6350620	32	0	1570337	1570725	1	389	4e-151	 542	plus	0
CP020358.1	FJ593760;cluster_I;Klebsiella_sp._CRLS064	91.52	389	6350620	33	0	1570337	1570725	1	389	2e-149	 536	plus	0
CP020358.1	FJ593763;cluster_I;Klebsiella_sp._CRLI0718a	91.52	389	6350620	33	0	1570337	1570725	1	389	2e-149	 536	plus	0
CP020358.1	FJ593756;cluster_I;Klebsiella_sp._CRLI0715	91.52	389	6350620	33	0	1570337	1570725	1	389	2e-149	 536	plus	0
CP020358.1	FJ593758;cluster_I;Klebsiella_sp._CRPV0610	91.52	389	6350620	33	0	1570337	1570725	1	389	2e-149	 536	plus	0
CP020358.1	FJ593759;cluster_I;Klebsiella_sp._CRLS0617	91.52	389	6350620	33	0	1570337	1570725	1	389	2e-149	 536	plus	0
CP020358.1	FJ593764;cluster_I;Klebsiella_sp._CRLI0713	91.52	389	6350620	33	0	1570337	1570725	1	389	2e-149	 536	plus	0
CP020358.1	FJ593762;cluster_I;Klebsiella_sp._CRLI0728	91.26	389	6350620	34	0	1570337	1570725	1	389	8e-148	 531	plus	0
CP020358.1	EF200511;cluster_I;Klebsiella_sp._TT001	98.03	304	6350620	6	0	1570397	1570700	1	304	3e-147	 529	plus	0
CP020358.1	EF200510;cluster_I;Klebsiella_sp._NTI31	98.03	304	6350620	6	0	1570397	1570700	1	304	3e-147	 529	plus	0
CP020358.1	AJ563286;cluster_I;Dechloromonas_sp._SIUL	81.17	669	6350620	116	9	1570346	1571009	13	676	3e-147	 529	plus	0
CP020358.1	AY373371;cluster_I;Bacillus_sp._w5	95.72	327	6350620	14	0	1570364	1570690	1	327	1e-146	 527	plus	0
CP020358.1	FJ032021;cluster_I;Klebsiella_sp._BN-4A	97.41	309	6350620	8	0	1570351	1570659	1	309	1e-146	 527	plus	0
CP020358.1	AY373369;cluster_I;Bacillus_cereus	95.72	327	6350620	14	0	1570364	1570690	5	331	1e-146	 527	plus	0
CP020358.1	FJ593761;cluster_I;Klebsiella_sp._CRLI0730	91.00	389	6350620	35	0	1570337	1570725	1	389	4e-146	 525	plus	0
CP020358.1	AY373365;cluster_I;Bacillus_megaterium	95.94	320	6350620	13	0	1570364	1570683	1	320	2e-144	 520	plus	0
CP020358.1	AY373366;cluster_I;Bacillus_sp._c6	94.80	327	6350620	17	0	1570364	1570690	1	327	1e-141	 510	plus	0
CP020358.1	FJ032022;cluster_I;Klebsiella_sp._AF-4C	96.12	309	6350620	12	0	1570351	1570659	3	311	5e-140	 505	plus	0
CP020358.1	EU938522;cluster_I;Burkholderia_sp._gx97	91.36	359	6350620	31	0	1570367	1570725	1	359	4e-136	 492	plus	0
CP020358.1	GQ381290;cluster_I;Klebsiella_pneumoniae	93.87	326	6350620	17	3	1570400	1570725	9	331	5e-135	 488	plus	0
CP020358.1	FJ822998;cluster_I;Klebsiella_sp._gx-3	90.81	359	6350620	33	0	1570367	1570725	362	4	8e-133	 481	minus	0
CP020358.1	GQ381289;cluster_I;Paenibacillus_sp._SZ002	93.77	321	6350620	17	3	1570405	1570725	10	327	3e-132	 479	plus	0
CP020358.1	AY846276;cluster_I;Klebsiella_pneumoniae	88.75	391	6350620	43	1	1570270	1570659	400	10	1e-131	 477	minus	0
CP020358.1	AY367396;cluster_I;Raoultella_terrigena	91.87	332	6350620	27	0	1570367	1570698	1	332	8e-128	 464	plus	0
CP020358.1	AF031817;cluster_I;Rhodobacter_sphaeroides	77.17	819	6350620	165	19	1570270	1571077	283	1090	1e-125	 457	plus	0
CP020358.1	AY367392;cluster_I;Klebsiella_variicola	91.07	336	6350620	30	0	1570367	1570702	2	337	5e-125	 455	plus	0
CP020358.1	AY367394;cluster_I;Klebsiella_variicola	91.29	333	6350620	29	0	1570367	1570699	2	334	5e-125	 455	plus	0
CP020358.1	AY367395;cluster_I;Klebsiella_variicola	91.07	336	6350620	30	0	1570390	1570725	1	336	5e-125	 455	plus	0
CP020358.1	FJ822994;cluster_I;Sinorhizobium_sp._gx-153	90.20	347	6350620	34	0	1570379	1570725	350	4	2e-124	 453	minus	0
CP020358.1	AY367393;cluster_I;Klebsiella_variicola	90.77	336	6350620	31	0	1570390	1570725	1	336	2e-123	 449	plus	0
CP020358.1	FJ593779;cluster_I;Pantoea_sp._A0305	86.89	389	6350620	51	0	1570337	1570725	1	389	2e-119	 436	plus	0
CP020358.1	FJ593780;cluster_I;Pantoea_sp._P0352	86.89	389	6350620	51	0	1570337	1570725	1	389	2e-119	 436	plus	0
CP020358.1	FJ593778;cluster_I;Pantoea_sp._P0359	86.89	389	6350620	51	0	1570337	1570725	1	389	2e-119	 436	plus	0
CP020358.1	FJ593777;cluster_I;Pantoea_sp._CRLI0725a	86.63	389	6350620	52	0	1570337	1570725	1	389	8e-118	 431	plus	0
CP020358.1	DQ821722;cluster_I;Sphingomonas_sp._Y49	90.68	322	6350620	30	0	1570387	1570708	1	322	3e-117	 429	plus	0
CP020358.1	FJ593868;cluster_I;Enterobacter_sp._MTP_050512_17	86.38	389	6350620	53	0	1570337	1570725	1	389	4e-116	 425	plus	0
CP020358.1	DQ821723;cluster_I;Klebsiella_sp._Y57	90.06	322	6350620	32	0	1570387	1570708	1	322	6e-114	 418	plus	0
CP020358.1	AB270756;cluster_I;Klebsiella_pneumoniae	90.28	319	6350620	31	0	1570366	1570684	42	360	6e-114	 418	plus	0
CP020358.1	X07866;cluster_I;Rhodobacter_capsulatus_SB_1003	76.24	825	6350620	173	19	1570277	1571088	120	934	2e-113	 416	plus	0
CP020358.1	HM047125;cluster_I;Bradyrhizobium_denitrificans	78.26	667	6350620	130	13	1570327	1570987	3	660	8e-113	 414	plus	0
CP020358.1	EU622783;cluster_I;Thiocapsa_bogorovii	84.27	426	6350620	65	2	1570301	1570725	25	449	8e-113	 414	plus	0
CP020358.1	AF545637;cluster_I;Pantoea_agglomerans	87.57	354	6350620	44	0	1570298	1570651	7	360	1e-111	 411	plus	0
CP020358.1	X63352;cluster_I;Rhodobacter_capsulatus	76.12	825	6350620	174	19	1570277	1571088	1318	2132	1e-111	 411	plus	0
CP020358.1	DQ364801;cluster_I;Klebsiella_sp._BM92	89.69	320	6350620	33	0	1570364	1570683	1	320	4e-111	 409	plus	0
CP020358.1	AB542360;cluster_I;Azospirillum_sp._TSH19	79.51	576	6350620	104	12	1570382	1570952	2	568	8e-108	 398	plus	0
CP020358.1	EU622788;cluster_I;Allochromatium_minutissimum	82.67	450	6350620	76	2	1570277	1570725	1	449	8e-108	 398	plus	0
CP020358.1	FJ347420;cluster_I;Bradyrhizobium_sp._ORS_285	79.51	571	6350620	104	12	1570381	1570946	1	563	3e-107	 396	plus	0
CP020358.1	AB542367;cluster_I;Azospirillum_sp._TSH100	79.48	575	6350620	104	12	1570383	1570952	1	566	3e-107	 396	plus	0
CP020358.1	EF199951;cluster_I;Halorhodospira_halophila	82.41	449	6350620	79	0	1570277	1570725	1	449	4e-106	 392	plus	0
CP020358.1	FJ347446;cluster_I;Bradyrhizobium_sp._ORS_372	79.35	557	6350620	102	12	1570381	1570932	1	549	2e-104	 387	plus	0
CP020358.1	FJ347436;cluster_I;Bradyrhizobium_sp._ORS_327	78.98	571	6350620	107	12	1570381	1570946	1	563	2e-103	 383	plus	0
CP020358.1	FJ347424;cluster_I;Bradyrhizobium_sp._ORS_298	78.60	570	6350620	111	10	1570381	1570946	1	563	2e-103	 383	plus	0
CP020358.1	AB542364;cluster_I;Azospirillum_sp._TSH78	79.26	569	6350620	103	13	1570382	1570944	2	561	2e-103	 383	plus	0
CP020358.1	FJ347435;cluster_I;Bradyrhizobium_sp._ORS_324	79.14	556	6350620	105	10	1570381	1570932	1	549	8e-103	 381	plus	0
CP020358.1	FJ347418;cluster_I;Bradyrhizobium_sp._ORS_277	79.35	557	6350620	102	12	1570381	1570932	1	549	8e-103	 381	plus	0
CP020358.1	FJ347434;cluster_I;Bradyrhizobium_sp._ORS_318	78.96	556	6350620	106	10	1570381	1570932	1	549	3e-102	 379	plus	0
CP020358.1	FJ347422;cluster_I;Bradyrhizobium_sp._ORS_294	78.96	556	6350620	106	10	1570381	1570932	1	549	3e-102	 379	plus	0
CP020358.1	FJ347427;cluster_I;Bradyrhizobium_sp._ORS_303	78.75	560	6350620	108	10	1570381	1570936	1	553	3e-102	 379	plus	0
CP020358.1	FJ347445;cluster_I;Bradyrhizobium_sp._ORS_361	78.75	560	6350620	108	10	1570381	1570936	1	553	1e-101	 377	plus	0
CP020358.1	FJ347443;cluster_I;Bradyrhizobium_sp._ORS_356	78.75	560	6350620	108	10	1570381	1570936	1	553	1e-101	 377	plus	0
CP020358.1	AB542356;cluster_I;Azospirillum_sp._TSH2	78.98	571	6350620	105	13	1570382	1570946	1	562	4e-101	 375	plus	0
CP020358.1	FJ347438;cluster_I;Bradyrhizobium_sp._ORS_330	79.17	557	6350620	103	12	1570381	1570932	1	549	1e-100	 374	plus	0
CP020358.1	AB542337;cluster_I;Azospirillum_sp._TSA2s	78.01	614	6350620	122	11	1570388	1570996	5	610	1e-100	 374	plus	0
CP020358.1	FJ347430;cluster_I;Bradyrhizobium_sp._ORS_307	78.64	557	6350620	106	12	1570381	1570932	1	549	5e-100	 372	plus	0
CP020358.1	AB542357;cluster_I;Azospirillum_sp._TSH5	78.91	569	6350620	105	13	1570384	1570946	1	560	5e-100	 372	plus	0
CP020358.1	AB542358;cluster_I;Azospirillum_sp._TSH6	78.91	569	6350620	105	13	1570384	1570946	1	560	5e-100	 372	plus	0
CP020358.1	AB542359;cluster_I;Azospirillum_sp._TSH10	78.91	569	6350620	105	13	1570384	1570946	1	560	5e-100	 372	plus	0
CP020358.1	FJ347423;cluster_I;Bradyrhizobium_sp._ORS_297	78.99	557	6350620	104	12	1570381	1570932	1	549	2e-99	 370	plus	0
CP020358.1	GQ289562;cluster_I;Bradyrhizobium_japonicum	81.21	463	6350620	80	6	1570283	1570743	458	1	2e-98	 366	minus	0
CP020358.1	FJ347447;cluster_I;Bradyrhizobium_sp._ORS_375	78.14	558	6350620	107	13	1570381	1570932	1	549	3e-97	 363	plus	0
CP020358.1	FJ347441;cluster_I;Bradyrhizobium_sp._ORS_344	78.10	557	6350620	109	12	1570381	1570932	1	549	3e-97	 363	plus	0
CP020358.1	FJ347426;cluster_I;Bradyrhizobium_sp._ORS_301	78.46	557	6350620	107	12	1570381	1570932	1	549	3e-97	 363	plus	0
CP020358.1	AB542366;cluster_I;Azospirillum_sp._TSH96	78.69	563	6350620	105	13	1570388	1570944	4	557	1e-96	 361	plus	0
CP020358.1	FJ347437;cluster_I;Bradyrhizobium_sp._ORS_328	78.07	561	6350620	110	12	1570381	1570936	1	553	1e-95	 357	plus	0
CP020358.1	AB542361;cluster_I;Azospirillum_sp._TSH21	78.10	580	6350620	113	12	1570378	1570952	1	571	5e-95	 355	plus	0
CP020358.1	AB542347;cluster_I;Azospirillum_sp._TSA18	78.25	570	6350620	110	12	1570388	1570952	7	567	2e-94	 353	plus	0
CP020358.1	AB542344;cluster_I;Azospirillum_sp._TSA15c	78.25	570	6350620	110	12	1570388	1570952	5	565	2e-94	 353	plus	0
CP020358.1	AB542340;cluster_I;Azospirillum_sp._TSA11	78.25	570	6350620	110	12	1570388	1570952	7	567	2e-94	 353	plus	0
CP020358.1	AB542343;cluster_I;Azospirillum_sp._TSA14w	78.25	570	6350620	110	12	1570388	1570952	9	569	2e-94	 353	plus	0
CP020358.1	EF199953;cluster_I;Ectothiorhodospira_shaposhnikovii	80.89	450	6350620	84	2	1570277	1570725	1	449	2e-94	 353	plus	0
CP020358.1	FJ347433;cluster_I;Bradyrhizobium_sp._ORS_310	77.68	560	6350620	114	10	1570381	1570936	1	553	7e-94	 351	plus	0
CP020358.1	AB542348;cluster_I;Azospirillum_sp._TSA19	78.13	567	6350620	110	12	1570391	1570952	1	558	9e-93	 348	plus	0
CP020358.1	AB542341;cluster_I;Azospirillum_sp._TSA12	78.13	567	6350620	110	12	1570391	1570952	1	558	9e-93	 348	plus	0
CP020358.1	EF199954;cluster_I;Ectothiorhodospira_mobilis	80.67	450	6350620	85	2	1570277	1570725	1	449	9e-93	 348	plus	0
CP020358.1	DQ787333;cluster_I;Azospirillum_lipoferum	81.32	439	6350620	69	11	1570292	1570725	16	446	1e-91	 344	plus	0
CP020358.1	EF199952;cluster_I;Halorhodospira_abdelmalekii	80.44	450	6350620	86	2	1570277	1570725	1	449	4e-91	 342	plus	0
CP020358.1	AF484657;cluster_I;Methylobacterium_sp._xct7	80.22	460	6350620	79	10	1570372	1570827	1	452	7e-89	 335	plus	0
CP020358.1	GQ161239;cluster_I;Azospirillum_brasilense	83.38	361	6350620	53	6	1570367	1570725	1	356	1e-86	 327	plus	0
CP020358.1	AF059648;cluster_I;Marichromatium_purpuratum	84.92	325	6350620	47	2	1570388	1570711	4	327	1e-86	 327	plus	0
CP020358.1	GQ411215;cluster_I;Bacillus_sp._SUND_LM2	93.98	216	6350620	12	1	1570364	1570579	101	315	4e-86	 326	plus	0
CP020358.1	GQ289571;cluster_I;Bradyrhizobium_japonicum	79.66	467	6350620	83	11	1570283	1570743	461	1	4e-86	 326	minus	0
CP020358.1	FN813553;cluster_I;Azospirillum_zeae	82.69	364	6350620	56	5	1570367	1570728	1	359	2e-83	 316	plus	0
CP020358.1	FN813552;cluster_I;Azospirillum_zeae	82.69	364	6350620	56	5	1570367	1570728	1	359	2e-83	 316	plus	0
CP020358.1	FN813561;cluster_I;Azospirillum_zeae	82.74	365	6350620	54	7	1570367	1570728	1	359	2e-83	 316	plus	0
CP020358.1	GQ289577;cluster_I;Bradyrhizobium_japonicum	79.45	472	6350620	75	17	1570283	1570743	461	1	9e-83	 315	minus	0
CP020358.1	EU672874;cluster_I;Methylogaea_oryzae_JCM_16910	84.94	312	6350620	45	2	1570415	1570725	1	311	9e-83	 315	plus	0
CP020358.1	AB079621;cluster_I;Rhodobacter_azotoformans	79.65	457	6350620	78	13	1570275	1570725	11	458	9e-83	 315	plus	0
CP020358.1	GQ161241;cluster_I;Azospirillum_brasilense	82.60	362	6350620	54	7	1570367	1570725	1	356	1e-81	 311	plus	0
CP020358.1	GU256446;cluster_I;Azospirillum_canadense	81.94	371	6350620	60	5	1570337	1570705	10	375	1e-80	 307	plus	0
CP020358.1	FSU53362;cluster_I;Frankia_sp._EuIK1	71.83	1278	6350620	297	53	1571310	1572557	1286	2530	1e-80	 307	plus	0
CP020358.1	FJ687518;cluster_I;Pseudomonas_sp._IPPW-3	81.82	363	6350620	64	2	1570367	1570728	1	362	2e-79	 303	plus	0
CP020358.1	DQ682472;cluster_I;Azospirillum_zeae	82.04	362	6350620	56	7	1570367	1570725	2	357	2e-79	 303	plus	0
CP020358.1	DQ029203;cluster_I;Azonexus_caeni	86.07	280	6350620	39	0	1570434	1570713	28	307	7e-79	 302	plus	0
CP020358.1	DQ682471;cluster_I;Azospirillum_zeae	82.17	359	6350620	55	7	1570370	1570725	1	353	2e-78	 300	plus	0
CP020358.1	EU418412;cluster_I;Rhizobium_mongolense	76.44	590	6350620	118	18	1570358	1570938	37	614	2e-78	 300	plus	0
CP020358.1	EU418411;cluster_I;Rhizobium_gallicum	76.44	590	6350620	118	18	1570358	1570938	37	614	2e-78	 300	plus	0
CP020358.1	FJ687522;cluster_I;Aeromonas_sp._IPPW-33a	81.54	363	6350620	65	2	1570367	1570728	1	362	9e-78	 298	plus	0
CP020358.1	AB185395;cluster_I;Azospirillum_oryzae	80.25	405	6350620	71	7	1570304	1570705	10	408	3e-77	 296	plus	0
CP020358.1	GQ411209;cluster_I;Bacillus_megaterium	94.71	189	6350620	10	0	1570363	1570551	148	336	1e-76	 294	plus	0
CP020358.1	DQ393890;cluster_I;Azospirillum_canadense	82.15	353	6350620	54	7	1570376	1570725	351	5	1e-76	 294	minus	0
CP020358.1	AB191041;cluster_I;Heliobacterium_chlorum	73.84	776	6350620	185	17	1570322	1571088	1	767	4e-76	 292	plus	0
CP020358.1	GU256453;cluster_I;Azospirillum_zeae	81.02	374	6350620	64	5	1570325	1570696	6	374	1e-75	 291	plus	0
CP020358.1	EU770978;cluster_I;Rhizobium_leguminosarum	76.55	563	6350620	113	17	1570277	1570831	1	552	1e-75	 291	plus	0
CP020358.1	FJ687521;cluster_I;Aeromonas_sp._IPPW-29	81.10	365	6350620	60	8	1570367	1570728	1	359	2e-73	 283	plus	0
CP020358.1	FJ687517;cluster_I;Pseudomonas_sp._IPPW-2	81.10	365	6350620	60	8	1570367	1570728	1	359	2e-73	 283	plus	0
CP020358.1	AY768690;cluster_I;Azonexus_fungiphilus	82.66	323	6350620	52	4	1570385	1570705	1	321	2e-73	 283	plus	0
CP020358.1	AB079628;cluster_I;Rhodovulum_strictum	78.34	457	6350620	84	13	1570275	1570725	11	458	9e-73	 281	plus	0
CP020358.1	EU291980;cluster_I;Sinorhizobium_chiapanecum	77.59	473	6350620	99	5	1570526	1570996	1	468	3e-72	 279	plus	0
CP020358.1	EU770979;cluster_I;Rhizobium_leguminosarum	76.20	563	6350620	115	17	1570277	1570831	1	552	3e-72	 279	plus	0
CP020358.1	AB079629;cluster_I;Rhodovulum_strictum	78.17	458	6350620	85	13	1570275	1570726	11	459	1e-71	 278	plus	0
CP020358.1	EF158046;cluster_I;Azospira_restricta	85.13	269	6350620	40	0	1570448	1570716	1	269	4e-71	 276	plus	0
CP020358.1	GU256445;cluster_I;Nitrospirillum_amazonense	80.66	362	6350620	61	8	1570358	1570716	18	373	5e-70	 272	plus	0
CP020358.1	GU256451;cluster_I;Azospirillum_picis	81.47	340	6350620	54	7	1570356	1570692	37	370	2e-69	 270	plus	0
CP020358.1	EF634050;cluster_I;Azotobacter_chroococcum	82.79	308	6350620	47	5	1570418	1570722	1	305	2e-69	 270	plus	0
CP020358.1	EU291983;cluster_I;Ensifer_mexicanus	77.22	474	6350620	99	7	1570526	1570996	1	468	7e-69	 268	plus	0
CP020358.1	EF634053;cluster_I;Azotobacter_chroococcum	82.22	315	6350620	48	7	1570415	1570724	15	326	9e-68	 265	plus	0
CP020358.1	DQ413015;cluster_I;Rhizobium_leguminosarum_bv._viciae	77.56	459	6350620	88	13	1570358	1570810	44	493	3e-67	 263	plus	0
CP020358.1	GQ289563;cluster_I;Bradyrhizobium_japonicum	76.71	468	6350620	95	12	1570283	1570743	461	1	9e-63	 248	minus	0
CP020358.1	AB191042;cluster_I;Heliobacterium_gestii	71.75	1030	6350620	241	39	1571310	1572317	999	2000	1e-61	 244	plus	0
CP020358.1	AB191043;cluster_I;Heliobacterium_modesticaldum_Ice1	71.29	1146	6350620	273	45	1571310	1572430	1093	2207	4e-61	 243	plus	0
CP020358.1	EF634055;cluster_I;Azotobacter_chroococcum	82.56	281	6350620	43	5	1570447	1570724	11	288	4e-61	 243	plus	0
CP020358.1	AY644349;cluster_I;Azomonas_macrocytogenes	78.65	356	6350620	76	0	1570370	1570725	7	362	1e-60	 241	plus	0
CP020358.1	DQ411938;cluster_I;Ensifer_mexicanus	76.92	429	6350620	90	7	1570571	1570996	10	432	7e-59	 235	plus	0
CP020358.1	DQ411939;cluster_I;Ensifer_mexicanus	76.92	429	6350620	90	7	1570571	1570996	10	432	7e-59	 235	plus	0
CP020358.1	ADAF001432;cluster_I;Gluconacetobacter_diazotrophicus	80.92	304	6350620	51	5	1570367	1570668	1	299	2e-58	 233	plus	0
CP020358.1	GQ289567;cluster_III;Bradyrhizobium_japonicum	76.03	463	6350620	91	17	1570291	1570743	453	1	5e-55	 222	minus	0
CP020358.1	AB100830;cluster_I;Heliobacterium_chlorum	76.60	359	6350620	78	6	1570370	1570725	4	359	4e-46	 193	plus	0
CP020358.1	GQ289582;cluster_III;Bradyrhizobium_japonicum	80.25	243	6350620	42	2	1570507	1570743	243	1	1e-41	 178	minus	0
CP020358.1	GQ289570;Unclassified;Bradyrhizobium_japonicum	73.49	464	6350620	111	9	1570283	1570743	455	1	9e-38	 165	minus	0
CP020358.1	GQ289566;cluster_III;Bradyrhizobium_japonicum	79.32	237	6350620	41	4	1570514	1570743	236	1	4e-36	 159	minus	0
CP020358.1	GQ289573;cluster_III;Bradyrhizobium_japonicum	78.90	237	6350620	42	5	1570514	1570743	236	1	2e-34	 154	minus	0
