CP030173.1	V00631;cluster_I;Klebsiella_pneumoniae	88.89	1773	5511705	169	24	1870547	1872306	1803	46	0.0	2158	minus	0
CP030173.1	AY242355;cluster_I;Klebsiella_pneumoniae_342	98.30	883	5511705	13	2	1871178	1872059	882	1	0.0	1546	minus	0
CP030173.1	KPNNIFH;cluster_I;Klebsiella_pneumoniae	91.25	891	5511705	76	2	1871170	1872059	890	1	0.0	1212	minus	0
CP030173.1	X96609;cluster_I;Alcaligenes_faecalis	82.35	867	5511705	147	6	1871190	1872053	1475	612	0.0	 749	minus	0
CP030173.1	AVIMONFE;cluster_I;Azotobacter_chroococcum	82.58	838	5511705	135	8	1871223	1872053	1077	244	0.0	 728	minus	0
CP030173.1	FJ593767;cluster_I;Klebsiella_sp._P0643	100.00	389	5511705	0	0	1871587	1871975	389	1	0.0	 719	minus	0
CP030173.1	FJ593766;cluster_I;Klebsiella_sp._P0640	100.00	389	5511705	0	0	1871587	1871975	389	1	0.0	 719	minus	0
CP030173.1	FJ593765;cluster_I;Klebsiella_sp._P0638	100.00	389	5511705	0	0	1871587	1871975	389	1	0.0	 719	minus	0
CP030173.1	FJ593760;cluster_I;Klebsiella_sp._CRLS064	99.74	389	5511705	1	0	1871587	1871975	389	1	0.0	 713	minus	0
CP030173.1	FJ593763;cluster_I;Klebsiella_sp._CRLI0718a	99.74	389	5511705	1	0	1871587	1871975	389	1	0.0	 713	minus	0
CP030173.1	FJ593756;cluster_I;Klebsiella_sp._CRLI0715	99.74	389	5511705	1	0	1871587	1871975	389	1	0.0	 713	minus	0
CP030173.1	FJ593758;cluster_I;Klebsiella_sp._CRPV0610	99.74	389	5511705	1	0	1871587	1871975	389	1	0.0	 713	minus	0
CP030173.1	FJ593759;cluster_I;Klebsiella_sp._CRLS0617	99.74	389	5511705	1	0	1871587	1871975	389	1	0.0	 713	minus	0
CP030173.1	FJ593764;cluster_I;Klebsiella_sp._CRLI0713	99.74	389	5511705	1	0	1871587	1871975	389	1	0.0	 713	minus	0
CP030173.1	FJ593866;cluster_I;Klebsiella_sp._AL060225_04	99.49	389	5511705	2	0	1871587	1871975	389	1	0.0	 708	minus	0
CP030173.1	FJ593865;cluster_I;Klebsiella_sp._AL050511_01	99.49	389	5511705	2	0	1871587	1871975	389	1	0.0	 708	minus	0
CP030173.1	FJ593762;cluster_I;Klebsiella_sp._CRLI0728	99.23	389	5511705	3	0	1871587	1871975	389	1	0.0	 702	minus	0
CP030173.1	FJ593860;cluster_I;Klebsiella_sp._MNS_801b	98.97	389	5511705	4	0	1871587	1871975	389	1	0.0	 697	minus	0
CP030173.1	FJ593864;cluster_I;Klebsiella_sp._MNFG_802	98.97	389	5511705	4	0	1871587	1871975	389	1	0.0	 697	minus	0
CP030173.1	FJ593861;cluster_I;Klebsiella_sp._MNS_801a	98.97	389	5511705	4	0	1871587	1871975	389	1	0.0	 697	minus	0
CP030173.1	FJ593862;cluster_I;Klebsiella_sp._MNW_801b	98.97	389	5511705	4	0	1871587	1871975	389	1	0.0	 697	minus	0
CP030173.1	FJ593863;cluster_I;Klebsiella_sp._MNFG_801b	98.97	389	5511705	4	0	1871587	1871975	389	1	0.0	 697	minus	0
CP030173.1	FJ593761;cluster_I;Klebsiella_sp._CRLI0730	98.97	389	5511705	4	0	1871587	1871975	389	1	0.0	 697	minus	0
CP030173.1	FJ593757;cluster_I;Klebsiella_sp._CRLS069a	98.97	389	5511705	4	0	1871587	1871975	389	1	0.0	 697	minus	0
CP030173.1	X03916;cluster_I;Azotobacter_chroococcum	81.49	832	5511705	150	4	1871223	1872052	1174	345	0.0	 680	minus	0
CP030173.1	FJ593768;cluster_I;Klebsiella_sp._CRPV0611a	97.69	389	5511705	9	0	1871587	1871975	389	1	0.0	 669	minus	0
CP030173.1	FJ593769;cluster_I;Klebsiella_sp._P0646	97.43	389	5511705	10	0	1871587	1871975	389	1	0.0	 664	minus	0
CP030173.1	X13519;cluster_I;Azotobacter_vinelandii	81.03	833	5511705	152	5	1871223	1872052	1050	221	0.0	 658	minus	0
CP030173.1	AY846276;cluster_I;Klebsiella_pneumoniae	95.91	391	5511705	15	1	1871653	1872042	10	400	2e-178	 632	plus	0
CP030173.1	FJ822998;cluster_I;Klebsiella_sp._gx-3	98.05	359	5511705	7	0	1871587	1871945	4	362	3e-176	 625	plus	0
CP030173.1	FJ822994;cluster_I;Sinorhizobium_sp._gx-153	98.57	350	5511705	5	0	1871587	1871936	4	353	1e-174	 619	plus	0
CP030173.1	EU938522;cluster_I;Burkholderia_sp._gx97	97.49	359	5511705	9	0	1871587	1871945	359	1	7e-173	 614	minus	0
CP030173.1	AY367392;cluster_I;Klebsiella_variicola	99.40	336	5511705	2	0	1871610	1871945	337	2	9e-172	 610	minus	0
CP030173.1	AY367393;cluster_I;Klebsiella_variicola	99.11	336	5511705	3	0	1871587	1871922	336	1	4e-170	 604	minus	0
CP030173.1	AY367395;cluster_I;Klebsiella_variicola	99.11	336	5511705	3	0	1871587	1871922	336	1	4e-170	 604	minus	0
CP030173.1	AY367394;cluster_I;Klebsiella_variicola	98.80	333	5511705	4	0	1871613	1871945	334	2	9e-167	 593	minus	0
CP030173.1	AB189641;cluster_I;Halorhodospira_halophila	80.10	804	5511705	154	6	1871238	1872038	1031	231	9e-167	 593	minus	0
CP030173.1	DQ364801;cluster_I;Klebsiella_sp._BM92	98.75	320	5511705	4	0	1871629	1871948	320	1	1e-159	 569	minus	0
CP030173.1	AB270756;cluster_I;Klebsiella_pneumoniae	98.12	319	5511705	6	0	1871628	1871946	360	42	1e-155	 556	minus	0
CP030173.1	KSU32183;cluster_I;Klebsiella_sp.	95.28	339	5511705	15	1	1871671	1872008	339	1	5e-154	 551	minus	0
CP030173.1	DQ821722;cluster_I;Sphingomonas_sp._Y49	97.20	322	5511705	9	0	1871604	1871925	322	1	2e-152	 545	minus	0
CP030173.1	FJ593867;cluster_I;Klebsiella_sp._AL060224_03	91.77	389	5511705	32	0	1871587	1871975	389	1	3e-151	 542	minus	0
CP030173.1	DQ821723;cluster_I;Klebsiella_sp._Y57	96.58	322	5511705	11	0	1871604	1871925	322	1	5e-149	 534	minus	0
CP030173.1	AJ563286;cluster_I;Dechloromonas_sp._SIUL	81.22	671	5511705	114	10	1871302	1871966	677	13	7e-148	 531	minus	0
CP030173.1	AF031817;cluster_I;Rhodobacter_sphaeroides	77.62	822	5511705	156	21	1871235	1872042	1090	283	1e-130	 473	minus	0
CP030173.1	GQ381287;cluster_I;Klebsiella_sp._SZ7-2	90.25	359	5511705	32	2	1871587	1871945	356	1	2e-128	 466	minus	0
CP030173.1	AB542353;cluster_I;Azospirillum_sp._TSA36t	80.00	600	5511705	109	9	1871361	1871956	615	23	2e-118	 433	minus	0
CP030173.1	FJ593868;cluster_I;Enterobacter_sp._MTP_050512_17	86.63	389	5511705	52	0	1871587	1871975	389	1	7e-118	 431	minus	0
CP030173.1	AY221827;cluster_I;Klebsiella_oxytoca_KCTC_1686	90.21	327	5511705	32	0	1871601	1871927	327	1	9e-117	 427	minus	0
CP030173.1	X63352;cluster_I;Rhodobacter_capsulatus	76.25	842	5511705	173	20	1871224	1872050	2132	1303	4e-115	 422	minus	0
CP030173.1	EF199951;cluster_I;Halorhodospira_halophila	83.52	449	5511705	74	0	1871587	1872035	449	1	2e-114	 420	minus	0
CP030173.1	EU622783;cluster_I;Thiocapsa_bogorovii	84.51	426	5511705	64	2	1871587	1872011	449	25	2e-114	 420	minus	0
CP030173.1	AY373368;cluster_I;Paenibacillus_sp._g2	89.60	327	5511705	34	0	1871622	1871948	327	1	2e-113	 416	minus	0
CP030173.1	X07866;cluster_I;Rhodobacter_capsulatus_SB_1003	76.13	842	5511705	174	20	1871224	1872050	934	105	2e-113	 416	minus	0
CP030173.1	AY367396;cluster_I;Raoultella_terrigena	89.16	332	5511705	36	0	1871614	1871945	332	1	7e-113	 414	minus	0
CP030173.1	AB542360;cluster_I;Azospirillum_sp._TSH19	79.97	574	5511705	104	10	1871361	1871930	568	2	3e-112	 412	minus	0
CP030173.1	AB542367;cluster_I;Azospirillum_sp._TSH100	79.93	573	5511705	104	10	1871361	1871929	566	1	9e-112	 411	minus	0
CP030173.1	AY373369;cluster_I;Bacillus_cereus	89.30	327	5511705	35	0	1871622	1871948	331	5	9e-112	 411	minus	0
CP030173.1	FJ593777;cluster_I;Pantoea_sp._CRLI0725a	85.60	389	5511705	56	0	1871587	1871975	389	1	3e-111	 409	minus	0
CP030173.1	FJ593779;cluster_I;Pantoea_sp._A0305	85.60	389	5511705	56	0	1871587	1871975	389	1	3e-111	 409	minus	0
CP030173.1	FJ593780;cluster_I;Pantoea_sp._P0352	85.60	389	5511705	56	0	1871587	1871975	389	1	3e-111	 409	minus	0
CP030173.1	FJ593778;cluster_I;Pantoea_sp._P0359	85.60	389	5511705	56	0	1871587	1871975	389	1	3e-111	 409	minus	0
CP030173.1	FJ347424;cluster_I;Bradyrhizobium_sp._ORS_298	79.47	570	5511705	106	10	1871366	1871931	563	1	3e-111	 409	minus	0
CP030173.1	FJ347438;cluster_I;Bradyrhizobium_sp._ORS_330	80.25	557	5511705	97	12	1871380	1871931	549	1	1e-110	 407	minus	0
CP030173.1	FJ347445;cluster_I;Bradyrhizobium_sp._ORS_361	79.64	560	5511705	103	10	1871376	1871931	553	1	4e-110	 405	minus	0
CP030173.1	FJ347430;cluster_I;Bradyrhizobium_sp._ORS_307	79.71	557	5511705	100	12	1871380	1871931	549	1	4e-110	 405	minus	0
CP030173.1	FJ347427;cluster_I;Bradyrhizobium_sp._ORS_303	79.64	560	5511705	103	10	1871376	1871931	553	1	4e-110	 405	minus	0
CP030173.1	AB542349;cluster_I;Azospirillum_sp._TSA20c	79.17	600	5511705	114	9	1871361	1871956	621	29	4e-110	 405	minus	0
CP030173.1	AB542346;cluster_I;Azospirillum_sp._TSA16	79.17	600	5511705	114	9	1871361	1871956	600	8	4e-110	 405	minus	0
CP030173.1	AB542338;cluster_I;Azospirillum_sp._TSA6c	79.17	600	5511705	114	9	1871361	1871956	621	29	4e-110	 405	minus	0
CP030173.1	AY373371;cluster_I;Bacillus_sp._w5	88.99	327	5511705	36	0	1871622	1871948	327	1	4e-110	 405	minus	0
CP030173.1	GQ381290;cluster_I;Klebsiella_pneumoniae	89.41	321	5511705	32	2	1871587	1871907	331	13	2e-109	 403	minus	0
CP030173.1	FJ347446;cluster_I;Bradyrhizobium_sp._ORS_372	79.89	557	5511705	99	12	1871380	1871931	549	1	2e-109	 403	minus	0
CP030173.1	FJ347449;cluster_I;Bradyrhizobium_sp._ORS_391	79.96	559	5511705	103	8	1871376	1871931	553	1	2e-109	 403	minus	0
CP030173.1	FJ347434;cluster_I;Bradyrhizobium_sp._ORS_318	79.68	556	5511705	102	10	1871380	1871931	549	1	2e-109	 403	minus	0
CP030173.1	FJ347439;cluster_I;Bradyrhizobium_sp._ORS_331	79.96	559	5511705	103	8	1871376	1871931	553	1	2e-109	 403	minus	0
CP030173.1	FJ347422;cluster_I;Bradyrhizobium_sp._ORS_294	79.68	556	5511705	102	10	1871380	1871931	549	1	2e-109	 403	minus	0
CP030173.1	FJ347443;cluster_I;Bradyrhizobium_sp._ORS_356	79.46	560	5511705	104	10	1871376	1871931	553	1	6e-109	 401	minus	0
CP030173.1	HM047125;cluster_I;Bradyrhizobium_denitrificans	79.12	594	5511705	115	8	1871366	1871956	619	32	6e-109	 401	minus	0
CP030173.1	EF200511;cluster_I;Klebsiella_sp._TT001	90.46	304	5511705	29	0	1871612	1871915	304	1	6e-109	 401	minus	0
CP030173.1	EF200510;cluster_I;Klebsiella_sp._NTI31	90.46	304	5511705	29	0	1871612	1871915	304	1	6e-109	 401	minus	0
CP030173.1	FJ347436;cluster_I;Bradyrhizobium_sp._ORS_327	79.51	571	5511705	104	12	1871366	1871931	563	1	7e-108	 398	minus	0
CP030173.1	FJ347418;cluster_I;Bradyrhizobium_sp._ORS_277	79.89	557	5511705	99	12	1871380	1871931	549	1	7e-108	 398	minus	0
CP030173.1	AY373365;cluster_I;Bacillus_megaterium	89.06	320	5511705	35	0	1871629	1871948	320	1	7e-108	 398	minus	0
CP030173.1	GQ381289;cluster_I;Paenibacillus_sp._SZ002	89.10	321	5511705	32	3	1871587	1871907	327	10	3e-107	 396	minus	0
CP030173.1	FJ347448;cluster_I;Bradyrhizobium_sp._ORS_377	79.61	559	5511705	105	8	1871376	1871931	553	1	3e-107	 396	minus	0
CP030173.1	FJ347420;cluster_I;Bradyrhizobium_sp._ORS_285	79.51	571	5511705	104	12	1871366	1871931	563	1	3e-107	 396	minus	0
CP030173.1	FJ347423;cluster_I;Bradyrhizobium_sp._ORS_297	79.71	557	5511705	100	12	1871380	1871931	549	1	9e-107	 394	minus	0
CP030173.1	AF545637;cluster_I;Pantoea_agglomerans	86.55	357	5511705	48	0	1871661	1872017	360	4	9e-107	 394	minus	0
CP030173.1	FJ032021;cluster_I;Klebsiella_sp._BN-4A	89.64	309	5511705	32	0	1871653	1871961	309	1	9e-107	 394	minus	0
CP030173.1	FJ347435;cluster_I;Bradyrhizobium_sp._ORS_324	79.50	556	5511705	103	10	1871380	1871931	549	1	3e-106	 392	minus	0
CP030173.1	FJ347426;cluster_I;Bradyrhizobium_sp._ORS_301	79.35	557	5511705	102	12	1871380	1871931	549	1	1e-105	 390	minus	0
CP030173.1	FJ347421;cluster_I;Bradyrhizobium_sp._ORS_287	79.35	557	5511705	102	12	1871380	1871931	549	1	1e-105	 390	minus	0
CP030173.1	AY373366;cluster_I;Bacillus_sp._c6	88.07	327	5511705	39	0	1871622	1871948	327	1	4e-105	 388	minus	0
CP030173.1	GU001626;cluster_I;Bradyrhizobium_japonicum	78.36	633	5511705	112	22	1871366	1871987	57	675	2e-104	 387	plus	0
CP030173.1	GU001618;cluster_I;Bradyrhizobium_cytisi	77.88	660	5511705	121	22	1871308	1871956	671	26	2e-104	 387	minus	0
CP030173.1	GU001631;cluster_I;Bradyrhizobium_japonicum	78.36	633	5511705	112	22	1871366	1871987	57	675	2e-104	 387	plus	0
CP030173.1	GU001628;cluster_I;Bradyrhizobium_japonicum	78.36	633	5511705	112	22	1871366	1871987	57	675	2e-104	 387	plus	0
CP030173.1	FJ822999;cluster_I;Stenotrophomonas_sp._gx-44	85.95	363	5511705	49	2	1871584	1871945	1	362	2e-104	 387	plus	0
CP030173.1	FJ347441;cluster_I;Bradyrhizobium_sp._ORS_344	78.99	557	5511705	104	12	1871380	1871931	549	1	2e-104	 387	minus	0
CP030173.1	EU622788;cluster_I;Allochromatium_minutissimum	82.22	450	5511705	78	2	1871587	1872035	449	1	2e-104	 387	minus	0
CP030173.1	GU001633;cluster_I;Bradyrhizobium_canariense	77.52	685	5511705	125	26	1871316	1871987	7	675	6e-104	 385	plus	0
CP030173.1	FJ347437;cluster_I;Bradyrhizobium_sp._ORS_328	78.97	561	5511705	105	12	1871376	1871931	553	1	6e-104	 385	minus	0
CP030173.1	FJ347447;cluster_I;Bradyrhizobium_sp._ORS_375	78.82	557	5511705	105	12	1871380	1871931	549	1	2e-103	 383	minus	0
CP030173.1	FJ347425;cluster_I;Bradyrhizobium_sp._ORS_300	79.14	561	5511705	104	12	1871376	1871931	553	1	2e-103	 383	minus	0
CP030173.1	DQ364804;cluster_I;Klebsiella_sp._JT42	87.80	328	5511705	38	2	1871622	1871948	327	1	2e-103	 383	minus	0
CP030173.1	FJ032022;cluster_I;Klebsiella_sp._AF-4C	89.00	309	5511705	34	0	1871653	1871961	311	3	2e-103	 383	minus	0
CP030173.1	AB542356;cluster_I;Azospirillum_sp._TSH2	79.16	571	5511705	104	11	1871366	1871930	562	1	7e-103	 381	minus	0
CP030173.1	FJ347451;cluster_I;Bradyrhizobium_sp._ORS_400	78.70	568	5511705	110	10	1871368	1871931	561	1	3e-102	 379	minus	0
CP030173.1	AB542357;cluster_I;Azospirillum_sp._TSH5	79.09	569	5511705	104	11	1871366	1871928	560	1	9e-102	 377	minus	0
CP030173.1	AB542358;cluster_I;Azospirillum_sp._TSH6	79.09	569	5511705	104	11	1871366	1871928	560	1	9e-102	 377	minus	0
CP030173.1	AB542359;cluster_I;Azospirillum_sp._TSH10	79.09	569	5511705	104	11	1871366	1871928	560	1	9e-102	 377	minus	0
CP030173.1	FJ347419;cluster_I;Bradyrhizobium_sp._ORS_279	78.61	561	5511705	107	12	1871376	1871931	553	1	3e-101	 375	minus	0
CP030173.1	EU693339;cluster_I;Bacillus_sp._Z7	83.93	392	5511705	63	0	1871569	1871960	427	36	3e-101	 375	minus	0
CP030173.1	AB542361;cluster_I;Azospirillum_sp._TSH21	78.87	568	5511705	109	9	1871361	1871924	571	11	1e-100	 374	minus	0
CP030173.1	AB542347;cluster_I;Azospirillum_sp._TSA18	78.87	568	5511705	109	9	1871361	1871924	567	7	1e-100	 374	minus	0
CP030173.1	AB542337;cluster_I;Azospirillum_sp._TSA2s	78.87	568	5511705	109	9	1871361	1871924	565	5	1e-100	 374	minus	0
CP030173.1	AB542344;cluster_I;Azospirillum_sp._TSA15c	78.87	568	5511705	109	9	1871361	1871924	565	5	1e-100	 374	minus	0
CP030173.1	AB542340;cluster_I;Azospirillum_sp._TSA11	78.87	568	5511705	109	9	1871361	1871924	567	7	1e-100	 374	minus	0
CP030173.1	AB542343;cluster_I;Azospirillum_sp._TSA14w	78.87	568	5511705	109	9	1871361	1871924	569	9	1e-100	 374	minus	0
CP030173.1	EU693340;cluster_I;Bacillus_sp._Z19	83.05	413	5511705	68	2	1871569	1871981	428	18	1e-100	 374	minus	0
CP030173.1	FJ347433;cluster_I;Bradyrhizobium_sp._ORS_310	78.39	560	5511705	110	10	1871376	1871931	553	1	4e-100	 372	minus	0
CP030173.1	GQ289574;cluster_I/IA;Bradyrhizobium_japonicum	81.25	464	5511705	81	6	1871569	1872029	1	461	2e-99	 370	plus	0
CP030173.1	EU693338;cluster_I;Azotobacter_chroococcum	82.89	415	5511705	68	3	1871569	1871981	434	21	2e-99	 370	minus	0
CP030173.1	EU693341;cluster_I;Acinetobacter_sp._Z21	83.80	389	5511705	63	0	1871569	1871957	429	41	2e-99	 370	minus	0
CP030173.1	AB542348;cluster_I;Azospirillum_sp._TSA19	78.83	562	5511705	108	9	1871361	1871918	558	4	6e-99	 368	minus	0
CP030173.1	AB542341;cluster_I;Azospirillum_sp._TSA12	78.83	562	5511705	108	9	1871361	1871918	558	4	6e-99	 368	minus	0
CP030173.1	AB542366;cluster_I;Azospirillum_sp._TSH96	78.86	563	5511705	104	11	1871368	1871924	557	4	2e-98	 366	minus	0
CP030173.1	GU001627;cluster_I;Bradyrhizobium_rifense	77.34	662	5511705	121	25	1871308	1871956	671	26	7e-98	 364	minus	0
CP030173.1	EU693342;cluster_I;Bacillus_sp._Z22	82.84	408	5511705	69	1	1871569	1871975	436	29	7e-98	 364	minus	0
CP030173.1	AB542364;cluster_I;Azospirillum_sp._TSH78	78.56	569	5511705	107	11	1871368	1871930	561	2	1e-96	 361	minus	0
CP030173.1	GU001619;cluster_I;Bradyrhizobium_cytisi	77.22	663	5511705	120	26	1871308	1871956	671	26	3e-96	 359	minus	0
CP030173.1	FJ822997;cluster_I;Pseudomonas_sp._gx-127	84.68	359	5511705	55	0	1871587	1871945	4	362	3e-96	 359	plus	0
CP030173.1	DQ821718;cluster_I;Enterobacter_sp._Y4	85.76	323	5511705	44	2	1871604	1871925	322	1	1e-90	 340	minus	0
CP030173.1	FJ822995;cluster_I;Agrobacterium_tumefaciens	83.57	359	5511705	59	0	1871587	1871945	4	362	2e-89	 337	plus	0
CP030173.1	GQ289580;cluster_I/IA;Bradyrhizobium_japonicum	79.53	464	5511705	89	6	1871569	1872029	1	461	3e-86	 326	plus	0
CP030173.1	DQ821725;cluster_I;Micrococcus_sp._Y70	84.83	323	5511705	47	2	1871604	1871925	322	1	1e-85	 324	minus	0
CP030173.1	U97116;cluster_I;Azoarcus_communis	80.92	414	5511705	73	5	1871601	1872011	411	1	4e-85	 322	minus	0
CP030173.1	DQ787333;cluster_I;Azospirillum_lipoferum	80.50	441	5511705	69	12	1871587	1872020	446	16	4e-85	 322	minus	0
CP030173.1	DQ787331;cluster_I;Azospirillum_lipoferum	79.91	453	5511705	80	9	1871587	1872035	446	1	4e-85	 322	minus	0
CP030173.1	DQ787334;cluster_I;Azospirillum_lipoferum	80.37	438	5511705	75	9	1871587	1872020	446	16	4e-85	 322	minus	0
CP030173.1	DQ787332;cluster_I;Azospirillum_lipoferum	80.37	438	5511705	75	9	1871587	1872020	446	16	4e-85	 322	minus	0
CP030173.1	FJ687522;cluster_I;Aeromonas_sp._IPPW-33a	82.64	363	5511705	61	2	1871584	1871945	362	1	2e-84	 320	minus	0
CP030173.1	DQ821719;cluster_I;Enterobacter_sp._Y11	84.52	323	5511705	48	2	1871604	1871925	322	1	6e-84	 318	minus	0
CP030173.1	AF484657;cluster_I;Methylobacterium_sp._xct7	79.57	460	5511705	82	11	1871485	1871940	452	1	6e-84	 318	minus	0
CP030173.1	AB079621;cluster_I;Rhodobacter_azotoformans	79.82	456	5511705	75	13	1871587	1872035	458	13	2e-83	 316	minus	0
CP030173.1	AB161454;cluster_I;Pleomorphomonas_oryzae	80.38	423	5511705	74	5	1871615	1872034	417	1	3e-82	 313	minus	0
CP030173.1	EF626686;cluster_I;Azonexus_hydrophilus	83.19	339	5511705	55	2	1871596	1871933	338	1	3e-81	 309	minus	0
CP030173.1	DQ029203;cluster_I;Azonexus_caeni	84.87	304	5511705	42	3	1871599	1871900	307	6	2e-79	 303	minus	0
CP030173.1	EF626684;cluster_I;Azonexus_hydrophilus_DSM_23864	82.89	339	5511705	56	2	1871596	1871933	338	1	2e-79	 303	minus	0
CP030173.1	EF626685;cluster_I;Azonexus_hydrophilus	82.89	339	5511705	56	2	1871596	1871933	338	1	2e-79	 303	minus	0
CP030173.1	FN813553;cluster_I;Azospirillum_zeae	81.87	364	5511705	59	5	1871584	1871945	359	1	2e-78	 300	minus	0
CP030173.1	FN813552;cluster_I;Azospirillum_zeae	81.87	364	5511705	59	5	1871584	1871945	359	1	2e-78	 300	minus	0
CP030173.1	V01215;cluster_I;Sinorhizobium_meliloti	77.61	518	5511705	101	14	1871541	1872052	677	169	2e-78	 300	minus	0
CP030173.1	GU256446;cluster_I;Azospirillum_canadense	81.22	378	5511705	62	5	1871607	1871981	375	4	3e-77	 296	minus	0
CP030173.1	FN813561;cluster_I;Azospirillum_zeae	81.64	365	5511705	58	7	1871584	1871945	359	1	1e-76	 294	minus	0
CP030173.1	DQ682472;cluster_I;Azospirillum_zeae	81.49	362	5511705	58	7	1871587	1871945	357	2	4e-76	 292	minus	0
CP030173.1	AB430882;cluster_I;Azotobacter_chroococcum	82.92	322	5511705	55	0	1871604	1871925	322	1	1e-75	 291	minus	0
CP030173.1	FJ687521;cluster_I;Aeromonas_sp._IPPW-29	81.47	367	5511705	55	11	1871584	1871945	359	1	5e-75	 289	minus	0
CP030173.1	FJ687517;cluster_I;Pseudomonas_sp._IPPW-2	81.47	367	5511705	55	11	1871584	1871945	359	1	5e-75	 289	minus	0
CP030173.1	AY624581;Unclassified;Gluconacetobacter_azotocaptans	76.07	585	5511705	123	16	1870428	1871002	1257	680	5e-75	 289	minus	0
CP030173.1	AY351672;cluster_I;Azotobacter_chroococcum	82.87	321	5511705	55	0	1871607	1871927	321	1	5e-75	 289	minus	0
CP030173.1	DQ682471;cluster_I;Azospirillum_zeae	81.62	359	5511705	57	7	1871587	1871942	353	1	5e-75	 289	minus	0
CP030173.1	GQ503352;cluster_I;Mesorhizobium_ciceri	79.03	434	5511705	80	11	1871366	1871795	89	515	2e-74	 287	plus	0
CP030173.1	EF634041;cluster_I;Rhizobium_gallicum	82.57	327	5511705	56	1	1871613	1871939	1	326	2e-74	 287	plus	0
CP030173.1	FJ643446;cluster_I;Sinorhizobium_meliloti	76.25	560	5511705	119	13	1871482	1872035	187	738	6e-74	 285	plus	0
CP030173.1	AB079622;cluster_I;Rhodobacter_sp._AP-10	78.41	454	5511705	87	7	1871586	1872035	459	13	6e-74	 285	minus	0
CP030173.1	AY768690;cluster_I;Azonexus_fungiphilus	82.72	324	5511705	50	5	1871607	1871927	321	1	2e-73	 283	minus	0
CP030173.1	AB182912;cluster_I;Pleomorphomonas_oryzae	79.46	409	5511705	75	5	1871615	1872020	407	5	8e-73	 281	minus	0
CP030173.1	AB489139;cluster_I;Paenibacillus_abekawaensis	77.66	479	5511705	94	11	1871326	1871799	903	433	3e-72	 279	minus	0
CP030173.1	GU256453;cluster_I;Azospirillum_zeae	81.63	343	5511705	56	5	1871616	1871956	374	37	1e-71	 278	minus	0
CP030173.1	EU418411;cluster_I;Rhizobium_gallicum	78.91	422	5511705	80	9	1871374	1871792	614	199	1e-71	 278	minus	0
CP030173.1	DQ029204;cluster_I;Azonexus_fungiphilus	83.39	295	5511705	49	0	1871598	1871892	308	14	1e-70	 274	minus	0
CP030173.1	AB185395;cluster_I;Azospirillum_oryzae	79.26	405	5511705	75	7	1871607	1872008	408	10	1e-70	 274	minus	0
CP030173.1	GQ161241;cluster_I;Azospirillum_brasilense	80.72	363	5511705	59	8	1871587	1871945	356	1	5e-70	 272	minus	0
CP030173.1	DQ393890;cluster_I;Azospirillum_canadense	81.20	351	5511705	55	7	1871587	1871933	5	348	5e-70	 272	plus	0
CP030173.1	AB182913;cluster_I;Pleomorphomonas_oryzae	79.40	398	5511705	73	5	1871615	1872009	396	5	5e-70	 272	minus	0
CP030173.1	DQ413016;cluster_I;Sinorhizobium_meliloti	77.38	473	5511705	98	8	1871482	1871951	513	47	5e-70	 272	minus	0
CP030173.1	EU252599;cluster_I;Sinorhizobium_meliloti	77.38	473	5511705	98	8	1871482	1871951	505	39	5e-70	 272	minus	0
CP030173.1	AB182911;cluster_I;Pleomorphomonas_oryzae	79.35	397	5511705	73	5	1871616	1872009	394	4	2e-69	 270	minus	0
CP030173.1	AB182910;cluster_I;Pleomorphomonas_oryzae	79.10	402	5511705	75	5	1871622	1872020	400	5	6e-69	 268	minus	0
CP030173.1	AY934874;cluster_I;Sinorhizobium_sp._CCBAU_33036A	77.26	475	5511705	97	10	1871481	1871951	522	55	6e-69	 268	minus	0
CP030173.1	DQ413015;cluster_I;Rhizobium_leguminosarum_bv._viciae	79.69	384	5511705	69	8	1871481	1871861	514	137	6e-69	 268	minus	0
CP030173.1	EU379969;cluster_I;Sinorhizobium_meliloti	76.75	499	5511705	102	13	1871541	1872035	246	734	2e-68	 267	plus	0
CP030173.1	EU581815;cluster_I;Sinorhizobium_meliloti	77.17	473	5511705	99	8	1871482	1871951	500	34	2e-68	 267	minus	0
CP030173.1	EU379970;cluster_I;Sinorhizobium_meliloti	77.17	473	5511705	99	8	1871482	1871951	506	40	2e-68	 267	minus	0
CP030173.1	AJ457920;cluster_I;Sinorhizobium_sp._Rch-9868	77.38	473	5511705	92	14	1871482	1871948	528	65	2e-68	 267	minus	0
CP030173.1	EU581816;cluster_I;Sinorhizobium_meliloti	77.17	473	5511705	99	8	1871482	1871951	500	34	2e-68	 267	minus	0
CP030173.1	EU418412;cluster_I;Rhizobium_mongolense	78.44	422	5511705	82	9	1871374	1871792	614	199	2e-68	 267	minus	0
CP030173.1	EF199958;cluster_I;Thioalkalispira_microaerophila	80.06	356	5511705	71	0	1871614	1871969	383	28	8e-68	 265	minus	0
CP030173.1	EF153400;cluster_I;Sinorhizobium_meliloti	78.50	414	5511705	80	8	1871541	1871951	447	40	3e-67	 263	minus	0
CP030173.1	AY934877;cluster_I;Sinorhizobium_sp._CCBAU_53044B	78.50	414	5511705	80	8	1871541	1871951	463	56	3e-67	 263	minus	0
CP030173.1	EU707160;cluster_I;Sinorhizobium_meliloti	78.50	414	5511705	80	8	1871541	1871951	425	18	3e-67	 263	minus	0
CP030173.1	EU252600;cluster_I;Sinorhizobium_sp._CCBAU_83317	78.50	414	5511705	80	8	1871541	1871951	447	40	3e-67	 263	minus	0
CP030173.1	EU407189;cluster_I;Rhizobium_tibeticum	75.04	585	5511705	137	8	1871373	1871954	604	26	3e-67	 263	minus	0
CP030173.1	EU770978;cluster_I;Rhizobium_leguminosarum	75.58	561	5511705	122	14	1871481	1872035	552	1	3e-67	 263	minus	0
CP030173.1	AJ457919;cluster_I;Sinorhizobium_sp._Rch-9813	77.17	473	5511705	93	14	1871482	1871948	528	65	1e-66	 261	minus	0
CP030173.1	EU386145;cluster_I;Rhizobium_sp._NGR181	79.28	391	5511705	68	11	1871476	1871861	426	44	1e-66	 261	minus	0
CP030173.1	GU256450;cluster_I;Azospirillum_melinis	80.83	339	5511705	58	5	1871620	1871956	368	35	4e-66	 259	minus	0
CP030173.1	AB079632;cluster_I;Rhodobacter_blasticus_DSM_2131	77.31	454	5511705	90	10	1871587	1872035	458	13	4e-66	 259	minus	0
CP030173.1	EF070145;cluster_I;Sinorhizobium_meliloti	78.26	414	5511705	81	8	1871541	1871951	416	9	1e-65	 257	minus	0
CP030173.1	EU418418;cluster_I;Sinorhizobium_meliloti	78.26	414	5511705	81	8	1871541	1871951	441	34	1e-65	 257	minus	0
CP030173.1	EF158046;cluster_I;Azospira_restricta	83.76	271	5511705	40	3	1871596	1871864	269	1	2e-64	 254	minus	0
CP030173.1	AY929545;cluster_I;Rhizobium_sp._USDA_1920	78.63	393	5511705	75	9	1871394	1871783	387	1	6e-64	 252	minus	0
CP030173.1	AY929537;cluster_I;Rhizobium_mongolense	78.63	393	5511705	75	9	1871394	1871783	387	1	6e-64	 252	minus	0
CP030173.1	AY929538;cluster_I;Rhizobium_mongolense	78.63	393	5511705	75	9	1871394	1871783	387	1	6e-64	 252	minus	0
CP030173.1	AY929541;cluster_I;Rhizobium_yanglingense	78.63	393	5511705	75	9	1871394	1871783	387	1	6e-64	 252	minus	0
CP030173.1	EU770979;cluster_I;Rhizobium_leguminosarum	75.22	561	5511705	124	14	1871481	1872035	552	1	6e-64	 252	minus	0
CP030173.1	GU256451;cluster_I;Azospirillum_picis	80.35	341	5511705	56	7	1871620	1871956	370	37	8e-63	 248	minus	0
CP030173.1	GQ411215;cluster_I;Bacillus_sp._SUND_LM2	87.44	215	5511705	26	1	1871734	1871948	314	101	3e-62	 246	minus	0
CP030173.1	EU581817;cluster_I;Sinorhizobium_meliloti	76.32	473	5511705	103	8	1871482	1871951	497	31	1e-61	 244	minus	0
CP030173.1	AB079628;cluster_I;Rhodovulum_strictum	76.65	454	5511705	93	9	1871587	1872035	458	13	5e-60	 239	minus	0
CP030173.1	AB079629;cluster_I;Rhodovulum_strictum	76.48	455	5511705	94	9	1871586	1872035	459	13	6e-59	 235	minus	0
CP030173.1	ADAF001432;cluster_I;Gluconacetobacter_diazotrophicus	80.84	308	5511705	50	5	1871641	1871945	302	1	2e-58	 233	minus	0
CP030173.1	GQ411209;cluster_I;Bacillus_megaterium	88.48	191	5511705	22	0	1871759	1871949	338	148	8e-58	 231	minus	0
CP030173.1	AY079181;cluster_I;Rhizobium_tropici	77.49	391	5511705	83	5	1871361	1871750	387	1	3e-57	 230	minus	0
CP030173.1	EF620478;cluster_I;Azotobacter_chroococcum	79.53	337	5511705	54	15	1871604	1871930	332	1	4e-56	 226	minus	0
CP030173.1	AB191042;cluster_I;Heliobacterium_gestii	72.16	844	5511705	197	34	1869995	1870822	2000	1179	5e-55	 222	minus	0
CP030173.1	EU177583;cluster_I;Sinorhizobium_meliloti	74.73	554	5511705	107	26	1871482	1872029	231	757	2e-53	 217	plus	0
CP030173.1	EU697999;cluster_I;Mesorhizobium_temperatum	85.78	204	5511705	27	2	1871485	1871687	233	31	8e-53	 215	minus	0
CP030173.1	DQ407288;cluster_I;Mesorhizobium_tianshanense	78.55	331	5511705	65	6	1871366	1871693	329	2	3e-52	 213	minus	0
CP030173.1	DQ315787;cluster_I;Anabaena_variabilis_ATCC_29413	72.89	686	5511705	158	23	1871363	1872035	704	34	1e-51	 211	minus	0
CP030173.1	DQ407287;cluster_I;Mesorhizobium_tianshanense	78.42	329	5511705	64	7	1871366	1871690	329	4	1e-50	 207	minus	0
CP030173.1	DQ407295;cluster_I;Mesorhizobium_ciceri	78.46	325	5511705	64	6	1871366	1871687	322	1	1e-50	 207	minus	0
CP030173.1	AH000924;cluster_I;Rhizobium_sp.	74.58	472	5511705	108	11	1870026	1870491	773	308	3e-47	 196	minus	0
CP030173.1	AH000924;cluster_I;Rhizobium_sp.	86.42	81	5511705	8	3	1869152	1869230	116	37	6e-14	86.1	minus	0
CP030173.1	GQ289582;cluster_III;Bradyrhizobium_japonicum	82.08	240	5511705	29	10	1871569	1871798	1	236	4e-46	 193	plus	0
CP030173.1	AJ968685;cluster_I;Microbacterium_sp._ORS_1418	76.97	343	5511705	66	12	1871599	1871936	335	1	2e-43	 183	minus	0
CP030173.1	GQ289573;cluster_III;Bradyrhizobium_japonicum	80.33	244	5511705	38	6	1871569	1871804	1	242	4e-41	 176	plus	0
CP030173.1	AVU89346;cluster_I;Anabaena_variabilis_ATCC_29413	71.64	691	5511705	178	16	1871359	1872041	1097	417	1e-40	 174	minus	0
CP030173.1	AJ968687;cluster_I;Microbacterium_sp._ORS_1417	76.65	334	5511705	67	10	1871607	1871936	329	3	1e-40	 174	minus	0
CP030173.1	Z31716;cluster_I;Nostoc_sp._PCC_6720	71.49	691	5511705	179	16	1871359	1872041	1234	554	6e-39	 169	minus	0
CP030173.1	AJ968686;cluster_I;Agromyces_sp._ORS_1437	78.73	268	5511705	44	12	1871599	1871861	312	53	2e-38	 167	minus	0
CP030173.1	FJ712276;cluster_I;Rhizobium_petrolearium	76.41	301	5511705	64	6	1871653	1871951	331	36	5e-35	 156	minus	0
CP030173.1	DQ364798;cluster_I;Paenibacillus_sp._GJ24	74.85	334	5511705	67	12	1871622	1871948	324	1	6e-29	 135	minus	0
CP030173.1	EF560698;cluster_III;Chlorobaculum_macestae	77.29	229	5511705	44	5	1871587	1871808	449	222	1e-26	 128	minus	0
CP030173.1	DQ364799;cluster_I;Paenibacillus_sp._GA12	76.15	260	5511705	53	6	1871622	1871878	324	71	1e-26	 128	minus	0
CP030173.1	AY373370;cluster_I;Paenibacillus_massiliensis	77.33	172	5511705	36	2	1871622	1871793	306	138	8e-18	99.0	minus	0
CP030173.1	NOSGLBN;cluster_I;Nostoc_sp.	77.12	153	5511705	30	5	1871891	1872041	1184	1035	2e-13	84.2	minus	0
CP030173.1	RHMNIFHA;cluster_I;Sinorhizobium_meliloti	92.68	41	5511705	3	0	1871911	1871951	44	4	4e-06	60.2	minus	0
