CP016344.1	V00631;cluster_I;Klebsiella_pneumoniae	88.61	1774	5439582	174	23	1728029	1729790	1803	46	0.0	2132	minus	0
CP016344.1	AY242355;cluster_I;Klebsiella_pneumoniae_342	97.85	883	5439582	17	2	1728660	1729541	882	1	0.0	1524	minus	0
CP016344.1	KPNNIFH;cluster_I;Klebsiella_pneumoniae	90.80	891	5439582	80	2	1728652	1729541	890	1	0.0	1190	minus	0
CP016344.1	X96609;cluster_I;Alcaligenes_faecalis	82.24	867	5439582	148	6	1728672	1729535	1475	612	0.0	 743	minus	0
CP016344.1	FJ593866;cluster_I;Klebsiella_sp._AL060225_04	100.00	389	5439582	0	0	1729069	1729457	389	1	0.0	 719	minus	0
CP016344.1	FJ593865;cluster_I;Klebsiella_sp._AL050511_01	100.00	389	5439582	0	0	1729069	1729457	389	1	0.0	 719	minus	0
CP016344.1	FJ593756;cluster_I;Klebsiella_sp._CRLI0715	99.74	389	5439582	1	0	1729069	1729457	389	1	0.0	 713	minus	0
CP016344.1	FJ593767;cluster_I;Klebsiella_sp._P0643	99.49	389	5439582	2	0	1729069	1729457	389	1	0.0	 708	minus	0
CP016344.1	FJ593766;cluster_I;Klebsiella_sp._P0640	99.49	389	5439582	2	0	1729069	1729457	389	1	0.0	 708	minus	0
CP016344.1	FJ593765;cluster_I;Klebsiella_sp._P0638	99.49	389	5439582	2	0	1729069	1729457	389	1	0.0	 708	minus	0
CP016344.1	FJ593757;cluster_I;Klebsiella_sp._CRLS069a	99.49	389	5439582	2	0	1729069	1729457	389	1	0.0	 708	minus	0
CP016344.1	FJ593860;cluster_I;Klebsiella_sp._MNS_801b	99.23	389	5439582	3	0	1729069	1729457	389	1	0.0	 702	minus	0
CP016344.1	FJ593864;cluster_I;Klebsiella_sp._MNFG_802	99.23	389	5439582	3	0	1729069	1729457	389	1	0.0	 702	minus	0
CP016344.1	FJ593861;cluster_I;Klebsiella_sp._MNS_801a	99.23	389	5439582	3	0	1729069	1729457	389	1	0.0	 702	minus	0
CP016344.1	FJ593862;cluster_I;Klebsiella_sp._MNW_801b	99.23	389	5439582	3	0	1729069	1729457	389	1	0.0	 702	minus	0
CP016344.1	FJ593863;cluster_I;Klebsiella_sp._MNFG_801b	99.23	389	5439582	3	0	1729069	1729457	389	1	0.0	 702	minus	0
CP016344.1	FJ593760;cluster_I;Klebsiella_sp._CRLS064	99.23	389	5439582	3	0	1729069	1729457	389	1	0.0	 702	minus	0
CP016344.1	FJ593763;cluster_I;Klebsiella_sp._CRLI0718a	99.23	389	5439582	3	0	1729069	1729457	389	1	0.0	 702	minus	0
CP016344.1	FJ593758;cluster_I;Klebsiella_sp._CRPV0610	99.23	389	5439582	3	0	1729069	1729457	389	1	0.0	 702	minus	0
CP016344.1	FJ593759;cluster_I;Klebsiella_sp._CRLS0617	99.23	389	5439582	3	0	1729069	1729457	389	1	0.0	 702	minus	0
CP016344.1	FJ593764;cluster_I;Klebsiella_sp._CRLI0713	99.23	389	5439582	3	0	1729069	1729457	389	1	0.0	 702	minus	0
CP016344.1	AVIMONFE;cluster_I;Azotobacter_chroococcum	82.00	839	5439582	138	10	1728705	1729535	1077	244	0.0	 701	minus	0
CP016344.1	FJ593762;cluster_I;Klebsiella_sp._CRLI0728	98.71	389	5439582	5	0	1729069	1729457	389	1	0.0	 691	minus	0
CP016344.1	FJ593761;cluster_I;Klebsiella_sp._CRLI0730	98.46	389	5439582	6	0	1729069	1729457	389	1	0.0	 686	minus	0
CP016344.1	X03916;cluster_I;Azotobacter_chroococcum	81.41	834	5439582	147	8	1728705	1729534	1174	345	0.0	 675	minus	0
CP016344.1	FJ593768;cluster_I;Klebsiella_sp._CRPV0611a	97.17	389	5439582	11	0	1729069	1729457	389	1	0.0	 658	minus	0
CP016344.1	FJ593769;cluster_I;Klebsiella_sp._P0646	96.92	389	5439582	12	0	1729069	1729457	389	1	0.0	 652	minus	0
CP016344.1	X13519;cluster_I;Azotobacter_vinelandii	80.96	835	5439582	149	9	1728705	1729534	1050	221	0.0	 652	minus	0
CP016344.1	AY846276;cluster_I;Klebsiella_pneumoniae	95.65	391	5439582	16	1	1729135	1729524	10	400	8e-177	 627	plus	0
CP016344.1	FJ822998;cluster_I;Klebsiella_sp._gx-3	98.05	359	5439582	7	0	1729069	1729427	4	362	3e-176	 625	plus	0
CP016344.1	FJ822994;cluster_I;Sinorhizobium_sp._gx-153	98.57	350	5439582	5	0	1729069	1729418	4	353	1e-174	 619	plus	0
CP016344.1	AY367395;cluster_I;Klebsiella_variicola	99.70	336	5439582	1	0	1729069	1729404	336	1	2e-173	 616	minus	0
CP016344.1	EU938522;cluster_I;Burkholderia_sp._gx97	97.49	359	5439582	9	0	1729069	1729427	359	1	7e-173	 614	minus	0
CP016344.1	AY367394;cluster_I;Klebsiella_variicola	99.40	333	5439582	2	0	1729095	1729427	334	2	4e-170	 604	minus	0
CP016344.1	AY367392;cluster_I;Klebsiella_variicola	98.81	336	5439582	4	0	1729092	1729427	337	2	2e-168	 599	minus	0
CP016344.1	AY367393;cluster_I;Klebsiella_variicola	98.51	336	5439582	5	0	1729069	1729404	336	1	8e-167	 593	minus	0
CP016344.1	AB189641;cluster_I;Halorhodospira_halophila	79.73	804	5439582	157	6	1728720	1729520	1031	231	9e-162	 577	minus	0
CP016344.1	AB270756;cluster_I;Klebsiella_pneumoniae	98.75	319	5439582	4	0	1729110	1729428	360	42	5e-159	 568	minus	0
CP016344.1	DQ364801;cluster_I;Klebsiella_sp._BM92	98.12	320	5439582	6	0	1729111	1729430	320	1	3e-156	 558	minus	0
CP016344.1	KSU32183;cluster_I;Klebsiella_sp.	94.99	339	5439582	16	1	1729153	1729490	339	1	2e-152	 545	minus	0
CP016344.1	FJ593867;cluster_I;Klebsiella_sp._AL060224_03	91.77	389	5439582	32	0	1729069	1729457	389	1	3e-151	 542	minus	0
CP016344.1	DQ821722;cluster_I;Sphingomonas_sp._Y49	96.58	322	5439582	11	0	1729086	1729407	322	1	5e-149	 534	minus	0
CP016344.1	AJ563286;cluster_I;Dechloromonas_sp._SIUL	81.22	671	5439582	114	10	1728784	1729448	677	13	7e-148	 531	minus	0
CP016344.1	DQ821723;cluster_I;Klebsiella_sp._Y57	95.96	322	5439582	13	0	1729086	1729407	322	1	1e-145	 523	minus	0
CP016344.1	AF031817;cluster_I;Rhodobacter_sphaeroides	77.62	822	5439582	156	21	1728717	1729524	1090	283	1e-130	 473	minus	0
CP016344.1	GQ381287;cluster_I;Klebsiella_sp._SZ7-2	89.69	359	5439582	34	2	1729069	1729427	356	1	4e-125	 455	minus	0
CP016344.1	AB542353;cluster_I;Azospirillum_sp._TSA36t	80.00	600	5439582	109	9	1728843	1729438	615	23	2e-118	 433	minus	0
CP016344.1	AY221827;cluster_I;Klebsiella_oxytoca_KCTC_1686	90.21	327	5439582	32	0	1729083	1729409	327	1	9e-117	 427	minus	0
CP016344.1	FJ593868;cluster_I;Enterobacter_sp._MTP_050512_17	86.38	389	5439582	53	0	1729069	1729457	389	1	3e-116	 425	minus	0
CP016344.1	X63352;cluster_I;Rhodobacter_capsulatus	76.25	842	5439582	173	20	1728706	1729532	2132	1303	4e-115	 422	minus	0
CP016344.1	EF199951;cluster_I;Halorhodospira_halophila	83.52	449	5439582	74	0	1729069	1729517	449	1	2e-114	 420	minus	0
CP016344.1	EU622783;cluster_I;Thiocapsa_bogorovii	84.51	426	5439582	64	2	1729069	1729493	449	25	2e-114	 420	minus	0
CP016344.1	AY373368;cluster_I;Paenibacillus_sp._g2	89.60	327	5439582	34	0	1729104	1729430	327	1	2e-113	 416	minus	0
CP016344.1	X07866;cluster_I;Rhodobacter_capsulatus_SB_1003	76.13	842	5439582	174	20	1728706	1729532	934	105	2e-113	 416	minus	0
CP016344.1	AY367396;cluster_I;Raoultella_terrigena	89.16	332	5439582	36	0	1729096	1729427	332	1	7e-113	 414	minus	0
CP016344.1	FJ347438;cluster_I;Bradyrhizobium_sp._ORS_330	80.43	557	5439582	96	12	1728862	1729413	549	1	3e-112	 412	minus	0
CP016344.1	AB542360;cluster_I;Azospirillum_sp._TSH19	79.97	574	5439582	104	10	1728843	1729412	568	2	3e-112	 412	minus	0
CP016344.1	FJ347445;cluster_I;Bradyrhizobium_sp._ORS_361	79.82	560	5439582	102	10	1728858	1729413	553	1	9e-112	 411	minus	0
CP016344.1	FJ347430;cluster_I;Bradyrhizobium_sp._ORS_307	79.89	557	5439582	99	12	1728862	1729413	549	1	9e-112	 411	minus	0
CP016344.1	AB542367;cluster_I;Azospirillum_sp._TSH100	79.93	573	5439582	104	10	1728843	1729411	566	1	9e-112	 411	minus	0
CP016344.1	AY373369;cluster_I;Bacillus_cereus	89.30	327	5439582	35	0	1729104	1729430	331	5	9e-112	 411	minus	0
CP016344.1	FJ347446;cluster_I;Bradyrhizobium_sp._ORS_372	80.07	557	5439582	98	12	1728862	1729413	549	1	3e-111	 409	minus	0
CP016344.1	FJ347434;cluster_I;Bradyrhizobium_sp._ORS_318	79.86	556	5439582	101	10	1728862	1729413	549	1	3e-111	 409	minus	0
CP016344.1	FJ347422;cluster_I;Bradyrhizobium_sp._ORS_294	79.86	556	5439582	101	10	1728862	1729413	549	1	3e-111	 409	minus	0
CP016344.1	FJ347424;cluster_I;Bradyrhizobium_sp._ORS_298	79.47	570	5439582	106	10	1728848	1729413	563	1	3e-111	 409	minus	0
CP016344.1	FJ347443;cluster_I;Bradyrhizobium_sp._ORS_356	79.64	560	5439582	103	10	1728858	1729413	553	1	1e-110	 407	minus	0
CP016344.1	HM047125;cluster_I;Bradyrhizobium_denitrificans	79.29	594	5439582	114	8	1728848	1729438	619	32	1e-110	 407	minus	0
CP016344.1	FJ347427;cluster_I;Bradyrhizobium_sp._ORS_303	79.64	560	5439582	103	10	1728858	1729413	553	1	4e-110	 405	minus	0
CP016344.1	AB542349;cluster_I;Azospirillum_sp._TSA20c	79.17	600	5439582	114	9	1728843	1729438	621	29	4e-110	 405	minus	0
CP016344.1	AB542346;cluster_I;Azospirillum_sp._TSA16	79.17	600	5439582	114	9	1728843	1729438	600	8	4e-110	 405	minus	0
CP016344.1	AB542338;cluster_I;Azospirillum_sp._TSA6c	79.17	600	5439582	114	9	1728843	1729438	621	29	4e-110	 405	minus	0
CP016344.1	AY373371;cluster_I;Bacillus_sp._w5	88.99	327	5439582	36	0	1729104	1729430	327	1	4e-110	 405	minus	0
CP016344.1	FJ347449;cluster_I;Bradyrhizobium_sp._ORS_391	79.96	559	5439582	103	8	1728858	1729413	553	1	2e-109	 403	minus	0
CP016344.1	FJ347436;cluster_I;Bradyrhizobium_sp._ORS_327	79.68	571	5439582	103	12	1728848	1729413	563	1	2e-109	 403	minus	0
CP016344.1	FJ347439;cluster_I;Bradyrhizobium_sp._ORS_331	79.96	559	5439582	103	8	1728858	1729413	553	1	2e-109	 403	minus	0
CP016344.1	FJ347418;cluster_I;Bradyrhizobium_sp._ORS_277	80.07	557	5439582	98	12	1728862	1729413	549	1	2e-109	 403	minus	0
CP016344.1	FJ347420;cluster_I;Bradyrhizobium_sp._ORS_285	79.68	571	5439582	103	12	1728848	1729413	563	1	6e-109	 401	minus	0
CP016344.1	EF200511;cluster_I;Klebsiella_sp._TT001	90.46	304	5439582	29	0	1729094	1729397	304	1	6e-109	 401	minus	0
CP016344.1	EF200510;cluster_I;Klebsiella_sp._NTI31	90.46	304	5439582	29	0	1729094	1729397	304	1	6e-109	 401	minus	0
CP016344.1	FJ032021;cluster_I;Klebsiella_sp._BN-4A	89.97	309	5439582	31	0	1729135	1729443	309	1	2e-108	 399	minus	0
CP016344.1	FJ593777;cluster_I;Pantoea_sp._CRLI0725a	85.09	389	5439582	58	0	1729069	1729457	389	1	7e-108	 398	minus	0
CP016344.1	FJ593779;cluster_I;Pantoea_sp._A0305	85.09	389	5439582	58	0	1729069	1729457	389	1	7e-108	 398	minus	0
CP016344.1	FJ593780;cluster_I;Pantoea_sp._P0352	85.09	389	5439582	58	0	1729069	1729457	389	1	7e-108	 398	minus	0
CP016344.1	FJ593778;cluster_I;Pantoea_sp._P0359	85.09	389	5439582	58	0	1729069	1729457	389	1	7e-108	 398	minus	0
CP016344.1	FJ347423;cluster_I;Bradyrhizobium_sp._ORS_297	79.89	557	5439582	99	12	1728862	1729413	549	1	7e-108	 398	minus	0
CP016344.1	AY373365;cluster_I;Bacillus_megaterium	89.06	320	5439582	35	0	1729111	1729430	320	1	7e-108	 398	minus	0
CP016344.1	FJ347448;cluster_I;Bradyrhizobium_sp._ORS_377	79.61	559	5439582	105	8	1728858	1729413	553	1	3e-107	 396	minus	0
CP016344.1	FJ347426;cluster_I;Bradyrhizobium_sp._ORS_301	79.53	557	5439582	101	12	1728862	1729413	549	1	3e-107	 396	minus	0
CP016344.1	FJ347421;cluster_I;Bradyrhizobium_sp._ORS_287	79.53	557	5439582	101	12	1728862	1729413	549	1	3e-107	 396	minus	0
CP016344.1	AF545637;cluster_I;Pantoea_agglomerans	86.55	357	5439582	48	0	1729143	1729499	360	4	9e-107	 394	minus	0
CP016344.1	GU001626;cluster_I;Bradyrhizobium_japonicum	78.52	633	5439582	111	22	1728848	1729469	57	675	3e-106	 392	plus	0
CP016344.1	GU001618;cluster_I;Bradyrhizobium_cytisi	78.03	660	5439582	120	22	1728790	1729438	671	26	3e-106	 392	minus	0
CP016344.1	GU001631;cluster_I;Bradyrhizobium_japonicum	78.52	633	5439582	111	22	1728848	1729469	57	675	3e-106	 392	plus	0
CP016344.1	GU001628;cluster_I;Bradyrhizobium_japonicum	78.52	633	5439582	111	22	1728848	1729469	57	675	3e-106	 392	plus	0
CP016344.1	GQ381290;cluster_I;Klebsiella_pneumoniae	88.79	321	5439582	34	2	1729069	1729389	331	13	3e-106	 392	minus	0
CP016344.1	FJ347435;cluster_I;Bradyrhizobium_sp._ORS_324	79.50	556	5439582	103	10	1728862	1729413	549	1	3e-106	 392	minus	0
CP016344.1	FJ347441;cluster_I;Bradyrhizobium_sp._ORS_344	79.17	557	5439582	103	12	1728862	1729413	549	1	3e-106	 392	minus	0
CP016344.1	GU001633;cluster_I;Bradyrhizobium_canariense	77.66	685	5439582	124	26	1728798	1729469	7	675	1e-105	 390	plus	0
CP016344.1	FJ347437;cluster_I;Bradyrhizobium_sp._ORS_328	79.14	561	5439582	104	12	1728858	1729413	553	1	1e-105	 390	minus	0
CP016344.1	FJ347447;cluster_I;Bradyrhizobium_sp._ORS_375	78.99	557	5439582	104	12	1728862	1729413	549	1	4e-105	 388	minus	0
CP016344.1	FJ347425;cluster_I;Bradyrhizobium_sp._ORS_300	79.32	561	5439582	103	12	1728858	1729413	553	1	4e-105	 388	minus	0
CP016344.1	AY373366;cluster_I;Bacillus_sp._c6	88.07	327	5439582	39	0	1729104	1729430	327	1	4e-105	 388	minus	0
CP016344.1	FJ032022;cluster_I;Klebsiella_sp._AF-4C	89.32	309	5439582	33	0	1729135	1729443	311	3	4e-105	 388	minus	0
CP016344.1	EU622788;cluster_I;Allochromatium_minutissimum	82.22	450	5439582	78	2	1729069	1729517	449	1	2e-104	 387	minus	0
CP016344.1	GQ381289;cluster_I;Paenibacillus_sp._SZ002	88.47	321	5439582	34	3	1729069	1729389	327	10	6e-104	 385	minus	0
CP016344.1	FJ347451;cluster_I;Bradyrhizobium_sp._ORS_400	78.87	568	5439582	109	10	1728850	1729413	561	1	6e-104	 385	minus	0
CP016344.1	DQ364804;cluster_I;Klebsiella_sp._JT42	87.80	328	5439582	38	2	1729104	1729430	327	1	2e-103	 383	minus	0
CP016344.1	FJ347419;cluster_I;Bradyrhizobium_sp._ORS_279	78.79	561	5439582	106	12	1728858	1729413	553	1	7e-103	 381	minus	0
CP016344.1	FJ347433;cluster_I;Bradyrhizobium_sp._ORS_310	78.57	560	5439582	109	10	1728858	1729413	553	1	9e-102	 377	minus	0
CP016344.1	FJ822999;cluster_I;Stenotrophomonas_sp._gx-44	85.36	362	5439582	53	0	1729066	1729427	1	362	3e-101	 375	plus	0
CP016344.1	GU001627;cluster_I;Bradyrhizobium_rifense	77.49	662	5439582	120	25	1728790	1729438	671	26	2e-99	 370	minus	0
CP016344.1	GQ289574;cluster_I/IA;Bradyrhizobium_japonicum	81.25	464	5439582	81	6	1729051	1729511	1	461	2e-99	 370	plus	0
CP016344.1	GU001619;cluster_I;Bradyrhizobium_cytisi	77.38	663	5439582	119	26	1728790	1729438	671	26	7e-98	 364	minus	0
CP016344.1	AB542356;cluster_I;Azospirillum_sp._TSH2	78.67	572	5439582	105	13	1728848	1729412	562	1	7e-98	 364	minus	0
CP016344.1	EU693339;cluster_I;Bacillus_sp._Z7	83.42	392	5439582	65	0	1729051	1729442	427	36	7e-98	 364	minus	0
CP016344.1	AB542361;cluster_I;Azospirillum_sp._TSH21	78.52	568	5439582	111	9	1728843	1729406	571	11	3e-97	 363	minus	0
CP016344.1	AB542347;cluster_I;Azospirillum_sp._TSA18	78.52	568	5439582	111	9	1728843	1729406	567	7	3e-97	 363	minus	0
CP016344.1	AB542337;cluster_I;Azospirillum_sp._TSA2s	78.52	568	5439582	111	9	1728843	1729406	565	5	3e-97	 363	minus	0
CP016344.1	AB542344;cluster_I;Azospirillum_sp._TSA15c	78.52	568	5439582	111	9	1728843	1729406	565	5	3e-97	 363	minus	0
CP016344.1	AB542340;cluster_I;Azospirillum_sp._TSA11	78.52	568	5439582	111	9	1728843	1729406	567	7	3e-97	 363	minus	0
CP016344.1	AB542343;cluster_I;Azospirillum_sp._TSA14w	78.52	568	5439582	111	9	1728843	1729406	569	9	3e-97	 363	minus	0
CP016344.1	EU693340;cluster_I;Bacillus_sp._Z19	82.57	413	5439582	70	2	1729051	1729463	428	18	3e-97	 363	minus	0
CP016344.1	AB542357;cluster_I;Azospirillum_sp._TSH5	78.60	570	5439582	105	13	1728848	1729410	560	1	9e-97	 361	minus	0
CP016344.1	AB542358;cluster_I;Azospirillum_sp._TSH6	78.60	570	5439582	105	13	1728848	1729410	560	1	9e-97	 361	minus	0
CP016344.1	AB542359;cluster_I;Azospirillum_sp._TSH10	78.60	570	5439582	105	13	1728848	1729410	560	1	9e-97	 361	minus	0
CP016344.1	FJ822997;cluster_I;Pseudomonas_sp._gx-127	84.72	360	5439582	53	2	1729069	1729427	4	362	3e-96	 359	plus	0
CP016344.1	EU693338;cluster_I;Azotobacter_chroococcum	82.41	415	5439582	70	3	1729051	1729463	434	21	3e-96	 359	minus	0
CP016344.1	EU693341;cluster_I;Acinetobacter_sp._Z21	83.29	389	5439582	65	0	1729051	1729439	429	41	3e-96	 359	minus	0
CP016344.1	AB542348;cluster_I;Azospirillum_sp._TSA19	78.47	562	5439582	110	9	1728843	1729400	558	4	1e-95	 357	minus	0
CP016344.1	AB542341;cluster_I;Azospirillum_sp._TSA12	78.47	562	5439582	110	9	1728843	1729400	558	4	1e-95	 357	minus	0
CP016344.1	EU693342;cluster_I;Bacillus_sp._Z22	82.35	408	5439582	71	1	1729051	1729457	436	29	2e-94	 353	minus	0
CP016344.1	AB542366;cluster_I;Azospirillum_sp._TSH96	78.37	564	5439582	105	13	1728850	1729406	557	4	2e-93	 350	minus	0
CP016344.1	AB542364;cluster_I;Azospirillum_sp._TSH78	78.07	570	5439582	108	13	1728850	1729412	561	2	9e-92	 344	minus	0
CP016344.1	GQ289580;cluster_I/IA;Bradyrhizobium_japonicum	79.53	464	5439582	89	6	1729051	1729511	1	461	3e-86	 326	plus	0
CP016344.1	FJ822995;cluster_I;Agrobacterium_tumefaciens	83.01	359	5439582	61	0	1729069	1729427	4	362	3e-86	 326	plus	0
CP016344.1	AF484657;cluster_I;Methylobacterium_sp._xct7	79.57	460	5439582	82	10	1728967	1729422	452	1	6e-84	 318	minus	0
CP016344.1	U97116;cluster_I;Azoarcus_communis	80.68	414	5439582	74	5	1729083	1729493	411	1	2e-83	 316	minus	0
CP016344.1	DQ787333;cluster_I;Azospirillum_lipoferum	80.27	441	5439582	70	12	1729069	1729502	446	16	2e-83	 316	minus	0
CP016344.1	DQ787331;cluster_I;Azospirillum_lipoferum	79.69	453	5439582	81	9	1729069	1729517	446	1	2e-83	 316	minus	0
CP016344.1	DQ787334;cluster_I;Azospirillum_lipoferum	80.14	438	5439582	76	9	1729069	1729502	446	16	2e-83	 316	minus	0
CP016344.1	DQ787332;cluster_I;Azospirillum_lipoferum	80.14	438	5439582	76	9	1729069	1729502	446	16	2e-83	 316	minus	0
CP016344.1	FJ687522;cluster_I;Aeromonas_sp._IPPW-33a	82.37	363	5439582	62	2	1729066	1729427	362	1	7e-83	 315	minus	0
CP016344.1	AB079621;cluster_I;Rhodobacter_azotoformans	79.61	456	5439582	76	13	1729069	1729517	458	13	1e-81	 311	minus	0
CP016344.1	EF626686;cluster_I;Azonexus_hydrophilus	82.89	339	5439582	56	2	1729078	1729415	338	1	2e-79	 303	minus	0
CP016344.1	V01215;cluster_I;Sinorhizobium_meliloti	77.76	517	5439582	100	15	1729024	1729534	676	169	2e-79	 303	minus	0
CP016344.1	AB161454;cluster_I;Pleomorphomonas_oryzae	79.91	423	5439582	76	6	1729097	1729516	417	1	6e-79	 302	minus	0
CP016344.1	DQ029203;cluster_I;Azonexus_caeni	84.54	304	5439582	43	3	1729081	1729382	307	6	7e-78	 298	minus	0
CP016344.1	EF626684;cluster_I;Azonexus_hydrophilus_DSM_23864	82.60	339	5439582	57	2	1729078	1729415	338	1	7e-78	 298	minus	0
CP016344.1	EF626685;cluster_I;Azonexus_hydrophilus	82.60	339	5439582	57	2	1729078	1729415	338	1	7e-78	 298	minus	0
CP016344.1	FN813553;cluster_I;Azospirillum_zeae	81.59	364	5439582	60	5	1729066	1729427	359	1	1e-76	 294	minus	0
CP016344.1	FN813552;cluster_I;Azospirillum_zeae	81.59	364	5439582	60	5	1729066	1729427	359	1	1e-76	 294	minus	0
CP016344.1	AB430882;cluster_I;Azotobacter_chroococcum	82.97	323	5439582	53	2	1729086	1729407	322	1	1e-75	 291	minus	0
CP016344.1	FJ687521;cluster_I;Aeromonas_sp._IPPW-29	81.47	367	5439582	55	12	1729066	1729427	359	1	4e-75	 289	minus	0
CP016344.1	FJ687517;cluster_I;Pseudomonas_sp._IPPW-2	81.47	367	5439582	55	12	1729066	1729427	359	1	4e-75	 289	minus	0
CP016344.1	FN813561;cluster_I;Azospirillum_zeae	81.37	365	5439582	59	7	1729066	1729427	359	1	4e-75	 289	minus	0
CP016344.1	AY351672;cluster_I;Azotobacter_chroococcum	82.92	322	5439582	53	2	1729089	1729409	321	1	4e-75	 289	minus	0
CP016344.1	DQ682472;cluster_I;Azospirillum_zeae	81.22	362	5439582	59	7	1729069	1729427	357	2	2e-74	 287	minus	0
CP016344.1	FJ643446;cluster_I;Sinorhizobium_meliloti	76.25	560	5439582	119	14	1728964	1729517	187	738	6e-74	 285	plus	0
CP016344.1	AB489139;cluster_I;Paenibacillus_abekawaensis	77.87	479	5439582	93	11	1728808	1729281	903	433	6e-74	 285	minus	0
CP016344.1	AB079622;cluster_I;Rhodobacter_sp._AP-10	78.41	454	5439582	87	7	1729068	1729517	459	13	6e-74	 285	minus	0
CP016344.1	AY624581;Unclassified;Gluconacetobacter_azotocaptans	75.90	585	5439582	124	16	1727910	1728484	1257	680	2e-73	 283	minus	0
CP016344.1	DQ682471;cluster_I;Azospirillum_zeae	81.34	359	5439582	58	7	1729069	1729424	353	1	2e-73	 283	minus	0
CP016344.1	AY768690;cluster_I;Azonexus_fungiphilus	82.41	324	5439582	51	5	1729089	1729409	321	1	1e-71	 278	minus	0
CP016344.1	EF634041;cluster_I;Rhizobium_gallicum	81.96	327	5439582	58	1	1729095	1729421	1	326	3e-71	 276	plus	0
CP016344.1	GU256453;cluster_I;Azospirillum_zeae	81.34	343	5439582	57	5	1729098	1729438	374	37	5e-70	 272	minus	0
CP016344.1	EU581815;cluster_I;Sinorhizobium_meliloti	77.38	473	5439582	98	8	1728964	1729433	500	34	5e-70	 272	minus	0
CP016344.1	EU379970;cluster_I;Sinorhizobium_meliloti	77.38	473	5439582	98	8	1728964	1729433	506	40	5e-70	 272	minus	0
CP016344.1	EU581816;cluster_I;Sinorhizobium_meliloti	77.38	473	5439582	98	8	1728964	1729433	500	34	5e-70	 272	minus	0
CP016344.1	DQ413016;cluster_I;Sinorhizobium_meliloti	77.38	473	5439582	98	9	1728964	1729433	513	47	5e-70	 272	minus	0
CP016344.1	EU252599;cluster_I;Sinorhizobium_meliloti	77.38	473	5439582	98	9	1728964	1729433	505	39	5e-70	 272	minus	0
CP016344.1	GQ503352;cluster_I;Mesorhizobium_ciceri	78.34	434	5439582	83	11	1728848	1729277	89	515	2e-69	 270	plus	0
CP016344.1	EF199958;cluster_I;Thioalkalispira_microaerophila	80.34	356	5439582	70	0	1729096	1729451	383	28	2e-69	 270	minus	0
CP016344.1	AB182912;cluster_I;Pleomorphomonas_oryzae	78.97	409	5439582	77	6	1729097	1729502	407	5	2e-69	 270	minus	0
CP016344.1	DQ029204;cluster_I;Azonexus_fungiphilus	83.05	295	5439582	50	0	1729080	1729374	308	14	6e-69	 268	minus	0
CP016344.1	AB185395;cluster_I;Azospirillum_oryzae	79.01	405	5439582	76	7	1729089	1729490	408	10	6e-69	 268	minus	0
CP016344.1	AY934874;cluster_I;Sinorhizobium_sp._CCBAU_33036A	77.26	475	5439582	97	10	1728963	1729433	522	55	6e-69	 268	minus	0
CP016344.1	GQ161241;cluster_I;Azospirillum_brasilense	80.44	363	5439582	60	8	1729069	1729427	356	1	2e-68	 267	minus	0
CP016344.1	EF153400;cluster_I;Sinorhizobium_meliloti	78.69	413	5439582	79	9	1729024	1729433	446	40	2e-68	 267	minus	0
CP016344.1	AY934877;cluster_I;Sinorhizobium_sp._CCBAU_53044B	78.69	413	5439582	79	9	1729024	1729433	462	56	2e-68	 267	minus	0
CP016344.1	EU707160;cluster_I;Sinorhizobium_meliloti	78.69	413	5439582	79	9	1729024	1729433	424	18	2e-68	 267	minus	0
CP016344.1	EU252600;cluster_I;Sinorhizobium_sp._CCBAU_83317	78.69	413	5439582	79	9	1729024	1729433	446	40	2e-68	 267	minus	0
CP016344.1	EU418411;cluster_I;Rhizobium_gallicum	78.44	422	5439582	82	9	1728856	1729274	614	199	2e-68	 267	minus	0
CP016344.1	EU379969;cluster_I;Sinorhizobium_meliloti	76.71	498	5439582	102	13	1729024	1729517	247	734	8e-68	 265	plus	0
CP016344.1	DQ413015;cluster_I;Rhizobium_leguminosarum_bv._viciae	79.48	385	5439582	68	10	1728963	1729343	514	137	3e-67	 263	minus	0
CP016344.1	AB182913;cluster_I;Pleomorphomonas_oryzae	78.89	398	5439582	75	6	1729097	1729491	396	5	1e-66	 261	minus	0
CP016344.1	AJ457920;cluster_I;Sinorhizobium_sp._Rch-9868	78.64	412	5439582	75	12	1729024	1729430	468	65	1e-66	 261	minus	0
CP016344.1	EF070145;cluster_I;Sinorhizobium_meliloti	78.45	413	5439582	80	9	1729024	1729433	415	9	1e-66	 261	minus	0
CP016344.1	EU418418;cluster_I;Sinorhizobium_meliloti	78.45	413	5439582	80	9	1729024	1729433	440	34	1e-66	 261	minus	0
CP016344.1	EU386145;cluster_I;Rhizobium_sp._NGR181	79.28	391	5439582	68	10	1728958	1729343	426	44	1e-66	 261	minus	0
CP016344.1	AB079632;cluster_I;Rhodobacter_blasticus_DSM_2131	77.31	454	5439582	90	9	1729069	1729517	458	13	4e-66	 259	minus	0
CP016344.1	AB182911;cluster_I;Pleomorphomonas_oryzae	78.84	397	5439582	75	6	1729098	1729491	394	4	4e-66	 259	minus	0
CP016344.1	AB182910;cluster_I;Pleomorphomonas_oryzae	78.61	402	5439582	77	6	1729104	1729502	400	5	1e-65	 257	minus	0
CP016344.1	EU770978;cluster_I;Rhizobium_leguminosarum	75.44	562	5439582	121	16	1728963	1729517	552	1	1e-65	 257	minus	0
CP016344.1	AJ457919;cluster_I;Sinorhizobium_sp._Rch-9813	78.40	412	5439582	76	12	1729024	1729430	468	65	5e-65	 255	minus	0
CP016344.1	EU418412;cluster_I;Rhizobium_mongolense	77.96	422	5439582	84	9	1728856	1729274	614	199	5e-65	 255	minus	0
CP016344.1	GU256450;cluster_I;Azospirillum_melinis	80.53	339	5439582	59	5	1729102	1729438	368	35	2e-64	 254	minus	0
CP016344.1	EF158046;cluster_I;Azospira_restricta	83.76	271	5439582	40	3	1729078	1729346	269	1	2e-64	 254	minus	0
CP016344.1	EU581817;cluster_I;Sinorhizobium_meliloti	76.53	473	5439582	102	8	1728964	1729433	497	31	2e-63	 250	minus	0
CP016344.1	GQ411215;cluster_I;Bacillus_sp._SUND_LM2	87.44	215	5439582	26	1	1729216	1729430	314	101	3e-62	 246	minus	0
CP016344.1	EU770979;cluster_I;Rhizobium_leguminosarum	75.09	562	5439582	123	16	1728963	1729517	552	1	3e-62	 246	minus	0
CP016344.1	GU256451;cluster_I;Azospirillum_picis	80.06	341	5439582	57	7	1729102	1729438	370	37	4e-61	 243	minus	0
CP016344.1	AY929545;cluster_I;Rhizobium_sp._USDA_1920	78.12	393	5439582	77	9	1728876	1729265	387	1	1e-60	 241	minus	0
CP016344.1	AY929537;cluster_I;Rhizobium_mongolense	78.12	393	5439582	77	9	1728876	1729265	387	1	1e-60	 241	minus	0
CP016344.1	EU407189;cluster_I;Rhizobium_tibeticum	74.36	585	5439582	141	8	1728855	1729436	604	26	1e-60	 241	minus	0
CP016344.1	AY929538;cluster_I;Rhizobium_mongolense	78.12	393	5439582	77	9	1728876	1729265	387	1	1e-60	 241	minus	0
CP016344.1	AY929541;cluster_I;Rhizobium_yanglingense	78.12	393	5439582	77	9	1728876	1729265	387	1	1e-60	 241	minus	0
CP016344.1	AB079628;cluster_I;Rhodovulum_strictum	76.43	454	5439582	94	9	1729069	1729517	458	13	2e-58	 233	minus	0
CP016344.1	GQ411209;cluster_I;Bacillus_megaterium	88.48	191	5439582	22	0	1729241	1729431	338	148	8e-58	 231	minus	0
CP016344.1	AB079629;cluster_I;Rhodovulum_strictum	76.26	455	5439582	95	9	1729068	1729517	459	13	3e-57	 230	minus	0
CP016344.1	AB191042;cluster_I;Heliobacterium_gestii	71.32	1025	5439582	254	36	1727477	1728484	2000	999	1e-56	 228	minus	0
CP016344.1	AY079181;cluster_I;Rhizobium_tropici	77.24	391	5439582	84	4	1728843	1729232	387	1	1e-55	 224	minus	0
CP016344.1	EU177583;cluster_I;Sinorhizobium_meliloti	74.73	554	5439582	107	26	1728964	1729511	231	757	2e-53	 217	plus	0
CP016344.1	EF620478;cluster_I;Azotobacter_chroococcum	78.93	337	5439582	56	15	1729086	1729412	332	1	8e-53	 215	minus	0
CP016344.1	EU697999;cluster_I;Mesorhizobium_temperatum	85.29	204	5439582	28	2	1728967	1729169	233	31	4e-51	 209	minus	0
CP016344.1	DQ407288;cluster_I;Mesorhizobium_tianshanense	77.64	331	5439582	68	6	1728848	1729175	329	2	3e-47	 196	minus	0
CP016344.1	AH000924;cluster_I;Rhizobium_sp.	74.58	472	5439582	108	11	1727508	1727973	773	308	3e-47	 196	minus	0
CP016344.1	AH000924;cluster_I;Rhizobium_sp.	86.42	81	5439582	8	3	1726634	1726712	116	37	6e-14	86.1	minus	0
CP016344.1	DQ315787;cluster_I;Anabaena_variabilis_ATCC_29413	72.45	686	5439582	161	23	1728845	1729517	704	34	1e-46	 195	minus	0
CP016344.1	DQ407287;cluster_I;Mesorhizobium_tianshanense	77.51	329	5439582	67	7	1728848	1729172	329	4	1e-45	 191	minus	0
CP016344.1	DQ407295;cluster_I;Mesorhizobium_ciceri	77.54	325	5439582	67	6	1728848	1729169	322	1	1e-45	 191	minus	0
CP016344.1	AJ968685;cluster_I;Microbacterium_sp._ORS_1418	76.97	343	5439582	66	12	1729081	1729418	335	1	2e-43	 183	minus	0
CP016344.1	AJ968687;cluster_I;Microbacterium_sp._ORS_1417	76.65	334	5439582	67	10	1729089	1729418	329	3	1e-40	 174	minus	0
CP016344.1	AJ968686;cluster_I;Agromyces_sp._ORS_1437	78.73	268	5439582	44	12	1729081	1729343	312	53	2e-38	 167	minus	0
CP016344.1	AVU89346;cluster_I;Anabaena_variabilis_ATCC_29413	71.35	691	5439582	180	16	1728841	1729523	1097	417	3e-37	 163	minus	0
CP016344.1	Z31716;cluster_I;Nostoc_sp._PCC_6720	71.20	691	5439582	181	16	1728841	1729523	1234	554	1e-35	 158	minus	0
CP016344.1	FJ712276;cluster_I;Rhizobium_petrolearium	76.41	301	5439582	64	7	1729135	1729433	331	36	5e-35	 156	minus	0
CP016344.1	DQ364798;cluster_I;Paenibacillus_sp._GJ24	74.55	334	5439582	68	12	1729104	1729430	324	1	3e-27	 130	minus	0
CP016344.1	EF560698;cluster_III;Chlorobaculum_macestae	77.29	229	5439582	44	5	1729069	1729290	449	222	1e-26	 128	minus	0
CP016344.1	DQ364799;cluster_I;Paenibacillus_sp._GA12	75.77	260	5439582	54	6	1729104	1729360	324	71	5e-25	 122	minus	0
CP016344.1	AY373370;cluster_I;Paenibacillus_massiliensis	77.91	172	5439582	35	2	1729104	1729275	306	138	2e-19	 104	minus	0
CP016344.1	NOSGLBN;cluster_I;Nostoc_sp.	77.12	153	5439582	30	5	1729373	1729523	1184	1035	2e-13	84.2	minus	0
CP016344.1	RHMNIFHA;cluster_I;Sinorhizobium_meliloti	92.68	41	5439582	3	0	1729393	1729433	44	4	4e-06	60.2	minus	0
