AP014950.1	V00631;cluster_I;Klebsiella_pneumoniae	90.28	1769	5520319	152	14	1743478	1745237	1803	46	0.0	2296	minus	0
AP014950.1	AY242355;cluster_I;Klebsiella_pneumoniae_342	95.02	884	5520319	40	4	1744109	1744990	882	1	0.0	1386	minus	0
AP014950.1	KPNNIFH;cluster_I;Klebsiella_pneumoniae	93.93	890	5520319	54	0	1744101	1744990	890	1	0.0	1345	minus	0
AP014950.1	X96609;cluster_I;Alcaligenes_faecalis	82.74	869	5520319	140	8	1744121	1744984	1475	612	0.0	 765	minus	0
AP014950.1	X03916;cluster_I;Azotobacter_chroococcum	82.47	833	5520319	140	6	1744154	1744983	1174	345	0.0	 725	minus	0
AP014950.1	AVIMONFE;cluster_I;Azotobacter_chroococcum	82.18	836	5520319	142	4	1744154	1744984	1077	244	0.0	 712	minus	0
AP014950.1	FJ593860;cluster_I;Klebsiella_sp._MNS_801b	99.23	389	5520319	3	0	1744518	1744906	389	1	0.0	 702	minus	0
AP014950.1	FJ593864;cluster_I;Klebsiella_sp._MNFG_802	99.23	389	5520319	3	0	1744518	1744906	389	1	0.0	 702	minus	0
AP014950.1	FJ593861;cluster_I;Klebsiella_sp._MNS_801a	99.23	389	5520319	3	0	1744518	1744906	389	1	0.0	 702	minus	0
AP014950.1	FJ593862;cluster_I;Klebsiella_sp._MNW_801b	99.23	389	5520319	3	0	1744518	1744906	389	1	0.0	 702	minus	0
AP014950.1	FJ593863;cluster_I;Klebsiella_sp._MNFG_801b	99.23	389	5520319	3	0	1744518	1744906	389	1	0.0	 702	minus	0
AP014950.1	FJ593866;cluster_I;Klebsiella_sp._AL060225_04	98.71	389	5520319	5	0	1744518	1744906	389	1	0.0	 691	minus	0
AP014950.1	FJ593865;cluster_I;Klebsiella_sp._AL050511_01	98.71	389	5520319	5	0	1744518	1744906	389	1	0.0	 691	minus	0
AP014950.1	FJ593767;cluster_I;Klebsiella_sp._P0643	98.71	389	5520319	5	0	1744518	1744906	389	1	0.0	 691	minus	0
AP014950.1	FJ593766;cluster_I;Klebsiella_sp._P0640	98.71	389	5520319	5	0	1744518	1744906	389	1	0.0	 691	minus	0
AP014950.1	FJ593765;cluster_I;Klebsiella_sp._P0638	98.71	389	5520319	5	0	1744518	1744906	389	1	0.0	 691	minus	0
AP014950.1	X13519;cluster_I;Azotobacter_vinelandii	81.80	835	5520319	142	9	1744154	1744983	1050	221	0.0	 691	minus	0
AP014950.1	FJ593760;cluster_I;Klebsiella_sp._CRLS064	98.46	389	5520319	6	0	1744518	1744906	389	1	0.0	 686	minus	0
AP014950.1	FJ593763;cluster_I;Klebsiella_sp._CRLI0718a	98.46	389	5520319	6	0	1744518	1744906	389	1	0.0	 686	minus	0
AP014950.1	FJ593756;cluster_I;Klebsiella_sp._CRLI0715	98.46	389	5520319	6	0	1744518	1744906	389	1	0.0	 686	minus	0
AP014950.1	FJ593758;cluster_I;Klebsiella_sp._CRPV0610	98.46	389	5520319	6	0	1744518	1744906	389	1	0.0	 686	minus	0
AP014950.1	FJ593759;cluster_I;Klebsiella_sp._CRLS0617	98.46	389	5520319	6	0	1744518	1744906	389	1	0.0	 686	minus	0
AP014950.1	FJ593764;cluster_I;Klebsiella_sp._CRLI0713	98.46	389	5520319	6	0	1744518	1744906	389	1	0.0	 686	minus	0
AP014950.1	FJ593762;cluster_I;Klebsiella_sp._CRLI0728	98.46	389	5520319	6	0	1744518	1744906	389	1	0.0	 686	minus	0
AP014950.1	FJ593761;cluster_I;Klebsiella_sp._CRLI0730	98.20	389	5520319	7	0	1744518	1744906	389	1	0.0	 680	minus	0
AP014950.1	FJ593757;cluster_I;Klebsiella_sp._CRLS069a	98.20	389	5520319	7	0	1744518	1744906	389	1	0.0	 680	minus	0
AP014950.1	FJ593768;cluster_I;Klebsiella_sp._CRPV0611a	97.43	389	5520319	10	0	1744518	1744906	389	1	0.0	 664	minus	0
AP014950.1	FJ593769;cluster_I;Klebsiella_sp._P0646	96.92	389	5520319	12	0	1744518	1744906	389	1	0.0	 652	minus	0
AP014950.1	AY846276;cluster_I;Klebsiella_pneumoniae	95.91	391	5520319	15	1	1744584	1744973	10	400	2e-178	 632	plus	0
AP014950.1	FJ822998;cluster_I;Klebsiella_sp._gx-3	97.49	359	5520319	9	0	1744518	1744876	4	362	7e-173	 614	plus	0
AP014950.1	EU938522;cluster_I;Burkholderia_sp._gx97	97.21	359	5520319	10	0	1744518	1744876	359	1	3e-171	 608	minus	0
AP014950.1	AY367392;cluster_I;Klebsiella_variicola	99.11	336	5520319	3	0	1744541	1744876	337	2	4e-170	 604	minus	0
AP014950.1	FJ822994;cluster_I;Sinorhizobium_sp._gx-153	97.43	350	5520319	9	0	1744518	1744867	4	353	7e-168	 597	plus	0
AP014950.1	AY367395;cluster_I;Klebsiella_variicola	98.51	336	5520319	5	0	1744518	1744853	336	1	9e-167	 593	minus	0
AP014950.1	AY367394;cluster_I;Klebsiella_variicola	98.50	333	5520319	5	0	1744544	1744876	334	2	4e-165	 588	minus	0
AP014950.1	AB189641;cluster_I;Halorhodospira_halophila	79.98	804	5520319	155	6	1744169	1744969	1031	231	4e-165	 588	minus	0
AP014950.1	AY367393;cluster_I;Klebsiella_variicola	97.92	336	5520319	7	0	1744518	1744853	336	1	2e-163	 582	minus	0
AP014950.1	DQ364801;cluster_I;Klebsiella_sp._BM92	97.81	320	5520319	7	0	1744560	1744879	320	1	1e-154	 553	minus	0
AP014950.1	AB270756;cluster_I;Klebsiella_pneumoniae	97.81	319	5520319	7	0	1744559	1744877	360	42	5e-154	 551	minus	0
AP014950.1	DQ821722;cluster_I;Sphingomonas_sp._Y49	97.51	321	5520319	8	0	1744536	1744856	321	1	2e-153	 549	minus	0
AP014950.1	FJ593867;cluster_I;Klebsiella_sp._AL060224_03	91.77	389	5520319	32	0	1744518	1744906	389	1	3e-151	 542	minus	0
AP014950.1	KSU32183;cluster_I;Klebsiella_sp.	94.69	339	5520319	17	1	1744602	1744939	339	1	1e-150	 540	minus	0
AP014950.1	DQ821723;cluster_I;Klebsiella_sp._Y57	96.88	321	5520319	10	0	1744536	1744856	321	1	4e-150	 538	minus	0
AP014950.1	AJ563286;cluster_I;Dechloromonas_sp._SIUL	80.99	668	5520319	113	12	1744234	1744894	676	16	5e-144	 518	minus	0
AP014950.1	GQ381287;cluster_I;Klebsiella_sp._SZ7-2	89.97	359	5520319	33	2	1744518	1744876	356	1	9e-127	 460	minus	0
AP014950.1	AB542353;cluster_I;Azospirillum_sp._TSA36t	80.10	628	5520319	112	11	1744265	1744887	642	23	4e-125	 455	minus	0
AP014950.1	AY221827;cluster_I;Klebsiella_oxytoca_KCTC_1686	90.52	327	5520319	31	0	1744532	1744858	327	1	2e-118	 433	minus	0
AP014950.1	AB542349;cluster_I;Azospirillum_sp._TSA20c	79.30	628	5520319	117	11	1744265	1744887	648	29	9e-117	 427	minus	0
AP014950.1	AB542346;cluster_I;Azospirillum_sp._TSA16	79.30	628	5520319	117	11	1744265	1744887	627	8	9e-117	 427	minus	0
AP014950.1	AY373368;cluster_I;Paenibacillus_sp._g2	90.21	327	5520319	32	0	1744553	1744879	327	1	9e-117	 427	minus	0
AP014950.1	FJ593868;cluster_I;Enterobacter_sp._MTP_050512_17	86.38	389	5520319	53	0	1744518	1744906	389	1	3e-116	 425	minus	0
AP014950.1	FJ347449;cluster_I;Bradyrhizobium_sp._ORS_391	80.68	559	5520319	99	8	1744307	1744862	553	1	3e-116	 425	minus	0
AP014950.1	FJ347439;cluster_I;Bradyrhizobium_sp._ORS_331	80.68	559	5520319	99	8	1744307	1744862	553	1	3e-116	 425	minus	0
AP014950.1	HM047125;cluster_I;Bradyrhizobium_denitrificans	78.90	635	5520319	125	8	1744256	1744887	660	32	4e-115	 422	minus	0
AP014950.1	AY373369;cluster_I;Bacillus_cereus	89.91	327	5520319	33	0	1744553	1744879	331	5	4e-115	 422	minus	0
AP014950.1	EF199951;cluster_I;Halorhodospira_halophila	83.56	450	5520319	72	2	1744518	1744966	449	1	2e-114	 420	minus	0
AP014950.1	FJ347448;cluster_I;Bradyrhizobium_sp._ORS_377	80.32	559	5520319	101	8	1744307	1744862	553	1	6e-114	 418	minus	0
AP014950.1	FJ347438;cluster_I;Bradyrhizobium_sp._ORS_330	80.61	557	5520319	95	12	1744311	1744862	549	1	6e-114	 418	minus	0
AP014950.1	FJ347434;cluster_I;Bradyrhizobium_sp._ORS_318	80.22	556	5520319	99	10	1744311	1744862	549	1	6e-114	 418	minus	0
AP014950.1	FJ347422;cluster_I;Bradyrhizobium_sp._ORS_294	80.22	556	5520319	99	10	1744311	1744862	549	1	6e-114	 418	minus	0
AP014950.1	AB542338;cluster_I;Azospirillum_sp._TSA6c	79.13	623	5520319	117	11	1744270	1744887	643	29	6e-114	 418	minus	0
AP014950.1	AF031817;cluster_I;Rhodobacter_sphaeroides	76.34	820	5520319	170	19	1744166	1744973	1090	283	6e-114	 418	minus	0
AP014950.1	FJ347445;cluster_I;Bradyrhizobium_sp._ORS_361	80.00	560	5520319	101	10	1744307	1744862	553	1	2e-113	 416	minus	0
AP014950.1	FJ347424;cluster_I;Bradyrhizobium_sp._ORS_298	79.65	570	5520319	105	10	1744297	1744862	563	1	2e-113	 416	minus	0
AP014950.1	AY373371;cluster_I;Bacillus_sp._w5	89.60	327	5520319	34	0	1744553	1744879	327	1	2e-113	 416	minus	0
AP014950.1	FJ347446;cluster_I;Bradyrhizobium_sp._ORS_372	80.22	556	5520319	99	10	1744311	1744862	549	1	7e-113	 414	minus	0
AP014950.1	AY367396;cluster_I;Raoultella_terrigena	89.16	332	5520319	36	0	1744545	1744876	332	1	7e-113	 414	minus	0
AP014950.1	FJ347443;cluster_I;Bradyrhizobium_sp._ORS_356	79.82	560	5520319	102	10	1744307	1744862	553	1	3e-112	 412	minus	0
AP014950.1	FJ347427;cluster_I;Bradyrhizobium_sp._ORS_303	79.82	560	5520319	102	10	1744307	1744862	553	1	3e-112	 412	minus	0
AP014950.1	EF200511;cluster_I;Klebsiella_sp._TT001	91.12	304	5520319	27	0	1744543	1744846	304	1	3e-112	 412	minus	0
AP014950.1	EF200510;cluster_I;Klebsiella_sp._NTI31	91.12	304	5520319	27	0	1744543	1744846	304	1	3e-112	 412	minus	0
AP014950.1	FJ347436;cluster_I;Bradyrhizobium_sp._ORS_327	79.82	570	5520319	104	10	1744297	1744862	563	1	9e-112	 411	minus	0
AP014950.1	FJ347430;cluster_I;Bradyrhizobium_sp._ORS_307	79.86	556	5520319	101	10	1744311	1744862	549	1	9e-112	 411	minus	0
AP014950.1	FJ593777;cluster_I;Pantoea_sp._CRLI0725a	85.60	389	5520319	56	0	1744518	1744906	389	1	3e-111	 409	minus	0
AP014950.1	FJ593779;cluster_I;Pantoea_sp._A0305	85.60	389	5520319	56	0	1744518	1744906	389	1	3e-111	 409	minus	0
AP014950.1	FJ593780;cluster_I;Pantoea_sp._P0352	85.60	389	5520319	56	0	1744518	1744906	389	1	3e-111	 409	minus	0
AP014950.1	FJ593778;cluster_I;Pantoea_sp._P0359	85.60	389	5520319	56	0	1744518	1744906	389	1	3e-111	 409	minus	0
AP014950.1	FJ347418;cluster_I;Bradyrhizobium_sp._ORS_277	80.22	556	5520319	99	10	1744311	1744862	549	1	3e-111	 409	minus	0
AP014950.1	AB542360;cluster_I;Azospirillum_sp._TSH19	79.86	576	5520319	102	13	1744291	1744861	568	2	3e-111	 409	minus	0
AP014950.1	AY373365;cluster_I;Bacillus_megaterium	89.69	320	5520319	33	0	1744560	1744879	320	1	3e-111	 409	minus	0
AP014950.1	FJ347420;cluster_I;Bradyrhizobium_sp._ORS_285	79.82	570	5520319	104	10	1744297	1744862	563	1	1e-110	 407	minus	0
AP014950.1	AB542367;cluster_I;Azospirillum_sp._TSH100	79.83	575	5520319	102	13	1744291	1744860	566	1	1e-110	 407	minus	0
AP014950.1	AF545637;cluster_I;Pantoea_agglomerans	87.11	357	5520319	46	0	1744592	1744948	360	4	4e-110	 405	minus	0
AP014950.1	FJ032021;cluster_I;Klebsiella_sp._BN-4A	90.29	309	5520319	30	0	1744584	1744892	309	1	4e-110	 405	minus	0
AP014950.1	FJ347435;cluster_I;Bradyrhizobium_sp._ORS_324	79.86	556	5520319	101	10	1744311	1744862	549	1	2e-109	 403	minus	0
AP014950.1	FJ347423;cluster_I;Bradyrhizobium_sp._ORS_297	80.04	556	5520319	100	10	1744311	1744862	549	1	2e-109	 403	minus	0
AP014950.1	FJ347426;cluster_I;Bradyrhizobium_sp._ORS_301	79.68	556	5520319	102	10	1744311	1744862	549	1	6e-109	 401	minus	0
AP014950.1	FJ347421;cluster_I;Bradyrhizobium_sp._ORS_287	79.68	556	5520319	102	10	1744311	1744862	549	1	6e-109	 401	minus	0
AP014950.1	AY373366;cluster_I;Bacillus_sp._c6	88.69	327	5520319	37	0	1744553	1744879	327	1	2e-108	 399	minus	0
AP014950.1	X63352;cluster_I;Rhodobacter_capsulatus	75.74	841	5520319	179	19	1744155	1744981	2132	1303	2e-108	 399	minus	0
AP014950.1	GQ381290;cluster_I;Klebsiella_pneumoniae	89.10	321	5520319	33	2	1744518	1744838	331	13	7e-108	 398	minus	0
AP014950.1	FJ347447;cluster_I;Bradyrhizobium_sp._ORS_375	79.32	556	5520319	104	10	1744311	1744862	549	1	7e-108	 398	minus	0
AP014950.1	FJ347441;cluster_I;Bradyrhizobium_sp._ORS_344	79.32	556	5520319	104	10	1744311	1744862	549	1	7e-108	 398	minus	0
AP014950.1	AB542337;cluster_I;Azospirillum_sp._TSA2s	78.66	614	5520319	118	11	1744247	1744855	610	5	3e-107	 396	minus	0
AP014950.1	DQ364804;cluster_I;Klebsiella_sp._JT42	88.41	328	5520319	36	2	1744553	1744879	327	1	9e-107	 394	minus	0
AP014950.1	FJ032022;cluster_I;Klebsiella_sp._AF-4C	89.64	309	5520319	32	0	1744584	1744892	311	3	9e-107	 394	minus	0
AP014950.1	X07866;cluster_I;Rhodobacter_capsulatus_SB_1003	75.62	841	5520319	180	19	1744155	1744981	934	105	9e-107	 394	minus	0
AP014950.1	FJ593869;cluster_I;Pantoea_sp._EC080527_02	84.83	389	5520319	59	0	1744518	1744906	389	1	3e-106	 392	minus	0
AP014950.1	FJ593776;cluster_I;Pantoea_sp._CRLI0712a	84.83	389	5520319	59	0	1744518	1744906	389	1	3e-106	 392	minus	0
AP014950.1	FJ593775;cluster_I;Pantoea_sp._CRLS0621	84.83	389	5520319	59	0	1744518	1744906	389	1	3e-106	 392	minus	0
AP014950.1	FJ593773;cluster_I;Pantoea_sp._P0356	84.83	389	5520319	59	0	1744518	1744906	389	1	3e-106	 392	minus	0
AP014950.1	FJ347437;cluster_I;Bradyrhizobium_sp._ORS_328	79.14	561	5520319	104	12	1744307	1744862	553	1	3e-106	 392	minus	0
AP014950.1	FJ347419;cluster_I;Bradyrhizobium_sp._ORS_279	79.11	560	5520319	106	10	1744307	1744862	553	1	3e-106	 392	minus	0
AP014950.1	GQ381289;cluster_I;Paenibacillus_sp._SZ002	88.79	321	5520319	33	3	1744518	1744838	327	10	1e-105	 390	minus	0
AP014950.1	FJ347425;cluster_I;Bradyrhizobium_sp._ORS_300	79.32	561	5520319	103	12	1744307	1744862	553	1	1e-105	 390	minus	0
AP014950.1	GU001626;cluster_I;Bradyrhizobium_japonicum	78.32	632	5520319	114	20	1744297	1744918	57	675	2e-104	 387	plus	0
AP014950.1	GU001631;cluster_I;Bradyrhizobium_japonicum	78.32	632	5520319	114	20	1744297	1744918	57	675	2e-104	 387	plus	0
AP014950.1	GU001628;cluster_I;Bradyrhizobium_japonicum	78.32	632	5520319	114	20	1744297	1744918	57	675	2e-104	 387	plus	0
AP014950.1	FJ593774;cluster_I;Pantoea_sp._A0310	84.58	389	5520319	60	0	1744518	1744906	389	1	2e-104	 387	minus	0
AP014950.1	FJ347451;cluster_I;Bradyrhizobium_sp._ORS_400	78.87	568	5520319	109	10	1744299	1744862	561	1	2e-104	 387	minus	0
AP014950.1	GU001618;cluster_I;Bradyrhizobium_cytisi	78.80	599	5520319	108	17	1744297	1744887	613	26	6e-104	 385	minus	0
AP014950.1	FJ822999;cluster_I;Stenotrophomonas_sp._gx-44	85.64	362	5520319	52	0	1744515	1744876	1	362	7e-103	 381	plus	0
AP014950.1	AB542356;cluster_I;Azospirillum_sp._TSH2	79.20	572	5520319	102	13	1744297	1744861	562	1	7e-103	 381	minus	0
AP014950.1	GU001633;cluster_I;Bradyrhizobium_canariense	77.73	651	5520319	122	20	1744278	1744918	38	675	9e-102	 377	plus	0
AP014950.1	AB542357;cluster_I;Azospirillum_sp._TSH5	79.12	570	5520319	102	13	1744297	1744859	560	1	9e-102	 377	minus	0
AP014950.1	AB542358;cluster_I;Azospirillum_sp._TSH6	79.12	570	5520319	102	13	1744297	1744859	560	1	9e-102	 377	minus	0
AP014950.1	AB542359;cluster_I;Azospirillum_sp._TSH10	79.12	570	5520319	102	13	1744297	1744859	560	1	9e-102	 377	minus	0
AP014950.1	FJ822996;cluster_I;Kluyvera_ascorbata	85.36	362	5520319	53	0	1744515	1744876	1	362	3e-101	 375	plus	0
AP014950.1	AB542361;cluster_I;Azospirillum_sp._TSH21	78.95	570	5520319	106	12	1744291	1744855	571	11	3e-101	 375	minus	0
AP014950.1	AB542347;cluster_I;Azospirillum_sp._TSA18	78.95	570	5520319	106	12	1744291	1744855	567	7	3e-101	 375	minus	0
AP014950.1	AB542344;cluster_I;Azospirillum_sp._TSA15c	78.95	570	5520319	106	12	1744291	1744855	565	5	3e-101	 375	minus	0
AP014950.1	AB542340;cluster_I;Azospirillum_sp._TSA11	78.95	570	5520319	106	12	1744291	1744855	567	7	3e-101	 375	minus	0
AP014950.1	AB542343;cluster_I;Azospirillum_sp._TSA14w	78.95	570	5520319	106	12	1744291	1744855	569	9	3e-101	 375	minus	0
AP014950.1	FJ347433;cluster_I;Bradyrhizobium_sp._ORS_310	78.39	560	5520319	110	10	1744307	1744862	553	1	4e-100	 372	minus	0
AP014950.1	AB542348;cluster_I;Azospirillum_sp._TSA19	78.90	564	5520319	105	12	1744291	1744849	558	4	2e-99	 370	minus	0
AP014950.1	AB542341;cluster_I;Azospirillum_sp._TSA12	78.90	564	5520319	105	12	1744291	1744849	558	4	2e-99	 370	minus	0
AP014950.1	EU693339;cluster_I;Bacillus_sp._Z7	83.67	392	5520319	64	0	1744500	1744891	427	36	2e-99	 370	minus	0
AP014950.1	AB542364;cluster_I;Azospirillum_sp._TSH78	78.77	570	5520319	104	13	1744299	1744861	561	2	2e-98	 366	minus	0
AP014950.1	FJ822997;cluster_I;Pseudomonas_sp._gx-127	85.00	360	5520319	52	2	1744518	1744876	4	362	7e-98	 364	plus	0
AP014950.1	EU693340;cluster_I;Bacillus_sp._Z19	83.42	392	5520319	65	0	1744500	1744891	428	37	7e-98	 364	minus	0
AP014950.1	EU693341;cluster_I;Acinetobacter_sp._Z21	83.55	389	5520319	64	0	1744500	1744888	429	41	7e-98	 364	minus	0
AP014950.1	GU001627;cluster_I;Bradyrhizobium_rifense	78.20	601	5520319	108	20	1744297	1744887	613	26	3e-97	 363	minus	0
AP014950.1	AB542366;cluster_I;Azospirillum_sp._TSH96	78.72	564	5520319	103	13	1744299	1744855	557	4	1e-96	 361	minus	0
AP014950.1	EU693338;cluster_I;Azotobacter_chroococcum	83.21	393	5520319	65	1	1744500	1744891	434	42	3e-96	 359	minus	0
AP014950.1	GU001619;cluster_I;Bradyrhizobium_cytisi	78.04	601	5520319	109	20	1744297	1744887	613	26	1e-95	 357	minus	0
AP014950.1	EU938523;cluster_I;Erwinia_sp._gx104	84.40	359	5520319	56	0	1744518	1744876	359	1	2e-94	 353	minus	0
AP014950.1	EF199950;cluster_I;Halorhodospira_halochloris	80.89	450	5520319	84	2	1744518	1744966	449	1	2e-94	 353	minus	0
AP014950.1	EU693342;cluster_I;Bacillus_sp._Z22	82.35	408	5520319	71	1	1744500	1744906	436	29	2e-94	 353	minus	0
AP014950.1	GQ289581;cluster_I/IA;Bradyrhizobium_japonicum	80.39	464	5520319	85	6	1744500	1744960	1	461	7e-93	 348	plus	0
AP014950.1	DQ821718;cluster_I;Enterobacter_sp._Y4	85.67	321	5520319	46	0	1744536	1744856	321	1	4e-90	 339	minus	0
AP014950.1	FJ822995;cluster_I;Agrobacterium_tumefaciens	83.29	359	5520319	60	0	1744518	1744876	4	362	7e-88	 331	plus	0
AP014950.1	AF484657;cluster_I;Methylobacterium_sp._xct7	79.78	460	5520319	81	10	1744416	1744871	452	1	1e-85	 324	minus	0
AP014950.1	DQ821725;cluster_I;Micrococcus_sp._Y70	84.74	321	5520319	49	0	1744536	1744856	321	1	4e-85	 322	minus	0
AP014950.1	DQ787333;cluster_I;Azospirillum_lipoferum	80.50	441	5520319	69	12	1744518	1744951	446	16	4e-85	 322	minus	0
AP014950.1	DQ787331;cluster_I;Azospirillum_lipoferum	79.91	453	5520319	80	9	1744518	1744966	446	1	4e-85	 322	minus	0
AP014950.1	DQ787334;cluster_I;Azospirillum_lipoferum	80.37	438	5520319	75	9	1744518	1744951	446	16	4e-85	 322	minus	0
AP014950.1	DQ787332;cluster_I;Azospirillum_lipoferum	80.37	438	5520319	75	9	1744518	1744951	446	16	4e-85	 322	minus	0
AP014950.1	DQ821719;cluster_I;Enterobacter_sp._Y11	84.42	321	5520319	50	0	1744536	1744856	321	1	2e-83	 316	minus	0
AP014950.1	U97116;cluster_I;Azoarcus_communis	80.68	414	5520319	74	5	1744532	1744942	411	1	2e-83	 316	minus	0
AP014950.1	AB079621;cluster_I;Rhodobacter_azotoformans	79.82	456	5520319	75	13	1744518	1744966	458	13	2e-83	 316	minus	0
AP014950.1	EU418411;cluster_I;Rhizobium_gallicum	80.57	422	5520319	73	9	1744305	1744723	614	199	2e-83	 316	minus	0
AP014950.1	FJ687522;cluster_I;Aeromonas_sp._IPPW-33a	82.37	363	5520319	62	2	1744515	1744876	362	1	8e-83	 315	minus	0
AP014950.1	EF626686;cluster_I;Azonexus_hydrophilus	83.19	339	5520319	55	2	1744527	1744864	338	1	3e-81	 309	minus	0
AP014950.1	FN813553;cluster_I;Azospirillum_zeae	82.14	364	5520319	58	5	1744515	1744876	359	1	5e-80	 305	minus	0
AP014950.1	FN813552;cluster_I;Azospirillum_zeae	82.14	364	5520319	58	5	1744515	1744876	359	1	5e-80	 305	minus	0
AP014950.1	AY351672;cluster_I;Azotobacter_chroococcum	83.74	326	5520319	50	3	1744534	1744858	324	1	5e-80	 305	minus	0
AP014950.1	V01215;cluster_I;Sinorhizobium_meliloti	77.80	518	5520319	100	15	1744472	1744983	677	169	5e-80	 305	minus	0
AP014950.1	EU418412;cluster_I;Rhizobium_mongolense	80.09	422	5520319	75	9	1744305	1744723	614	199	5e-80	 305	minus	0
AP014950.1	DQ029203;cluster_I;Azonexus_caeni	84.87	304	5520319	42	3	1744530	1744831	307	6	2e-79	 303	minus	0
AP014950.1	EF626684;cluster_I;Azonexus_hydrophilus_DSM_23864	82.89	339	5520319	56	2	1744527	1744864	338	1	2e-79	 303	minus	0
AP014950.1	EF626685;cluster_I;Azonexus_hydrophilus	82.89	339	5520319	56	2	1744527	1744864	338	1	2e-79	 303	minus	0
AP014950.1	GQ503352;cluster_I;Mesorhizobium_ciceri	78.31	484	5520319	94	11	1744247	1744726	39	515	6e-79	 302	plus	0
AP014950.1	AB161454;cluster_I;Pleomorphomonas_oryzae	79.91	423	5520319	76	6	1744546	1744965	417	1	6e-79	 302	minus	0
AP014950.1	EU379970;cluster_I;Sinorhizobium_meliloti	75.47	640	5520319	146	10	1744247	1744882	672	40	6e-79	 302	minus	0
AP014950.1	EU581816;cluster_I;Sinorhizobium_meliloti	75.47	640	5520319	146	10	1744247	1744882	666	34	6e-79	 302	minus	0
AP014950.1	AY934874;cluster_I;Sinorhizobium_sp._CCBAU_33036A	75.51	641	5520319	144	12	1744247	1744882	687	55	6e-79	 302	minus	0
AP014950.1	EU407189;cluster_I;Rhizobium_tibeticum	76.28	586	5520319	128	10	1744304	1744885	604	26	6e-79	 302	minus	0
AP014950.1	FN813561;cluster_I;Azospirillum_zeae	81.92	365	5520319	57	7	1744515	1744876	359	1	2e-78	 300	minus	0
AP014950.1	AB430882;cluster_I;Azotobacter_chroococcum	83.54	322	5520319	51	2	1744536	1744856	321	1	2e-78	 300	minus	0
AP014950.1	DQ682472;cluster_I;Azospirillum_zeae	81.77	362	5520319	57	7	1744518	1744876	357	2	8e-78	 298	minus	0
AP014950.1	DQ682471;cluster_I;Azospirillum_zeae	81.89	359	5520319	56	7	1744518	1744873	353	1	1e-76	 294	minus	0
AP014950.1	AJ457920;cluster_I;Sinorhizobium_sp._Rch-9868	75.56	630	5520319	135	18	1744299	1744920	642	24	4e-76	 292	minus	0
AP014950.1	GU256446;cluster_I;Azospirillum_canadense	80.95	378	5520319	63	6	1744538	1744912	375	4	1e-75	 291	minus	0
AP014950.1	EU379969;cluster_I;Sinorhizobium_meliloti	74.42	727	5520319	163	20	1744247	1744966	24	734	1e-75	 291	plus	0
AP014950.1	AY929545;cluster_I;Rhizobium_sp._USDA_1920	80.41	393	5520319	68	9	1744325	1744714	387	1	1e-75	 291	minus	0
AP014950.1	AY929537;cluster_I;Rhizobium_mongolense	80.41	393	5520319	68	9	1744325	1744714	387	1	1e-75	 291	minus	0
AP014950.1	AY929538;cluster_I;Rhizobium_mongolense	80.41	393	5520319	68	9	1744325	1744714	387	1	1e-75	 291	minus	0
AP014950.1	AY929541;cluster_I;Rhizobium_yanglingense	80.41	393	5520319	68	9	1744325	1744714	387	1	1e-75	 291	minus	0
AP014950.1	AY768690;cluster_I;Azonexus_fungiphilus	83.02	324	5520319	49	5	1744538	1744858	321	1	5e-75	 289	minus	0
AP014950.1	EU581815;cluster_I;Sinorhizobium_meliloti	75.95	582	5520319	129	10	1744305	1744882	608	34	5e-75	 289	minus	0
AP014950.1	AJ457919;cluster_I;Sinorhizobium_sp._Rch-9813	75.27	647	5520319	139	20	1744299	1744936	642	8	5e-75	 289	minus	0
AP014950.1	FJ643446;cluster_I;Sinorhizobium_meliloti	74.78	670	5520319	153	16	1744304	1744966	78	738	2e-74	 287	plus	0
AP014950.1	EF634041;cluster_I;Rhizobium_gallicum	82.57	327	5520319	56	1	1744544	1744870	1	326	2e-74	 287	plus	0
AP014950.1	AB079622;cluster_I;Rhodobacter_sp._AP-10	78.41	454	5520319	87	7	1744517	1744966	459	13	6e-74	 285	minus	0
AP014950.1	GU256453;cluster_I;Azospirillum_zeae	81.92	343	5520319	55	5	1744547	1744887	374	37	2e-73	 283	minus	0
AP014950.1	FJ687521;cluster_I;Aeromonas_sp._IPPW-29	81.20	367	5520319	56	12	1744515	1744876	359	1	2e-73	 283	minus	0
AP014950.1	FJ687517;cluster_I;Pseudomonas_sp._IPPW-2	81.20	367	5520319	56	12	1744515	1744876	359	1	2e-73	 283	minus	0
AP014950.1	EU581817;cluster_I;Sinorhizobium_meliloti	74.84	640	5520319	150	10	1744247	1744882	663	31	3e-72	 279	minus	0
AP014950.1	EU386145;cluster_I;Rhizobium_sp._NGR181	77.85	474	5520319	90	12	1744325	1744792	508	44	3e-72	 279	minus	0
AP014950.1	GQ161241;cluster_I;Azospirillum_brasilense	80.99	363	5520319	58	8	1744518	1744876	356	1	1e-71	 278	minus	0
AP014950.1	AB185395;cluster_I;Azospirillum_oryzae	81.25	352	5520319	59	5	1744538	1744887	408	62	1e-71	 278	minus	0
AP014950.1	DQ029204;cluster_I;Azonexus_fungiphilus	83.39	295	5520319	49	0	1744529	1744823	308	14	1e-70	 274	minus	0
AP014950.1	DQ413016;cluster_I;Sinorhizobium_meliloti	75.47	583	5520319	132	11	1744304	1744882	622	47	1e-70	 274	minus	0
AP014950.1	EU252599;cluster_I;Sinorhizobium_meliloti	75.47	583	5520319	132	11	1744304	1744882	614	39	1e-70	 274	minus	0
AP014950.1	DQ393890;cluster_I;Azospirillum_canadense	81.20	351	5520319	55	8	1744518	1744864	5	348	5e-70	 272	plus	0
AP014950.1	AB079632;cluster_I;Rhodobacter_blasticus_DSM_2131	77.75	454	5520319	88	9	1744518	1744966	458	13	2e-69	 270	minus	0
AP014950.1	AY079181;cluster_I;Rhizobium_tropici	78.13	439	5520319	85	10	1744247	1744681	432	1	6e-69	 268	minus	0
AP014950.1	EF153400;cluster_I;Sinorhizobium_meliloti	78.74	414	5520319	79	9	1744472	1744882	447	40	6e-69	 268	minus	0
AP014950.1	AY934877;cluster_I;Sinorhizobium_sp._CCBAU_53044B	78.74	414	5520319	79	9	1744472	1744882	463	56	6e-69	 268	minus	0
AP014950.1	EU707160;cluster_I;Sinorhizobium_meliloti	78.74	414	5520319	79	9	1744472	1744882	425	18	6e-69	 268	minus	0
AP014950.1	EU252600;cluster_I;Sinorhizobium_sp._CCBAU_83317	78.74	414	5520319	79	9	1744472	1744882	447	40	6e-69	 268	minus	0
AP014950.1	AY624581;Unclassified;Gluconacetobacter_azotocaptans	75.34	584	5520319	129	14	1743359	1743933	1257	680	2e-68	 267	minus	0
AP014950.1	GU256450;cluster_I;Azospirillum_melinis	81.12	339	5520319	57	5	1744551	1744887	368	35	8e-68	 265	minus	0
AP014950.1	EF199958;cluster_I;Thioalkalispira_microaerophila	80.06	356	5520319	71	0	1744545	1744900	383	28	8e-68	 265	minus	0
AP014950.1	AB182912;cluster_I;Pleomorphomonas_oryzae	78.78	410	5520319	76	8	1744546	1744951	407	5	8e-68	 265	minus	0
AP014950.1	EF070145;cluster_I;Sinorhizobium_meliloti	78.50	414	5520319	80	9	1744472	1744882	416	9	3e-67	 263	minus	0
AP014950.1	EU418418;cluster_I;Sinorhizobium_meliloti	78.50	414	5520319	80	9	1744472	1744882	441	34	3e-67	 263	minus	0
AP014950.1	EU770978;cluster_I;Rhizobium_leguminosarum	74.18	670	5520319	156	16	1744304	1744966	660	1	3e-67	 263	minus	0
AP014950.1	AB182913;cluster_I;Pleomorphomonas_oryzae	78.70	399	5520319	74	8	1744546	1744940	396	5	5e-65	 255	minus	0
AP014950.1	GU256451;cluster_I;Azospirillum_picis	80.65	341	5520319	55	7	1744551	1744887	370	37	2e-64	 254	minus	0
AP014950.1	AB182911;cluster_I;Pleomorphomonas_oryzae	78.64	398	5520319	74	8	1744547	1744940	394	4	2e-64	 254	minus	0
AP014950.1	AB182910;cluster_I;Pleomorphomonas_oryzae	78.41	403	5520319	76	8	1744553	1744951	400	5	6e-64	 252	minus	0
AP014950.1	DQ413015;cluster_I;Rhizobium_leguminosarum_bv._viciae	78.91	384	5520319	72	8	1744412	1744792	514	137	6e-64	 252	minus	0
AP014950.1	EU770979;cluster_I;Rhizobium_leguminosarum	73.88	670	5520319	158	16	1744304	1744966	660	1	6e-64	 252	minus	0
AP014950.1	GQ411215;cluster_I;Bacillus_sp._SUND_LM2	87.44	215	5520319	26	1	1744665	1744879	314	101	3e-62	 246	minus	0
AP014950.1	AB079628;cluster_I;Rhodovulum_strictum	78.93	375	5520319	66	9	1744518	1744887	458	92	4e-61	 243	minus	0
AP014950.1	AB079629;cluster_I;Rhodovulum_strictum	78.72	376	5520319	67	9	1744517	1744887	459	92	5e-60	 239	minus	0
AP014950.1	DQ407288;cluster_I;Mesorhizobium_tianshanense	77.95	381	5520319	78	6	1744247	1744624	379	2	2e-58	 233	minus	0
AP014950.1	EU697999;cluster_I;Mesorhizobium_temperatum	78.13	375	5520319	76	6	1744247	1744618	402	31	2e-58	 233	minus	0
AP014950.1	GQ411209;cluster_I;Bacillus_megaterium	88.48	191	5520319	22	0	1744690	1744880	338	148	8e-58	 231	minus	0
AP014950.1	DQ407287;cluster_I;Mesorhizobium_tianshanense	77.84	379	5520319	77	7	1744247	1744621	379	4	1e-56	 228	minus	0
AP014950.1	DQ407295;cluster_I;Mesorhizobium_ciceri	77.87	375	5520319	77	6	1744247	1744618	372	1	1e-56	 228	minus	0
AP014950.1	ADAF001432;cluster_I;Gluconacetobacter_diazotrophicus	80.52	308	5520319	51	5	1744572	1744876	302	1	1e-56	 228	minus	0
AP014950.1	EF620478;cluster_I;Azotobacter_chroococcum	79.58	333	5520319	54	14	1744539	1744861	329	1	4e-56	 226	minus	0
AP014950.1	EU177583;cluster_I;Sinorhizobium_meliloti	74.82	548	5520319	105	26	1744419	1744960	237	757	2e-53	 217	plus	0
AP014950.1	DQ315787;cluster_I;Anabaena_variabilis_ATCC_29413	72.37	713	5520319	176	18	1744263	1744966	734	34	5e-50	 206	minus	0
AP014950.1	GQ289582;cluster_III;Bradyrhizobium_japonicum	82.43	239	5520319	30	8	1744500	1744729	1	236	8e-48	 198	plus	0
AP014950.1	AJ968685;cluster_I;Microbacterium_sp._ORS_1418	77.26	343	5520319	65	12	1744530	1744867	335	1	5e-45	 189	minus	0
AP014950.1	AJ968687;cluster_I;Microbacterium_sp._ORS_1417	76.95	334	5520319	66	10	1744538	1744867	329	3	3e-42	 180	minus	0
AP014950.1	GQ289573;cluster_III;Bradyrhizobium_japonicum	80.49	246	5520319	34	10	1744500	1744735	1	242	4e-41	 176	plus	0
AP014950.1	AJ968686;cluster_I;Agromyces_sp._ORS_1437	79.10	268	5520319	43	12	1744530	1744792	312	53	5e-40	 172	minus	0
AP014950.1	FJ712276;cluster_I;Rhizobium_petrolearium	76.74	301	5520319	63	7	1744584	1744882	331	36	1e-36	 161	minus	0
AP014950.1	GQ289572;cluster_III;Bradyrhizobium_japonicum	79.08	239	5520319	42	6	1744500	1744731	1	238	1e-35	 158	plus	0
AP014950.1	AVU89346;cluster_I;Anabaena_variabilis_ATCC_29413	72.41	482	5520319	120	11	1744496	1744972	890	417	1e-30	 141	minus	0
AP014950.1	AB264111;cluster_I;Cyanothece_sp._SKTU126	78.87	213	5520319	42	2	1744514	1744726	359	150	1e-30	 141	minus	0
AP014950.1	Z31716;cluster_I;Nostoc_sp._PCC_6720	72.20	482	5520319	121	11	1744496	1744972	1027	554	6e-29	 135	minus	0
AP014950.1	AB264107;cluster_I;Gloeothece_sp._KO11DG	78.40	213	5520319	43	2	1744514	1744726	359	150	6e-29	 135	minus	0
AP014950.1	AB264110;cluster_I;Gloeothece_sp._KO68DGA	77.93	213	5520319	44	2	1744514	1744726	359	150	3e-27	 130	minus	0
AP014950.1	AY768416;cluster_I;Lyngbya_aestuarii_PCC_7419	83.22	143	5520319	21	3	1744539	1744681	326	187	1e-26	 128	minus	0
AP014950.1	DQ364798;cluster_I;Paenibacillus_sp._GJ24	74.25	334	5520319	69	12	1744553	1744879	324	1	1e-25	 124	minus	0
AP014950.1	DQ364799;cluster_I;Paenibacillus_sp._GA12	75.38	260	5520319	55	6	1744553	1744809	324	71	2e-23	 117	minus	0
AP014950.1	AY373370;cluster_I;Paenibacillus_massiliensis	77.33	172	5520319	36	2	1744553	1744724	306	138	8e-18	99.0	minus	0
AP014950.1	NOSGLBN;cluster_I;Nostoc_sp.	76.97	152	5520319	32	3	1744822	1744972	1184	1035	2e-13	84.2	minus	0
AP014950.1	AH000924;cluster_I;Rhizobium_sp.	85.19	81	5520319	9	3	1742083	1742161	116	37	3e-12	80.5	minus	0
AP014950.1	RHMNIFHA;cluster_I;Sinorhizobium_meliloti	92.68	41	5520319	3	0	1744842	1744882	44	4	4e-06	60.2	minus	0
