CP028555.1	V00631;cluster_I;Klebsiella_pneumoniae	88.95	1773	5507183	168	24	1730382	1732141	1803	46	0.0	2163	minus	0
CP028555.1	AY242355;cluster_I;Klebsiella_pneumoniae_342	98.30	883	5507183	13	2	1731013	1731894	882	1	0.0	1546	minus	0
CP028555.1	KPNNIFH;cluster_I;Klebsiella_pneumoniae	91.13	891	5507183	77	2	1731005	1731894	890	1	0.0	1206	minus	0
CP028555.1	X96609;cluster_I;Alcaligenes_faecalis	82.47	867	5507183	146	6	1731025	1731888	1475	612	0.0	 754	minus	0
CP028555.1	AVIMONFE;cluster_I;Azotobacter_chroococcum	82.22	838	5507183	138	8	1731058	1731888	1077	244	0.0	 712	minus	0
CP028555.1	FJ593866;cluster_I;Klebsiella_sp._AL060225_04	99.49	389	5507183	2	0	1731422	1731810	389	1	0.0	 708	minus	0
CP028555.1	FJ593865;cluster_I;Klebsiella_sp._AL050511_01	99.49	389	5507183	2	0	1731422	1731810	389	1	0.0	 708	minus	0
CP028555.1	FJ593860;cluster_I;Klebsiella_sp._MNS_801b	99.23	389	5507183	3	0	1731422	1731810	389	1	0.0	 702	minus	0
CP028555.1	FJ593864;cluster_I;Klebsiella_sp._MNFG_802	99.23	389	5507183	3	0	1731422	1731810	389	1	0.0	 702	minus	0
CP028555.1	FJ593861;cluster_I;Klebsiella_sp._MNS_801a	99.23	389	5507183	3	0	1731422	1731810	389	1	0.0	 702	minus	0
CP028555.1	FJ593862;cluster_I;Klebsiella_sp._MNW_801b	99.23	389	5507183	3	0	1731422	1731810	389	1	0.0	 702	minus	0
CP028555.1	FJ593863;cluster_I;Klebsiella_sp._MNFG_801b	99.23	389	5507183	3	0	1731422	1731810	389	1	0.0	 702	minus	0
CP028555.1	FJ593756;cluster_I;Klebsiella_sp._CRLI0715	99.23	389	5507183	3	0	1731422	1731810	389	1	0.0	 702	minus	0
CP028555.1	FJ593767;cluster_I;Klebsiella_sp._P0643	98.97	389	5507183	4	0	1731422	1731810	389	1	0.0	 697	minus	0
CP028555.1	FJ593766;cluster_I;Klebsiella_sp._P0640	98.97	389	5507183	4	0	1731422	1731810	389	1	0.0	 697	minus	0
CP028555.1	FJ593765;cluster_I;Klebsiella_sp._P0638	98.97	389	5507183	4	0	1731422	1731810	389	1	0.0	 697	minus	0
CP028555.1	FJ593757;cluster_I;Klebsiella_sp._CRLS069a	98.97	389	5507183	4	0	1731422	1731810	389	1	0.0	 697	minus	0
CP028555.1	FJ593760;cluster_I;Klebsiella_sp._CRLS064	98.71	389	5507183	5	0	1731422	1731810	389	1	0.0	 691	minus	0
CP028555.1	FJ593763;cluster_I;Klebsiella_sp._CRLI0718a	98.71	389	5507183	5	0	1731422	1731810	389	1	0.0	 691	minus	0
CP028555.1	FJ593758;cluster_I;Klebsiella_sp._CRPV0610	98.71	389	5507183	5	0	1731422	1731810	389	1	0.0	 691	minus	0
CP028555.1	FJ593759;cluster_I;Klebsiella_sp._CRLS0617	98.71	389	5507183	5	0	1731422	1731810	389	1	0.0	 691	minus	0
CP028555.1	FJ593764;cluster_I;Klebsiella_sp._CRLI0713	98.71	389	5507183	5	0	1731422	1731810	389	1	0.0	 691	minus	0
CP028555.1	FJ593762;cluster_I;Klebsiella_sp._CRLI0728	98.71	389	5507183	5	0	1731422	1731810	389	1	0.0	 691	minus	0
CP028555.1	FJ593761;cluster_I;Klebsiella_sp._CRLI0730	98.46	389	5507183	6	0	1731422	1731810	389	1	0.0	 686	minus	0
CP028555.1	X03916;cluster_I;Azotobacter_chroococcum	81.63	833	5507183	147	6	1731058	1731887	1174	345	0.0	 686	minus	0
CP028555.1	X13519;cluster_I;Azotobacter_vinelandii	81.18	834	5507183	149	7	1731058	1731887	1050	221	0.0	 664	minus	0
CP028555.1	FJ593768;cluster_I;Klebsiella_sp._CRPV0611a	97.17	389	5507183	11	0	1731422	1731810	389	1	0.0	 658	minus	0
CP028555.1	FJ593769;cluster_I;Klebsiella_sp._P0646	96.66	389	5507183	13	0	1731422	1731810	389	1	0.0	 647	minus	0
CP028555.1	AY846276;cluster_I;Klebsiella_pneumoniae	95.65	391	5507183	16	1	1731488	1731877	10	400	8e-177	 627	plus	0
CP028555.1	FJ822998;cluster_I;Klebsiella_sp._gx-3	97.49	359	5507183	9	0	1731422	1731780	4	362	7e-173	 614	plus	0
CP028555.1	FJ822994;cluster_I;Sinorhizobium_sp._gx-153	98.00	350	5507183	7	0	1731422	1731771	4	353	3e-171	 608	plus	0
CP028555.1	EU938522;cluster_I;Burkholderia_sp._gx97	97.21	359	5507183	10	0	1731422	1731780	359	1	3e-171	 608	minus	0
CP028555.1	AY367395;cluster_I;Klebsiella_variicola	99.11	336	5507183	3	0	1731422	1731757	336	1	4e-170	 604	minus	0
CP028555.1	AY367392;cluster_I;Klebsiella_variicola	98.81	336	5507183	4	0	1731445	1731780	337	2	2e-168	 599	minus	0
CP028555.1	AY367394;cluster_I;Klebsiella_variicola	98.80	333	5507183	4	0	1731448	1731780	334	2	9e-167	 593	minus	0
CP028555.1	AB189641;cluster_I;Halorhodospira_halophila	80.10	804	5507183	154	6	1731073	1731873	1031	231	9e-167	 593	minus	0
CP028555.1	AY367393;cluster_I;Klebsiella_variicola	97.92	336	5507183	7	0	1731422	1731757	336	1	2e-163	 582	minus	0
CP028555.1	AB270756;cluster_I;Klebsiella_pneumoniae	98.12	319	5507183	6	0	1731463	1731781	360	42	1e-155	 556	minus	0
CP028555.1	DQ364801;cluster_I;Klebsiella_sp._BM92	97.50	320	5507183	8	0	1731464	1731783	320	1	7e-153	 547	minus	0
CP028555.1	KSU32183;cluster_I;Klebsiella_sp.	94.99	339	5507183	16	1	1731506	1731843	339	1	2e-152	 545	minus	0
CP028555.1	FJ593867;cluster_I;Klebsiella_sp._AL060224_03	91.52	389	5507183	33	0	1731422	1731810	389	1	1e-149	 536	minus	0
CP028555.1	DQ821722;cluster_I;Sphingomonas_sp._Y49	96.58	322	5507183	11	0	1731439	1731760	322	1	5e-149	 534	minus	0
CP028555.1	AJ563286;cluster_I;Dechloromonas_sp._SIUL	81.22	671	5507183	114	10	1731137	1731801	677	13	7e-148	 531	minus	0
CP028555.1	DQ821723;cluster_I;Klebsiella_sp._Y57	95.96	322	5507183	13	0	1731439	1731760	322	1	1e-145	 523	minus	0
CP028555.1	AF031817;cluster_I;Rhodobacter_sphaeroides	77.37	822	5507183	158	21	1731070	1731877	1090	283	3e-127	 462	minus	0
CP028555.1	GQ381287;cluster_I;Klebsiella_sp._SZ7-2	89.42	359	5507183	35	2	1731422	1731780	356	1	2e-123	 449	minus	0
CP028555.1	AB542353;cluster_I;Azospirillum_sp._TSA36t	79.45	623	5507183	117	9	1731173	1731791	638	23	7e-118	 431	minus	0
CP028555.1	AY221827;cluster_I;Klebsiella_oxytoca_KCTC_1686	89.91	327	5507183	33	0	1731436	1731762	327	1	4e-115	 422	minus	0
CP028555.1	FJ593868;cluster_I;Enterobacter_sp._MTP_050512_17	86.12	389	5507183	54	0	1731422	1731810	389	1	2e-114	 420	minus	0
CP028555.1	EF199951;cluster_I;Halorhodospira_halophila	83.52	449	5507183	74	0	1731422	1731870	449	1	2e-114	 420	minus	0
CP028555.1	EU622783;cluster_I;Thiocapsa_bogorovii	84.27	426	5507183	65	2	1731422	1731846	449	25	7e-113	 414	minus	0
CP028555.1	AY373368;cluster_I;Paenibacillus_sp._g2	89.30	327	5507183	35	0	1731457	1731783	327	1	9e-112	 411	minus	0
CP028555.1	X63352;cluster_I;Rhodobacter_capsulatus	76.01	842	5507183	175	20	1731059	1731885	2132	1303	9e-112	 411	minus	0
CP028555.1	AY367396;cluster_I;Raoultella_terrigena	88.86	332	5507183	37	0	1731449	1731780	332	1	3e-111	 409	minus	0
CP028555.1	AB542360;cluster_I;Azospirillum_sp._TSH19	79.79	574	5507183	105	10	1731196	1731765	568	2	1e-110	 407	minus	0
CP028555.1	AB542367;cluster_I;Azospirillum_sp._TSH100	79.76	573	5507183	105	10	1731196	1731764	566	1	4e-110	 405	minus	0
CP028555.1	AY373369;cluster_I;Bacillus_cereus	88.99	327	5507183	36	0	1731457	1731783	331	5	4e-110	 405	minus	0
CP028555.1	X07866;cluster_I;Rhodobacter_capsulatus_SB_1003	75.89	842	5507183	176	20	1731059	1731885	934	105	4e-110	 405	minus	0
CP028555.1	FJ593777;cluster_I;Pantoea_sp._CRLI0725a	85.35	389	5507183	57	0	1731422	1731810	389	1	2e-109	 403	minus	0
CP028555.1	FJ593779;cluster_I;Pantoea_sp._A0305	85.35	389	5507183	57	0	1731422	1731810	389	1	2e-109	 403	minus	0
CP028555.1	FJ593780;cluster_I;Pantoea_sp._P0352	85.35	389	5507183	57	0	1731422	1731810	389	1	2e-109	 403	minus	0
CP028555.1	FJ593778;cluster_I;Pantoea_sp._P0359	85.35	389	5507183	57	0	1731422	1731810	389	1	2e-109	 403	minus	0
CP028555.1	FJ347449;cluster_I;Bradyrhizobium_sp._ORS_391	79.96	559	5507183	103	8	1731211	1731766	553	1	2e-109	 403	minus	0
CP028555.1	FJ347439;cluster_I;Bradyrhizobium_sp._ORS_331	79.96	559	5507183	103	8	1731211	1731766	553	1	2e-109	 403	minus	0
CP028555.1	AB542349;cluster_I;Azospirillum_sp._TSA20c	78.65	623	5507183	122	9	1731173	1731791	644	29	2e-109	 403	minus	0
CP028555.1	AB542346;cluster_I;Azospirillum_sp._TSA16	78.65	623	5507183	122	9	1731173	1731791	623	8	2e-109	 403	minus	0
CP028555.1	FJ347438;cluster_I;Bradyrhizobium_sp._ORS_330	80.07	557	5507183	98	12	1731215	1731766	549	1	6e-109	 401	minus	0
CP028555.1	AB542338;cluster_I;Azospirillum_sp._TSA6c	78.62	622	5507183	122	9	1731174	1731791	643	29	6e-109	 401	minus	0
CP028555.1	EF200511;cluster_I;Klebsiella_sp._TT001	90.46	304	5507183	29	0	1731447	1731750	304	1	6e-109	 401	minus	0
CP028555.1	EF200510;cluster_I;Klebsiella_sp._NTI31	90.46	304	5507183	29	0	1731447	1731750	304	1	6e-109	 401	minus	0
CP028555.1	FJ347445;cluster_I;Bradyrhizobium_sp._ORS_361	79.46	560	5507183	104	10	1731211	1731766	553	1	2e-108	 399	minus	0
CP028555.1	FJ347430;cluster_I;Bradyrhizobium_sp._ORS_307	79.53	557	5507183	101	12	1731215	1731766	549	1	2e-108	 399	minus	0
CP028555.1	AF545637;cluster_I;Pantoea_agglomerans	86.83	357	5507183	47	0	1731496	1731852	360	4	2e-108	 399	minus	0
CP028555.1	AY373371;cluster_I;Bacillus_sp._w5	88.69	327	5507183	37	0	1731457	1731783	327	1	2e-108	 399	minus	0
CP028555.1	FJ347446;cluster_I;Bradyrhizobium_sp._ORS_372	79.71	557	5507183	100	12	1731215	1731766	549	1	7e-108	 398	minus	0
CP028555.1	FJ347434;cluster_I;Bradyrhizobium_sp._ORS_318	79.50	556	5507183	103	10	1731215	1731766	549	1	7e-108	 398	minus	0
CP028555.1	FJ347422;cluster_I;Bradyrhizobium_sp._ORS_294	79.50	556	5507183	103	10	1731215	1731766	549	1	7e-108	 398	minus	0
CP028555.1	FJ347424;cluster_I;Bradyrhizobium_sp._ORS_298	79.12	570	5507183	108	10	1731201	1731766	563	1	7e-108	 398	minus	0
CP028555.1	FJ347448;cluster_I;Bradyrhizobium_sp._ORS_377	79.61	559	5507183	105	8	1731211	1731766	553	1	3e-107	 396	minus	0
CP028555.1	FJ347443;cluster_I;Bradyrhizobium_sp._ORS_356	79.29	560	5507183	105	10	1731211	1731766	553	1	3e-107	 396	minus	0
CP028555.1	HM047125;cluster_I;Bradyrhizobium_denitrificans	78.96	594	5507183	116	8	1731201	1731791	619	32	3e-107	 396	minus	0
CP028555.1	FJ347436;cluster_I;Bradyrhizobium_sp._ORS_327	79.71	557	5507183	100	12	1731201	1731752	563	15	9e-107	 394	minus	0
CP028555.1	FJ347427;cluster_I;Bradyrhizobium_sp._ORS_303	79.29	560	5507183	105	10	1731211	1731766	553	1	9e-107	 394	minus	0
CP028555.1	FJ032021;cluster_I;Klebsiella_sp._BN-4A	89.64	309	5507183	32	0	1731488	1731796	309	1	9e-107	 394	minus	0
CP028555.1	GQ381290;cluster_I;Klebsiella_pneumoniae	88.79	321	5507183	34	2	1731422	1731742	331	13	3e-106	 392	minus	0
CP028555.1	FJ347418;cluster_I;Bradyrhizobium_sp._ORS_277	79.71	557	5507183	100	12	1731215	1731766	549	1	3e-106	 392	minus	0
CP028555.1	AY373365;cluster_I;Bacillus_megaterium	88.75	320	5507183	36	0	1731464	1731783	320	1	3e-106	 392	minus	0
CP028555.1	FJ347420;cluster_I;Bradyrhizobium_sp._ORS_285	79.33	571	5507183	105	12	1731201	1731766	563	1	1e-105	 390	minus	0
CP028555.1	FJ347423;cluster_I;Bradyrhizobium_sp._ORS_297	79.53	557	5507183	101	12	1731215	1731766	549	1	2e-104	 387	minus	0
CP028555.1	GQ381289;cluster_I;Paenibacillus_sp._SZ002	88.47	321	5507183	34	3	1731422	1731742	327	10	6e-104	 385	minus	0
CP028555.1	FJ347426;cluster_I;Bradyrhizobium_sp._ORS_301	79.17	557	5507183	103	12	1731215	1731766	549	1	6e-104	 385	minus	0
CP028555.1	FJ347421;cluster_I;Bradyrhizobium_sp._ORS_287	79.17	557	5507183	103	12	1731215	1731766	549	1	6e-104	 385	minus	0
CP028555.1	AY373366;cluster_I;Bacillus_sp._c6	87.77	327	5507183	40	0	1731457	1731783	327	1	2e-103	 383	minus	0
CP028555.1	FJ032022;cluster_I;Klebsiella_sp._AF-4C	89.00	309	5507183	34	0	1731488	1731796	311	3	2e-103	 383	minus	0
CP028555.1	GU001626;cluster_I;Bradyrhizobium_japonicum	78.20	633	5507183	113	22	1731201	1731822	57	675	7e-103	 381	plus	0
CP028555.1	GU001631;cluster_I;Bradyrhizobium_japonicum	78.20	633	5507183	113	22	1731201	1731822	57	675	7e-103	 381	plus	0
CP028555.1	GU001628;cluster_I;Bradyrhizobium_japonicum	78.20	633	5507183	113	22	1731201	1731822	57	675	7e-103	 381	plus	0
CP028555.1	FJ347435;cluster_I;Bradyrhizobium_sp._ORS_324	79.14	556	5507183	105	10	1731215	1731766	549	1	7e-103	 381	minus	0
CP028555.1	FJ347441;cluster_I;Bradyrhizobium_sp._ORS_344	78.82	557	5507183	105	12	1731215	1731766	549	1	7e-103	 381	minus	0
CP028555.1	EU622788;cluster_I;Allochromatium_minutissimum	82.00	450	5507183	79	2	1731422	1731870	449	1	7e-103	 381	minus	0
CP028555.1	GU001618;cluster_I;Bradyrhizobium_cytisi	78.63	599	5507183	109	17	1731201	1731791	613	26	3e-102	 379	minus	0
CP028555.1	FJ347437;cluster_I;Bradyrhizobium_sp._ORS_328	78.79	561	5507183	106	12	1731211	1731766	553	1	3e-102	 379	minus	0
CP028555.1	FJ347447;cluster_I;Bradyrhizobium_sp._ORS_375	78.64	557	5507183	106	12	1731215	1731766	549	1	9e-102	 377	minus	0
CP028555.1	FJ347425;cluster_I;Bradyrhizobium_sp._ORS_300	78.97	561	5507183	105	12	1731211	1731766	553	1	9e-102	 377	minus	0
CP028555.1	DQ364804;cluster_I;Klebsiella_sp._JT42	87.50	328	5507183	39	2	1731457	1731783	327	1	9e-102	 377	minus	0
CP028555.1	FJ347451;cluster_I;Bradyrhizobium_sp._ORS_400	78.52	568	5507183	111	10	1731203	1731766	561	1	1e-100	 374	minus	0
CP028555.1	GU001633;cluster_I;Bradyrhizobium_canariense	77.88	633	5507183	115	22	1731201	1731822	57	675	2e-99	 370	plus	0
CP028555.1	GQ289574;cluster_I/IA;Bradyrhizobium_japonicum	81.25	464	5507183	81	6	1731404	1731864	1	461	2e-99	 370	plus	0
CP028555.1	FJ347419;cluster_I;Bradyrhizobium_sp._ORS_279	78.43	561	5507183	108	12	1731211	1731766	553	1	2e-99	 370	minus	0
CP028555.1	FJ347433;cluster_I;Bradyrhizobium_sp._ORS_310	78.21	560	5507183	111	10	1731211	1731766	553	1	2e-98	 366	minus	0
CP028555.1	AB542356;cluster_I;Azospirillum_sp._TSH2	78.67	572	5507183	105	13	1731201	1731765	562	1	7e-98	 364	minus	0
CP028555.1	AB542357;cluster_I;Azospirillum_sp._TSH5	78.60	570	5507183	105	13	1731201	1731763	560	1	9e-97	 361	minus	0
CP028555.1	AB542358;cluster_I;Azospirillum_sp._TSH6	78.60	570	5507183	105	13	1731201	1731763	560	1	9e-97	 361	minus	0
CP028555.1	AB542359;cluster_I;Azospirillum_sp._TSH10	78.60	570	5507183	105	13	1731201	1731763	560	1	9e-97	 361	minus	0
CP028555.1	AB542337;cluster_I;Azospirillum_sp._TSA2s	78.00	591	5507183	119	9	1731173	1731759	588	5	9e-97	 361	minus	0
CP028555.1	EU693339;cluster_I;Bacillus_sp._Z7	83.16	392	5507183	66	0	1731404	1731795	427	36	3e-96	 359	minus	0
CP028555.1	GU001627;cluster_I;Bradyrhizobium_rifense	78.04	601	5507183	109	20	1731201	1731791	613	26	1e-95	 357	minus	0
CP028555.1	AB542361;cluster_I;Azospirillum_sp._TSH21	78.35	568	5507183	112	9	1731196	1731759	571	11	1e-95	 357	minus	0
CP028555.1	AB542347;cluster_I;Azospirillum_sp._TSA18	78.35	568	5507183	112	9	1731196	1731759	567	7	1e-95	 357	minus	0
CP028555.1	AB542344;cluster_I;Azospirillum_sp._TSA15c	78.35	568	5507183	112	9	1731196	1731759	565	5	1e-95	 357	minus	0
CP028555.1	AB542340;cluster_I;Azospirillum_sp._TSA11	78.35	568	5507183	112	9	1731196	1731759	567	7	1e-95	 357	minus	0
CP028555.1	AB542343;cluster_I;Azospirillum_sp._TSA14w	78.35	568	5507183	112	9	1731196	1731759	569	9	1e-95	 357	minus	0
CP028555.1	EU693340;cluster_I;Bacillus_sp._Z19	82.32	413	5507183	71	2	1731404	1731816	428	18	1e-95	 357	minus	0
CP028555.1	AB542348;cluster_I;Azospirillum_sp._TSA19	78.43	561	5507183	110	9	1731196	1731752	558	5	4e-95	 355	minus	0
CP028555.1	AB542341;cluster_I;Azospirillum_sp._TSA12	78.43	561	5507183	110	9	1731196	1731752	558	5	4e-95	 355	minus	0
CP028555.1	FJ822997;cluster_I;Pseudomonas_sp._gx-127	84.44	360	5507183	54	2	1731422	1731780	4	362	2e-94	 353	plus	0
CP028555.1	EU693338;cluster_I;Azotobacter_chroococcum	82.17	415	5507183	71	3	1731404	1731816	434	21	2e-94	 353	minus	0
CP028555.1	EU693341;cluster_I;Acinetobacter_sp._Z21	83.03	389	5507183	66	0	1731404	1731792	429	41	2e-94	 353	minus	0
CP028555.1	GU001619;cluster_I;Bradyrhizobium_cytisi	77.87	601	5507183	110	20	1731201	1731791	613	26	6e-94	 351	minus	0
CP028555.1	AB542366;cluster_I;Azospirillum_sp._TSH96	78.37	564	5507183	105	13	1731203	1731759	557	4	2e-93	 350	minus	0
CP028555.1	EU693342;cluster_I;Bacillus_sp._Z22	82.11	408	5507183	72	1	1731404	1731810	436	29	7e-93	 348	minus	0
CP028555.1	AB542364;cluster_I;Azospirillum_sp._TSH78	78.07	570	5507183	108	13	1731203	1731765	561	2	1e-91	 344	minus	0
CP028555.1	GQ289580;cluster_I/IA;Bradyrhizobium_japonicum	79.53	464	5507183	89	6	1731404	1731864	1	461	3e-86	 326	plus	0
CP028555.1	AF484657;cluster_I;Methylobacterium_sp._xct7	79.78	460	5507183	81	10	1731320	1731775	452	1	1e-85	 324	minus	0
CP028555.1	FJ822995;cluster_I;Agrobacterium_tumefaciens	82.73	359	5507183	62	0	1731422	1731780	4	362	2e-84	 320	plus	0
CP028555.1	U97116;cluster_I;Azoarcus_communis	80.43	414	5507183	75	5	1731436	1731846	411	1	1e-81	 311	minus	0
CP028555.1	DQ787333;cluster_I;Azospirillum_lipoferum	80.05	441	5507183	71	12	1731422	1731855	446	16	1e-81	 311	minus	0
CP028555.1	DQ787331;cluster_I;Azospirillum_lipoferum	79.47	453	5507183	82	9	1731422	1731870	446	1	1e-81	 311	minus	0
CP028555.1	DQ787334;cluster_I;Azospirillum_lipoferum	79.91	438	5507183	77	9	1731422	1731855	446	16	1e-81	 311	minus	0
CP028555.1	DQ787332;cluster_I;Azospirillum_lipoferum	79.91	438	5507183	77	9	1731422	1731855	446	16	1e-81	 311	minus	0
CP028555.1	AB079621;cluster_I;Rhodobacter_azotoformans	79.39	456	5507183	77	13	1731422	1731870	458	13	5e-80	 305	minus	0
CP028555.1	V01215;cluster_I;Sinorhizobium_meliloti	76.60	577	5507183	120	15	1731317	1731887	736	169	2e-79	 303	minus	0
CP028555.1	AB161454;cluster_I;Pleomorphomonas_oryzae	79.91	423	5507183	76	6	1731450	1731869	417	1	6e-79	 302	minus	0
CP028555.1	AY351672;cluster_I;Azotobacter_chroococcum	83.54	322	5507183	51	2	1731442	1731762	321	1	2e-78	 300	minus	0
CP028555.1	DQ029203;cluster_I;Azonexus_caeni	84.54	304	5507183	43	3	1731434	1731735	307	6	8e-78	 298	minus	0
CP028555.1	EF626686;cluster_I;Azonexus_hydrophilus	82.60	339	5507183	57	2	1731431	1731768	338	1	8e-78	 298	minus	0
CP028555.1	AY624581;Unclassified;Gluconacetobacter_azotocaptans	76.24	585	5507183	122	16	1730263	1730837	1257	680	1e-76	 294	minus	0
CP028555.1	EF626684;cluster_I;Azonexus_hydrophilus_DSM_23864	82.30	339	5507183	58	2	1731431	1731768	338	1	4e-76	 292	minus	0
CP028555.1	EF626685;cluster_I;Azonexus_hydrophilus	82.30	339	5507183	58	2	1731431	1731768	338	1	4e-76	 292	minus	0
CP028555.1	AB489139;cluster_I;Paenibacillus_abekawaensis	78.08	479	5507183	92	11	1731161	1731634	903	433	1e-75	 291	minus	0
CP028555.1	FN813553;cluster_I;Azospirillum_zeae	81.32	364	5507183	61	5	1731419	1731780	359	1	5e-75	 289	minus	0
CP028555.1	FN813552;cluster_I;Azospirillum_zeae	81.32	364	5507183	61	5	1731419	1731780	359	1	5e-75	 289	minus	0
CP028555.1	FJ643446;cluster_I;Sinorhizobium_meliloti	76.25	560	5507183	119	14	1731317	1731870	187	738	6e-74	 285	plus	0
CP028555.1	AB430882;cluster_I;Azotobacter_chroococcum	82.66	323	5507183	54	2	1731439	1731760	322	1	6e-74	 285	minus	0
CP028555.1	FN813561;cluster_I;Azospirillum_zeae	81.10	365	5507183	60	7	1731419	1731780	359	1	2e-73	 283	minus	0
CP028555.1	GQ503352;cluster_I;Mesorhizobium_ciceri	75.59	594	5507183	132	13	1731201	1731789	89	674	8e-73	 281	plus	0
CP028555.1	DQ682472;cluster_I;Azospirillum_zeae	80.94	362	5507183	60	7	1731422	1731780	357	2	8e-73	 281	minus	0
CP028555.1	AB079622;cluster_I;Rhodobacter_sp._AP-10	78.19	454	5507183	88	7	1731421	1731870	459	13	3e-72	 279	minus	0
CP028555.1	FJ687521;cluster_I;Aeromonas_sp._IPPW-29	80.93	367	5507183	57	12	1731419	1731780	359	1	1e-71	 278	minus	0
CP028555.1	FJ687517;cluster_I;Pseudomonas_sp._IPPW-2	80.93	367	5507183	57	12	1731419	1731780	359	1	1e-71	 278	minus	0
CP028555.1	DQ682471;cluster_I;Azospirillum_zeae	81.06	359	5507183	59	7	1731422	1731777	353	1	1e-71	 278	minus	0
CP028555.1	EU379970;cluster_I;Sinorhizobium_meliloti	75.00	620	5507183	146	8	1731170	1731786	653	40	1e-71	 278	minus	0
CP028555.1	EU581816;cluster_I;Sinorhizobium_meliloti	75.00	620	5507183	146	8	1731170	1731786	647	34	1e-71	 278	minus	0
CP028555.1	AY768690;cluster_I;Azonexus_fungiphilus	82.10	324	5507183	52	5	1731442	1731762	321	1	5e-70	 272	minus	0
CP028555.1	EU581815;cluster_I;Sinorhizobium_meliloti	77.38	473	5507183	98	8	1731317	1731786	500	34	5e-70	 272	minus	0
CP028555.1	DQ413016;cluster_I;Sinorhizobium_meliloti	77.38	473	5507183	98	9	1731317	1731786	513	47	5e-70	 272	minus	0
CP028555.1	EU252599;cluster_I;Sinorhizobium_meliloti	77.38	473	5507183	98	9	1731317	1731786	505	39	5e-70	 272	minus	0
CP028555.1	EU418411;cluster_I;Rhizobium_gallicum	78.67	422	5507183	81	9	1731209	1731627	614	199	5e-70	 272	minus	0
CP028555.1	EF634041;cluster_I;Rhizobium_gallicum	81.65	327	5507183	59	1	1731448	1731774	1	326	2e-69	 270	plus	0
CP028555.1	DQ029204;cluster_I;Azonexus_fungiphilus	83.05	295	5507183	50	0	1731433	1731727	308	14	6e-69	 268	minus	0
CP028555.1	AY934874;cluster_I;Sinorhizobium_sp._CCBAU_33036A	77.26	475	5507183	97	10	1731316	1731786	522	55	6e-69	 268	minus	0
CP028555.1	GU256453;cluster_I;Azospirillum_zeae	81.05	343	5507183	58	5	1731451	1731791	374	37	2e-68	 267	minus	0
CP028555.1	EU379969;cluster_I;Sinorhizobium_meliloti	73.90	705	5507183	167	15	1731170	1731870	43	734	2e-68	 267	plus	0
CP028555.1	EF153400;cluster_I;Sinorhizobium_meliloti	77.17	473	5507183	99	9	1731317	1731786	506	40	2e-68	 267	minus	0
CP028555.1	AY934877;cluster_I;Sinorhizobium_sp._CCBAU_53044B	77.17	473	5507183	99	9	1731317	1731786	522	56	2e-68	 267	minus	0
CP028555.1	EU707160;cluster_I;Sinorhizobium_meliloti	77.17	473	5507183	99	9	1731317	1731786	484	18	2e-68	 267	minus	0
CP028555.1	EU252600;cluster_I;Sinorhizobium_sp._CCBAU_83317	77.17	473	5507183	99	9	1731317	1731786	506	40	2e-68	 267	minus	0
CP028555.1	EU386145;cluster_I;Rhizobium_sp._NGR181	79.54	391	5507183	67	10	1731311	1731696	426	44	2e-68	 267	minus	0
CP028555.1	EF199958;cluster_I;Thioalkalispira_microaerophila	80.06	356	5507183	71	0	1731449	1731804	383	28	8e-68	 265	minus	0
CP028555.1	AB182912;cluster_I;Pleomorphomonas_oryzae	78.73	409	5507183	78	6	1731450	1731855	407	5	8e-68	 265	minus	0
CP028555.1	AB185395;cluster_I;Azospirillum_oryzae	78.77	405	5507183	77	7	1731442	1731843	408	10	3e-67	 263	minus	0
CP028555.1	GQ161241;cluster_I;Azospirillum_brasilense	80.17	363	5507183	61	8	1731422	1731780	356	1	1e-66	 261	minus	0
CP028555.1	AJ457920;cluster_I;Sinorhizobium_sp._Rch-9868	77.12	472	5507183	95	12	1731317	1731783	528	65	1e-66	 261	minus	0
CP028555.1	EU418418;cluster_I;Sinorhizobium_meliloti	76.96	473	5507183	100	9	1731317	1731786	500	34	1e-66	 261	minus	0
CP028555.1	EU418412;cluster_I;Rhizobium_mongolense	78.20	422	5507183	83	9	1731209	1731627	614	199	1e-66	 261	minus	0
CP028555.1	AB079632;cluster_I;Rhodobacter_blasticus_DSM_2131	77.31	454	5507183	90	9	1731422	1731870	458	13	4e-66	 259	minus	0
CP028555.1	EF070145;cluster_I;Sinorhizobium_meliloti	78.26	414	5507183	81	9	1731376	1731786	416	9	1e-65	 257	minus	0
CP028555.1	DQ413015;cluster_I;Rhizobium_leguminosarum_bv._viciae	79.22	385	5507183	69	10	1731316	1731696	514	137	1e-65	 257	minus	0
CP028555.1	AB182913;cluster_I;Pleomorphomonas_oryzae	78.64	398	5507183	76	6	1731450	1731844	396	5	5e-65	 255	minus	0
CP028555.1	EU581817;cluster_I;Sinorhizobium_meliloti	74.35	620	5507183	150	8	1731170	1731786	644	31	5e-65	 255	minus	0
CP028555.1	AJ457919;cluster_I;Sinorhizobium_sp._Rch-9813	76.91	472	5507183	96	12	1731317	1731783	528	65	5e-65	 255	minus	0
CP028555.1	EF158046;cluster_I;Azospira_restricta	83.76	271	5507183	40	3	1731431	1731699	269	1	2e-64	 254	minus	0
CP028555.1	AB182911;cluster_I;Pleomorphomonas_oryzae	78.59	397	5507183	76	6	1731451	1731844	394	4	2e-64	 254	minus	0
CP028555.1	AB182910;cluster_I;Pleomorphomonas_oryzae	78.36	402	5507183	78	6	1731457	1731855	400	5	6e-64	 252	minus	0
CP028555.1	GU256450;cluster_I;Azospirillum_melinis	80.24	339	5507183	60	5	1731455	1731791	368	35	8e-63	 248	minus	0
CP028555.1	AY929545;cluster_I;Rhizobium_sp._USDA_1920	78.37	393	5507183	76	9	1731229	1731618	387	1	3e-62	 246	minus	0
CP028555.1	AY929537;cluster_I;Rhizobium_mongolense	78.37	393	5507183	76	9	1731229	1731618	387	1	3e-62	 246	minus	0
CP028555.1	EU407189;cluster_I;Rhizobium_tibeticum	73.87	643	5507183	157	10	1731151	1731789	661	26	3e-62	 246	minus	0
CP028555.1	AY929538;cluster_I;Rhizobium_mongolense	78.37	393	5507183	76	9	1731229	1731618	387	1	3e-62	 246	minus	0
CP028555.1	AY929541;cluster_I;Rhizobium_yanglingense	78.37	393	5507183	76	9	1731229	1731618	387	1	3e-62	 246	minus	0
CP028555.1	EU770978;cluster_I;Rhizobium_leguminosarum	75.09	562	5507183	123	16	1731316	1731870	552	1	3e-62	 246	minus	0
CP028555.1	GQ411215;cluster_I;Bacillus_sp._SUND_LM2	86.98	215	5507183	27	1	1731569	1731783	314	101	1e-60	 241	minus	0
CP028555.1	GU256451;cluster_I;Azospirillum_picis	79.77	341	5507183	58	7	1731455	1731791	370	37	2e-59	 237	minus	0
CP028555.1	EU770979;cluster_I;Rhizobium_leguminosarum	78.18	385	5507183	73	10	1731316	1731696	552	175	6e-59	 235	minus	0
CP028555.1	AY079181;cluster_I;Rhizobium_tropici	77.49	391	5507183	83	4	1731196	1731585	387	1	3e-57	 230	minus	0
CP028555.1	AB079628;cluster_I;Rhodovulum_strictum	76.21	454	5507183	95	9	1731422	1731870	458	13	1e-56	 228	minus	0
CP028555.1	GQ411209;cluster_I;Bacillus_megaterium	87.96	191	5507183	23	0	1731594	1731784	338	148	4e-56	 226	minus	0
CP028555.1	AB079629;cluster_I;Rhodovulum_strictum	76.04	455	5507183	96	9	1731421	1731870	459	13	1e-55	 224	minus	0
CP028555.1	AB191042;cluster_I;Heliobacterium_gestii	71.22	1025	5507183	255	36	1729830	1730837	2000	999	5e-55	 222	minus	0
CP028555.1	EU177583;cluster_I;Sinorhizobium_meliloti	74.73	554	5507183	107	26	1731317	1731864	231	757	2e-53	 217	plus	0
CP028555.1	EU697999;cluster_I;Mesorhizobium_temperatum	85.78	204	5507183	27	2	1731320	1731522	233	31	8e-53	 215	minus	0
CP028555.1	EF620478;cluster_I;Azotobacter_chroococcum	78.64	337	5507183	57	15	1731439	1731765	332	1	4e-51	 209	minus	0
CP028555.1	DQ315787;cluster_I;Anabaena_variabilis_ATCC_29413	72.74	686	5507183	159	23	1731198	1731870	704	34	5e-50	 206	minus	0
CP028555.1	DQ407288;cluster_I;Mesorhizobium_tianshanense	77.95	331	5507183	67	6	1731201	1731528	329	2	6e-49	 202	minus	0
CP028555.1	DQ407287;cluster_I;Mesorhizobium_tianshanense	77.81	329	5507183	66	7	1731201	1731525	329	4	3e-47	 196	minus	0
CP028555.1	DQ407295;cluster_I;Mesorhizobium_ciceri	77.85	325	5507183	66	6	1731201	1731522	322	1	3e-47	 196	minus	0
CP028555.1	AH000924;cluster_I;Rhizobium_sp.	74.58	472	5507183	108	11	1729861	1730326	773	308	3e-47	 196	minus	0
CP028555.1	AJ968685;cluster_I;Microbacterium_sp._ORS_1418	76.68	343	5507183	67	12	1731434	1731771	335	1	1e-41	 178	minus	0
CP028555.1	AVU89346;cluster_I;Anabaena_variabilis_ATCC_29413	71.64	691	5507183	178	16	1731194	1731876	1097	417	1e-40	 174	minus	0
CP028555.1	Z31716;cluster_I;Nostoc_sp._PCC_6720	71.49	691	5507183	179	16	1731194	1731876	1234	554	6e-39	 169	minus	0
CP028555.1	AJ968687;cluster_I;Microbacterium_sp._ORS_1417	76.35	334	5507183	68	10	1731442	1731771	329	3	6e-39	 169	minus	0
CP028555.1	AJ968686;cluster_I;Agromyces_sp._ORS_1437	78.73	268	5507183	44	12	1731434	1731696	312	53	2e-38	 167	minus	0
CP028555.1	FJ712276;cluster_I;Rhizobium_petrolearium	76.08	301	5507183	65	7	1731488	1731786	331	36	2e-33	 150	minus	0
CP028555.1	EF560698;cluster_III;Chlorobaculum_macestae	77.29	229	5507183	44	5	1731422	1731643	449	222	1e-26	 128	minus	0
CP028555.1	DQ364798;cluster_I;Paenibacillus_sp._GJ24	76.15	260	5507183	53	6	1731457	1731713	324	71	1e-26	 128	minus	0
CP028555.1	DQ364799;cluster_I;Paenibacillus_sp._GA12	75.77	260	5507183	54	6	1731457	1731713	324	71	5e-25	 122	minus	0
CP028555.1	AY373370;cluster_I;Paenibacillus_massiliensis	77.91	172	5507183	35	2	1731457	1731628	306	138	2e-19	 104	minus	0
CP028555.1	NOSGLBN;cluster_I;Nostoc_sp.	77.78	153	5507183	29	5	1731726	1731876	1184	1035	5e-15	89.8	minus	0
CP028555.1	RHMNIFHA;cluster_I;Sinorhizobium_meliloti	100.00	29	5507183	0	0	1731758	1731786	32	4	2e-04	54.7	minus	0
