CP029141.1	V00631;cluster_I;Klebsiella_pneumoniae	95.63	1809	5935069	77	2	1746302	1748110	1	1807	0.0	2902	plus	0
CP029141.1	KPNNIFH;cluster_I;Klebsiella_pneumoniae	96.64	894	5935069	30	0	1746594	1747487	1	894	0.0	1485	plus	0
CP029141.1	AY242355;cluster_I;Klebsiella_pneumoniae_342	90.61	884	5935069	79	4	1746594	1747475	1	882	0.0	1170	plus	0
CP029141.1	X03916;cluster_I;Azotobacter_chroococcum	82.95	833	5935069	136	6	1746601	1747430	345	1174	0.0	 747	plus	0
CP029141.1	FJ593867;cluster_I;Klebsiella_sp._AL060224_03	99.23	389	5935069	3	0	1746678	1747066	1	389	0.0	 702	plus	0
CP029141.1	AY221827;cluster_I;Klebsiella_oxytoca_KCTC_1686	99.08	327	5935069	3	0	1746726	1747052	1	327	4e-165	 588	plus	0
CP029141.1	AY373368;cluster_I;Paenibacillus_sp._g2	98.47	327	5935069	5	0	1746705	1747031	1	327	9e-162	 577	plus	0
CP029141.1	AB189641;cluster_I;Halorhodospira_halophila	79.62	800	5935069	159	4	1746618	1747415	234	1031	4e-160	 571	plus	0
CP029141.1	FJ593769;cluster_I;Klebsiella_sp._P0646	92.29	389	5935069	30	0	1746678	1747066	1	389	2e-154	 553	plus	0
CP029141.1	DQ364804;cluster_I;Klebsiella_sp._JT42	96.95	328	5935069	8	2	1746705	1747031	1	327	2e-153	 549	plus	0
CP029141.1	GQ381287;cluster_I;Klebsiella_sp._SZ7-2	94.15	359	5935069	18	2	1746708	1747066	1	356	9e-152	 544	plus	0
CP029141.1	FJ593860;cluster_I;Klebsiella_sp._MNS_801b	91.77	389	5935069	32	0	1746678	1747066	1	389	3e-151	 542	plus	0
CP029141.1	FJ593864;cluster_I;Klebsiella_sp._MNFG_802	91.77	389	5935069	32	0	1746678	1747066	1	389	3e-151	 542	plus	0
CP029141.1	FJ593861;cluster_I;Klebsiella_sp._MNS_801a	91.77	389	5935069	32	0	1746678	1747066	1	389	3e-151	 542	plus	0
CP029141.1	FJ593862;cluster_I;Klebsiella_sp._MNW_801b	91.77	389	5935069	32	0	1746678	1747066	1	389	3e-151	 542	plus	0
CP029141.1	FJ593863;cluster_I;Klebsiella_sp._MNFG_801b	91.77	389	5935069	32	0	1746678	1747066	1	389	3e-151	 542	plus	0
CP029141.1	FJ593866;cluster_I;Klebsiella_sp._AL060225_04	91.52	389	5935069	33	0	1746678	1747066	1	389	2e-149	 536	plus	0
CP029141.1	FJ593865;cluster_I;Klebsiella_sp._AL050511_01	91.52	389	5935069	33	0	1746678	1747066	1	389	2e-149	 536	plus	0
CP029141.1	FJ593768;cluster_I;Klebsiella_sp._CRPV0611a	91.52	389	5935069	33	0	1746678	1747066	1	389	2e-149	 536	plus	0
CP029141.1	FJ593767;cluster_I;Klebsiella_sp._P0643	91.52	389	5935069	33	0	1746678	1747066	1	389	2e-149	 536	plus	0
CP029141.1	FJ593766;cluster_I;Klebsiella_sp._P0640	91.52	389	5935069	33	0	1746678	1747066	1	389	2e-149	 536	plus	0
CP029141.1	FJ593765;cluster_I;Klebsiella_sp._P0638	91.52	389	5935069	33	0	1746678	1747066	1	389	2e-149	 536	plus	0
CP029141.1	FJ593757;cluster_I;Klebsiella_sp._CRLS069a	91.52	389	5935069	33	0	1746678	1747066	1	389	2e-149	 536	plus	0
CP029141.1	FJ593760;cluster_I;Klebsiella_sp._CRLS064	91.26	389	5935069	34	0	1746678	1747066	1	389	7e-148	 531	plus	0
CP029141.1	FJ593763;cluster_I;Klebsiella_sp._CRLI0718a	91.26	389	5935069	34	0	1746678	1747066	1	389	7e-148	 531	plus	0
CP029141.1	FJ593756;cluster_I;Klebsiella_sp._CRLI0715	91.26	389	5935069	34	0	1746678	1747066	1	389	7e-148	 531	plus	0
CP029141.1	FJ593758;cluster_I;Klebsiella_sp._CRPV0610	91.26	389	5935069	34	0	1746678	1747066	1	389	7e-148	 531	plus	0
CP029141.1	FJ593759;cluster_I;Klebsiella_sp._CRLS0617	91.26	389	5935069	34	0	1746678	1747066	1	389	7e-148	 531	plus	0
CP029141.1	FJ593764;cluster_I;Klebsiella_sp._CRLI0713	91.26	389	5935069	34	0	1746678	1747066	1	389	7e-148	 531	plus	0
CP029141.1	FJ593762;cluster_I;Klebsiella_sp._CRLI0728	91.00	389	5935069	35	0	1746678	1747066	1	389	3e-146	 525	plus	0
CP029141.1	EF200511;cluster_I;Klebsiella_sp._TT001	97.70	304	5935069	7	0	1746738	1747041	1	304	1e-145	 523	plus	0
CP029141.1	EF200510;cluster_I;Klebsiella_sp._NTI31	97.70	304	5935069	7	0	1746738	1747041	1	304	1e-145	 523	plus	0
CP029141.1	AY373371;cluster_I;Bacillus_sp._w5	95.41	327	5935069	15	0	1746705	1747031	1	327	4e-145	 521	plus	0
CP029141.1	FJ032021;cluster_I;Klebsiella_sp._BN-4A	97.09	309	5935069	9	0	1746692	1747000	1	309	4e-145	 521	plus	0
CP029141.1	AY373369;cluster_I;Bacillus_cereus	95.41	327	5935069	15	0	1746705	1747031	5	331	4e-145	 521	plus	0
CP029141.1	FJ593761;cluster_I;Klebsiella_sp._CRLI0730	90.75	389	5935069	36	0	1746678	1747066	1	389	2e-144	 520	plus	0
CP029141.1	AJ563286;cluster_I;Dechloromonas_sp._SIUL	80.87	669	5935069	118	9	1746687	1747350	13	676	6e-144	 518	plus	0
CP029141.1	AY373365;cluster_I;Bacillus_megaterium	95.62	320	5935069	14	0	1746705	1747024	1	320	7e-143	 514	plus	0
CP029141.1	AY373366;cluster_I;Bacillus_sp._c6	94.50	327	5935069	18	0	1746705	1747031	1	327	4e-140	 505	plus	0
CP029141.1	FJ032022;cluster_I;Klebsiella_sp._AF-4C	95.79	309	5935069	13	0	1746692	1747000	3	311	2e-138	 499	plus	0
CP029141.1	EU938522;cluster_I;Burkholderia_sp._gx97	91.09	359	5935069	32	0	1746708	1747066	1	359	2e-134	 486	plus	0
CP029141.1	GQ381290;cluster_I;Klebsiella_pneumoniae	93.56	326	5935069	18	3	1746741	1747066	9	331	2e-133	 483	plus	0
CP029141.1	FJ822998;cluster_I;Klebsiella_sp._gx-3	90.53	359	5935069	34	0	1746708	1747066	362	4	4e-131	 475	minus	0
CP029141.1	GQ381289;cluster_I;Paenibacillus_sp._SZ002	93.46	321	5935069	18	3	1746746	1747066	10	327	1e-130	 473	plus	0
CP029141.1	AY846276;cluster_I;Klebsiella_pneumoniae	88.49	391	5935069	44	1	1746611	1747000	400	10	5e-130	 472	minus	0
CP029141.1	AY367396;cluster_I;Raoultella_terrigena	91.57	332	5935069	28	0	1746708	1747039	1	332	4e-126	 459	plus	0
CP029141.1	AF031817;cluster_I;Rhodobacter_sphaeroides	77.05	819	5935069	166	19	1746611	1747418	283	1090	6e-124	 451	plus	0
CP029141.1	AY367392;cluster_I;Klebsiella_variicola	90.77	336	5935069	31	0	1746708	1747043	2	337	2e-123	 449	plus	0
CP029141.1	AY367394;cluster_I;Klebsiella_variicola	90.99	333	5935069	30	0	1746708	1747040	2	334	2e-123	 449	plus	0
CP029141.1	AY367395;cluster_I;Klebsiella_variicola	90.77	336	5935069	31	0	1746731	1747066	1	336	2e-123	 449	plus	0
CP029141.1	FJ822994;cluster_I;Sinorhizobium_sp._gx-153	89.91	347	5935069	35	0	1746720	1747066	350	4	8e-123	 448	minus	0
CP029141.1	AY367393;cluster_I;Klebsiella_variicola	90.48	336	5935069	32	0	1746731	1747066	1	336	1e-121	 444	plus	0
CP029141.1	FJ593779;cluster_I;Pantoea_sp._A0305	86.89	389	5935069	51	0	1746678	1747066	1	389	2e-119	 436	plus	0
CP029141.1	FJ593780;cluster_I;Pantoea_sp._P0352	86.89	389	5935069	51	0	1746678	1747066	1	389	2e-119	 436	plus	0
CP029141.1	FJ593778;cluster_I;Pantoea_sp._P0359	86.89	389	5935069	51	0	1746678	1747066	1	389	2e-119	 436	plus	0
CP029141.1	FJ593777;cluster_I;Pantoea_sp._CRLI0725a	86.63	389	5935069	52	0	1746678	1747066	1	389	8e-118	 431	plus	0
CP029141.1	FJ593868;cluster_I;Enterobacter_sp._MTP_050512_17	86.38	389	5935069	53	0	1746678	1747066	1	389	4e-116	 425	plus	0
CP029141.1	DQ821722;cluster_I;Sphingomonas_sp._Y49	90.37	322	5935069	31	0	1746728	1747049	1	322	1e-115	 424	plus	0
CP029141.1	EU622783;cluster_I;Thiocapsa_bogorovii	84.27	426	5935069	65	2	1746642	1747066	25	449	8e-113	 414	plus	0
CP029141.1	DQ821723;cluster_I;Klebsiella_sp._Y57	89.75	322	5935069	33	0	1746728	1747049	1	322	3e-112	 412	plus	0
CP029141.1	AF545637;cluster_I;Pantoea_agglomerans	87.57	354	5935069	44	0	1746639	1746992	7	360	1e-111	 411	plus	0
CP029141.1	X07866;cluster_I;Rhodobacter_capsulatus_SB_1003	76.12	825	5935069	174	19	1746618	1747429	120	934	1e-111	 411	plus	0
CP029141.1	X63352;cluster_I;Rhodobacter_capsulatus	76.00	825	5935069	175	19	1746618	1747429	1318	2132	5e-110	 405	plus	0
CP029141.1	HM047125;cluster_I;Bradyrhizobium_denitrificans	77.96	667	5935069	132	13	1746668	1747328	3	660	2e-109	 403	plus	0
CP029141.1	DQ364801;cluster_I;Klebsiella_sp._BM92	89.38	320	5935069	34	0	1746705	1747024	1	320	2e-109	 403	plus	0
CP029141.1	EU622788;cluster_I;Allochromatium_minutissimum	82.67	450	5935069	76	2	1746618	1747066	1	449	8e-108	 398	plus	0
CP029141.1	AB542360;cluster_I;Azospirillum_sp._TSH19	79.13	575	5935069	108	10	1746723	1747293	2	568	2e-104	 387	plus	0
CP029141.1	EF199951;cluster_I;Halorhodospira_halophila	82.18	449	5935069	80	0	1746618	1747066	1	449	2e-104	 387	plus	0
CP029141.1	FJ347420;cluster_I;Bradyrhizobium_sp._ORS_285	79.16	571	5935069	106	12	1746722	1747287	1	563	6e-104	 385	plus	0
CP029141.1	AB542367;cluster_I;Azospirillum_sp._TSH100	79.09	574	5935069	108	10	1746724	1747293	1	566	6e-104	 385	plus	0
CP029141.1	FJ347446;cluster_I;Bradyrhizobium_sp._ORS_372	79.17	557	5935069	103	12	1746722	1747273	1	549	8e-103	 381	plus	0
CP029141.1	FJ347435;cluster_I;Bradyrhizobium_sp._ORS_324	78.96	556	5935069	106	10	1746722	1747273	1	549	4e-101	 375	plus	0
CP029141.1	FJ347418;cluster_I;Bradyrhizobium_sp._ORS_277	79.17	557	5935069	103	12	1746722	1747273	1	549	4e-101	 375	plus	0
CP029141.1	FJ347436;cluster_I;Bradyrhizobium_sp._ORS_327	78.99	557	5935069	104	12	1746722	1747273	1	549	1e-100	 374	plus	0
CP029141.1	FJ347434;cluster_I;Bradyrhizobium_sp._ORS_318	78.78	556	5935069	107	10	1746722	1747273	1	549	1e-100	 374	plus	0
CP029141.1	FJ347422;cluster_I;Bradyrhizobium_sp._ORS_294	78.78	556	5935069	107	10	1746722	1747273	1	549	1e-100	 374	plus	0
CP029141.1	FJ347438;cluster_I;Bradyrhizobium_sp._ORS_330	78.81	571	5935069	108	12	1746722	1747287	1	563	5e-100	 372	plus	0
CP029141.1	FJ347427;cluster_I;Bradyrhizobium_sp._ORS_303	78.60	556	5935069	108	10	1746722	1747273	1	549	5e-100	 372	plus	0
CP029141.1	AB542364;cluster_I;Azospirillum_sp._TSH78	78.91	569	5935069	105	13	1746723	1747285	2	561	5e-100	 372	plus	0
CP029141.1	FJ347445;cluster_I;Bradyrhizobium_sp._ORS_361	78.60	556	5935069	108	10	1746722	1747273	1	549	2e-99	 370	plus	0
CP029141.1	FJ347443;cluster_I;Bradyrhizobium_sp._ORS_356	78.60	556	5935069	108	10	1746722	1747273	1	549	2e-99	 370	plus	0
CP029141.1	FJ347424;cluster_I;Bradyrhizobium_sp._ORS_298	78.60	556	5935069	108	10	1746722	1747273	1	549	2e-99	 370	plus	0
CP029141.1	FJ347430;cluster_I;Bradyrhizobium_sp._ORS_307	78.46	557	5935069	107	12	1746722	1747273	1	549	2e-98	 366	plus	0
CP029141.1	FJ347423;cluster_I;Bradyrhizobium_sp._ORS_297	78.82	557	5935069	105	12	1746722	1747273	1	549	8e-98	 364	plus	0
CP029141.1	AB542356;cluster_I;Azospirillum_sp._TSH2	78.63	571	5935069	107	13	1746723	1747287	1	562	8e-98	 364	plus	0
CP029141.1	AB542337;cluster_I;Azospirillum_sp._TSA2s	77.65	613	5935069	126	9	1746729	1747337	5	610	3e-97	 363	plus	0
CP029141.1	GQ289562;cluster_I;Bradyrhizobium_japonicum	80.99	463	5935069	81	6	1746624	1747084	458	1	1e-96	 361	minus	0
CP029141.1	FJ347447;cluster_I;Bradyrhizobium_sp._ORS_375	77.80	572	5935069	112	13	1746722	1747287	1	563	1e-96	 361	plus	0
CP029141.1	FJ347441;cluster_I;Bradyrhizobium_sp._ORS_344	77.76	571	5935069	114	12	1746722	1747287	1	563	1e-96	 361	plus	0
CP029141.1	FJ347426;cluster_I;Bradyrhizobium_sp._ORS_301	78.11	571	5935069	112	12	1746722	1747287	1	563	1e-96	 361	plus	0
CP029141.1	AB542357;cluster_I;Azospirillum_sp._TSH5	78.56	569	5935069	107	13	1746725	1747287	1	560	1e-96	 361	plus	0
CP029141.1	AB542358;cluster_I;Azospirillum_sp._TSH6	78.56	569	5935069	107	13	1746725	1747287	1	560	1e-96	 361	plus	0
CP029141.1	AB542359;cluster_I;Azospirillum_sp._TSH10	78.56	569	5935069	107	13	1746725	1747287	1	560	1e-96	 361	plus	0
CP029141.1	EF199953;cluster_I;Ectothiorhodospira_shaposhnikovii	80.89	450	5935069	84	2	1746618	1747066	1	449	2e-94	 353	plus	0
CP029141.1	FJ347437;cluster_I;Bradyrhizobium_sp._ORS_328	77.92	557	5935069	110	12	1746722	1747273	1	549	2e-93	 350	plus	0
CP029141.1	AB542366;cluster_I;Azospirillum_sp._TSH96	78.33	563	5935069	107	13	1746729	1747285	4	557	2e-93	 350	plus	0
CP029141.1	EF199954;cluster_I;Ectothiorhodospira_mobilis	80.67	450	5935069	85	2	1746618	1747066	1	449	8e-93	 348	plus	0
CP029141.1	FJ347433;cluster_I;Bradyrhizobium_sp._ORS_310	77.52	556	5935069	114	10	1746722	1747273	1	549	1e-91	 344	plus	0
CP029141.1	AB542361;cluster_I;Azospirillum_sp._TSH21	77.72	579	5935069	117	10	1746719	1747293	1	571	1e-91	 344	plus	0
CP029141.1	AB542347;cluster_I;Azospirillum_sp._TSA18	77.86	569	5935069	114	10	1746729	1747293	7	567	4e-91	 342	plus	0
CP029141.1	AB542344;cluster_I;Azospirillum_sp._TSA15c	77.86	569	5935069	114	10	1746729	1747293	5	565	4e-91	 342	plus	0
CP029141.1	AB542340;cluster_I;Azospirillum_sp._TSA11	77.86	569	5935069	114	10	1746729	1747293	7	567	4e-91	 342	plus	0
CP029141.1	AB542343;cluster_I;Azospirillum_sp._TSA14w	77.86	569	5935069	114	10	1746729	1747293	9	569	4e-91	 342	plus	0
CP029141.1	FSU53362;cluster_I;Frankia_sp._EuIK1	72.30	1278	5935069	291	54	1747651	1748898	1286	2530	1e-90	 340	plus	0
CP029141.1	DQ787333;cluster_I;Azospirillum_lipoferum	81.09	439	5935069	70	11	1746633	1747066	16	446	5e-90	 339	plus	0
CP029141.1	AB542348;cluster_I;Azospirillum_sp._TSA19	77.74	566	5935069	114	10	1746732	1747293	1	558	2e-89	 337	plus	0
CP029141.1	AB542341;cluster_I;Azospirillum_sp._TSA12	77.74	566	5935069	114	10	1746732	1747293	1	558	2e-89	 337	plus	0
CP029141.1	EF199952;cluster_I;Halorhodospira_abdelmalekii	80.22	450	5935069	87	2	1746618	1747066	1	449	2e-89	 337	plus	0
CP029141.1	GQ289571;cluster_I;Bradyrhizobium_japonicum	79.87	467	5935069	82	11	1746624	1747084	461	1	8e-88	 331	minus	0
CP029141.1	AF484657;cluster_I;Methylobacterium_sp._xct7	79.78	460	5935069	81	10	1746713	1747168	1	452	1e-85	 324	plus	0
CP029141.1	GQ161239;cluster_I;Azospirillum_brasilense	83.10	361	5935069	54	6	1746708	1747066	1	356	5e-85	 322	plus	0
CP029141.1	AF059648;cluster_I;Marichromatium_purpuratum	84.62	325	5935069	48	2	1746729	1747052	4	327	5e-85	 322	plus	0
CP029141.1	GQ411215;cluster_I;Bacillus_sp._SUND_LM2	93.52	216	5935069	13	1	1746705	1746920	101	315	2e-84	 320	plus	0
CP029141.1	GQ289577;cluster_I;Bradyrhizobium_japonicum	79.45	472	5935069	75	17	1746624	1747084	461	1	8e-83	 315	minus	0
CP029141.1	FN813553;cluster_I;Azospirillum_zeae	82.42	364	5935069	57	5	1746708	1747069	1	359	1e-81	 311	plus	0
CP029141.1	FN813552;cluster_I;Azospirillum_zeae	82.42	364	5935069	57	5	1746708	1747069	1	359	1e-81	 311	plus	0
CP029141.1	FN813561;cluster_I;Azospirillum_zeae	82.47	365	5935069	55	7	1746708	1747069	1	359	1e-81	 311	plus	0
CP029141.1	AB191041;cluster_I;Heliobacterium_chlorum	74.23	776	5935069	182	17	1746663	1747429	1	767	4e-81	 309	plus	0
CP029141.1	EU672874;cluster_I;Methylogaea_oryzae_JCM_16910	84.62	312	5935069	46	2	1746756	1747066	1	311	4e-81	 309	plus	0
CP029141.1	AB079621;cluster_I;Rhodobacter_azotoformans	79.43	457	5935069	79	13	1746616	1747066	11	458	4e-81	 309	plus	0
CP029141.1	GQ161241;cluster_I;Azospirillum_brasilense	82.32	362	5935069	55	7	1746708	1747066	1	356	5e-80	 305	plus	0
CP029141.1	GU256446;cluster_I;Azospirillum_canadense	81.67	371	5935069	61	5	1746678	1747046	10	375	6e-79	 302	plus	0
CP029141.1	FJ687518;cluster_I;Pseudomonas_sp._IPPW-3	81.54	363	5935069	65	2	1746708	1747069	1	362	8e-78	 298	plus	0
CP029141.1	DQ682472;cluster_I;Azospirillum_zeae	81.77	362	5935069	57	7	1746708	1747066	2	357	8e-78	 298	plus	0
CP029141.1	DQ029203;cluster_I;Azonexus_caeni	85.71	280	5935069	40	0	1746775	1747054	28	307	3e-77	 296	plus	0
CP029141.1	DQ682471;cluster_I;Azospirillum_zeae	81.89	359	5935069	56	7	1746711	1747066	1	353	1e-76	 294	plus	0
CP029141.1	FJ687522;cluster_I;Aeromonas_sp._IPPW-33a	81.27	363	5935069	66	2	1746708	1747069	1	362	4e-76	 292	plus	0
CP029141.1	AB185395;cluster_I;Azospirillum_oryzae	80.00	405	5935069	72	7	1746645	1747046	10	408	1e-75	 291	plus	0
CP029141.1	GQ411209;cluster_I;Bacillus_megaterium	94.18	189	5935069	11	0	1746704	1746892	148	336	5e-75	 289	plus	0
CP029141.1	DQ393890;cluster_I;Azospirillum_canadense	81.87	353	5935069	55	7	1746717	1747066	351	5	5e-75	 289	minus	0
CP029141.1	GU256453;cluster_I;Azospirillum_zeae	80.75	374	5935069	65	5	1746666	1747037	6	374	6e-74	 285	plus	0
CP029141.1	AB079628;cluster_I;Rhodovulum_strictum	78.34	457	5935069	84	13	1746616	1747066	11	458	8e-73	 281	plus	0
CP029141.1	FJ687521;cluster_I;Aeromonas_sp._IPPW-29	80.82	365	5935069	61	8	1746708	1747069	1	359	1e-71	 278	plus	0
CP029141.1	FJ687517;cluster_I;Pseudomonas_sp._IPPW-2	80.82	365	5935069	61	8	1746708	1747069	1	359	1e-71	 278	plus	0
CP029141.1	AY768690;cluster_I;Azonexus_fungiphilus	82.35	323	5935069	53	4	1746726	1747046	1	321	1e-71	 278	plus	0
CP029141.1	AB079629;cluster_I;Rhodovulum_strictum	78.17	458	5935069	85	13	1746616	1747067	11	459	1e-71	 278	plus	0
CP029141.1	GU256445;cluster_I;Nitrospirillum_amazonense	80.66	362	5935069	61	8	1746699	1747057	18	373	5e-70	 272	plus	0
CP029141.1	EF158046;cluster_I;Azospira_restricta	84.76	269	5935069	41	0	1746789	1747057	1	269	2e-69	 270	plus	0
CP029141.1	GU256451;cluster_I;Azospirillum_picis	81.18	340	5935069	55	7	1746697	1747033	37	370	8e-68	 265	plus	0
CP029141.1	EF634050;cluster_I;Azotobacter_chroococcum	82.47	308	5935069	48	5	1746759	1747063	1	305	8e-68	 265	plus	0
CP029141.1	EU291983;cluster_I;Ensifer_mexicanus	77.00	474	5935069	100	7	1746867	1747337	1	468	3e-67	 263	plus	0
CP029141.1	EU291980;cluster_I;Sinorhizobium_chiapanecum	76.96	473	5935069	102	5	1746867	1747337	1	468	3e-67	 263	plus	0
CP029141.1	AB191042;cluster_I;Heliobacterium_gestii	72.01	1029	5935069	240	38	1747651	1748658	999	2000	1e-66	 261	plus	0
CP029141.1	EF634053;cluster_I;Azotobacter_chroococcum	81.90	315	5935069	49	7	1746756	1747065	15	326	4e-66	 259	plus	0
CP029141.1	AY644349;cluster_I;Azomonas_macrocytogenes	78.93	356	5935069	75	0	1746711	1747066	7	362	3e-62	 246	plus	0
CP029141.1	GQ289563;cluster_I;Bradyrhizobium_japonicum	76.50	468	5935069	96	12	1746624	1747084	461	1	4e-61	 243	minus	0
CP029141.1	AB191043;cluster_I;Heliobacterium_modesticaldum_Ice1	71.39	1150	5935069	265	49	1747651	1748771	1093	2207	4e-61	 243	plus	0
CP029141.1	EF634055;cluster_I;Azotobacter_chroococcum	82.21	281	5935069	44	5	1746788	1747065	11	288	2e-59	 237	plus	0
CP029141.1	DQ411938;cluster_I;Ensifer_mexicanus	76.92	429	5935069	90	7	1746912	1747337	10	432	6e-59	 235	plus	0
CP029141.1	DQ411939;cluster_I;Ensifer_mexicanus	76.92	429	5935069	90	7	1746912	1747337	10	432	6e-59	 235	plus	0
CP029141.1	ADAF001432;cluster_I;Gluconacetobacter_diazotrophicus	80.59	304	5935069	52	5	1746708	1747009	1	299	1e-56	 228	plus	0
CP029141.1	GQ289567;cluster_III;Bradyrhizobium_japonicum	75.81	463	5935069	92	17	1746632	1747084	453	1	2e-53	 217	minus	0
CP029141.1	AB100830;cluster_I;Heliobacterium_chlorum	76.88	359	5935069	77	6	1746711	1747066	4	359	8e-48	 198	plus	0
CP029141.1	GQ289582;cluster_III;Bradyrhizobium_japonicum	79.84	243	5935069	43	2	1746848	1747084	243	1	5e-40	 172	minus	0
CP029141.1	GQ289570;Unclassified;Bradyrhizobium_japonicum	73.71	464	5935069	110	9	1746624	1747084	455	1	2e-39	 171	minus	0
CP029141.1	GQ289566;cluster_III;Bradyrhizobium_japonicum	79.32	237	5935069	41	4	1746855	1747084	236	1	4e-36	 159	minus	0
CP029141.1	GQ289573;cluster_III;Bradyrhizobium_japonicum	78.48	237	5935069	43	5	1746855	1747084	236	1	9e-33	 148	minus	0
