CP032354.1	V00631;cluster_I;Klebsiella_pneumoniae	88.64	1770	5549034	176	21	2209560	2211318	1803	48	0.0	2132	minus	0
CP032354.1	AY242355;cluster_I;Klebsiella_pneumoniae_342	97.96	883	5549034	16	2	2210191	2211072	882	1	0.0	1530	minus	0
CP032354.1	KPNNIFH;cluster_I;Klebsiella_pneumoniae	91.13	891	5549034	77	2	2210183	2211072	890	1	0.0	1206	minus	0
CP032354.1	X96609;cluster_I;Alcaligenes_faecalis	82.35	867	5549034	147	6	2210203	2211066	1475	612	0.0	 749	minus	0
CP032354.1	FJ593866;cluster_I;Klebsiella_sp._AL060225_04	99.74	389	5549034	1	0	2210600	2210988	389	1	0.0	 713	minus	0
CP032354.1	FJ593865;cluster_I;Klebsiella_sp._AL050511_01	99.74	389	5549034	1	0	2210600	2210988	389	1	0.0	 713	minus	0
CP032354.1	FJ593757;cluster_I;Klebsiella_sp._CRLS069a	99.74	389	5549034	1	0	2210600	2210988	389	1	0.0	 713	minus	0
CP032354.1	FJ593756;cluster_I;Klebsiella_sp._CRLI0715	99.49	389	5549034	2	0	2210600	2210988	389	1	0.0	 708	minus	0
CP032354.1	AVIMONFE;cluster_I;Azotobacter_chroococcum	82.12	839	5549034	137	10	2210236	2211066	1077	244	0.0	 706	minus	0
CP032354.1	FJ593767;cluster_I;Klebsiella_sp._P0643	99.23	389	5549034	3	0	2210600	2210988	389	1	0.0	 702	minus	0
CP032354.1	FJ593766;cluster_I;Klebsiella_sp._P0640	99.23	389	5549034	3	0	2210600	2210988	389	1	0.0	 702	minus	0
CP032354.1	FJ593765;cluster_I;Klebsiella_sp._P0638	99.23	389	5549034	3	0	2210600	2210988	389	1	0.0	 702	minus	0
CP032354.1	FJ593860;cluster_I;Klebsiella_sp._MNS_801b	98.97	389	5549034	4	0	2210600	2210988	389	1	0.0	 697	minus	0
CP032354.1	FJ593864;cluster_I;Klebsiella_sp._MNFG_802	98.97	389	5549034	4	0	2210600	2210988	389	1	0.0	 697	minus	0
CP032354.1	FJ593861;cluster_I;Klebsiella_sp._MNS_801a	98.97	389	5549034	4	0	2210600	2210988	389	1	0.0	 697	minus	0
CP032354.1	FJ593862;cluster_I;Klebsiella_sp._MNW_801b	98.97	389	5549034	4	0	2210600	2210988	389	1	0.0	 697	minus	0
CP032354.1	FJ593863;cluster_I;Klebsiella_sp._MNFG_801b	98.97	389	5549034	4	0	2210600	2210988	389	1	0.0	 697	minus	0
CP032354.1	FJ593760;cluster_I;Klebsiella_sp._CRLS064	98.97	389	5549034	4	0	2210600	2210988	389	1	0.0	 697	minus	0
CP032354.1	FJ593763;cluster_I;Klebsiella_sp._CRLI0718a	98.97	389	5549034	4	0	2210600	2210988	389	1	0.0	 697	minus	0
CP032354.1	FJ593758;cluster_I;Klebsiella_sp._CRPV0610	98.97	389	5549034	4	0	2210600	2210988	389	1	0.0	 697	minus	0
CP032354.1	FJ593759;cluster_I;Klebsiella_sp._CRLS0617	98.97	389	5549034	4	0	2210600	2210988	389	1	0.0	 697	minus	0
CP032354.1	FJ593764;cluster_I;Klebsiella_sp._CRLI0713	98.97	389	5549034	4	0	2210600	2210988	389	1	0.0	 697	minus	0
CP032354.1	FJ593762;cluster_I;Klebsiella_sp._CRLI0728	98.46	389	5549034	6	0	2210600	2210988	389	1	0.0	 686	minus	0
CP032354.1	FJ593761;cluster_I;Klebsiella_sp._CRLI0730	98.20	389	5549034	7	0	2210600	2210988	389	1	0.0	 680	minus	0
CP032354.1	X03916;cluster_I;Azotobacter_chroococcum	81.53	834	5549034	146	8	2210236	2211065	1174	345	0.0	 680	minus	0
CP032354.1	FJ593768;cluster_I;Klebsiella_sp._CRPV0611a	97.43	389	5549034	10	0	2210600	2210988	389	1	0.0	 664	minus	0
CP032354.1	X13519;cluster_I;Azotobacter_vinelandii	81.08	835	5549034	148	9	2210236	2211065	1050	221	0.0	 658	minus	0
CP032354.1	FJ593769;cluster_I;Klebsiella_sp._P0646	96.92	389	5549034	12	0	2210600	2210988	389	1	0.0	 652	minus	0
CP032354.1	AY846276;cluster_I;Klebsiella_pneumoniae	95.91	391	5549034	15	1	2210666	2211055	10	400	2e-178	 632	plus	0
CP032354.1	FJ822998;cluster_I;Klebsiella_sp._gx-3	98.33	359	5549034	6	0	2210600	2210958	4	362	7e-178	 630	plus	0
CP032354.1	EU938522;cluster_I;Burkholderia_sp._gx97	97.77	359	5549034	8	0	2210600	2210958	359	1	1e-174	 619	minus	0
CP032354.1	FJ822994;cluster_I;Sinorhizobium_sp._gx-153	98.29	350	5549034	6	0	2210600	2210949	4	353	7e-173	 614	plus	0
CP032354.1	AY367394;cluster_I;Klebsiella_variicola	99.70	333	5549034	1	0	2210626	2210958	334	2	9e-172	 610	minus	0
CP032354.1	AY367395;cluster_I;Klebsiella_variicola	99.40	336	5549034	2	0	2210600	2210935	336	1	9e-172	 610	minus	0
CP032354.1	AY367392;cluster_I;Klebsiella_variicola	98.51	336	5549034	5	0	2210623	2210958	337	2	9e-167	 593	minus	0
CP032354.1	AY367393;cluster_I;Klebsiella_variicola	98.21	336	5549034	6	0	2210600	2210935	336	1	4e-165	 588	minus	0
CP032354.1	AB189641;cluster_I;Halorhodospira_halophila	79.73	804	5549034	157	6	2210251	2211051	1031	231	9e-162	 577	minus	0
CP032354.1	AB270756;cluster_I;Klebsiella_pneumoniae	99.06	319	5549034	3	0	2210641	2210959	360	42	1e-160	 573	minus	0
CP032354.1	DQ364801;cluster_I;Klebsiella_sp._BM92	97.81	320	5549034	7	0	2210642	2210961	320	1	1e-154	 553	minus	0
CP032354.1	FJ593867;cluster_I;Klebsiella_sp._AL060224_03	92.03	389	5549034	31	0	2210600	2210988	389	1	7e-153	 547	minus	0
CP032354.1	DQ821722;cluster_I;Sphingomonas_sp._Y49	96.89	322	5549034	10	0	2210617	2210938	322	1	1e-150	 540	minus	0
CP032354.1	KSU32183;cluster_I;Klebsiella_sp.	94.69	339	5549034	17	1	2210684	2211021	339	1	1e-150	 540	minus	0
CP032354.1	DQ821723;cluster_I;Klebsiella_sp._Y57	96.27	322	5549034	12	0	2210617	2210938	322	1	2e-147	 529	minus	0
CP032354.1	AJ563286;cluster_I;Dechloromonas_sp._SIUL	81.02	669	5549034	119	7	2210315	2210979	677	13	3e-146	 525	minus	0
CP032354.1	AF031817;cluster_I;Rhodobacter_sphaeroides	77.49	822	5549034	157	21	2210248	2211055	1090	283	5e-129	 468	minus	0
CP032354.1	GQ381287;cluster_I;Klebsiella_sp._SZ7-2	89.42	359	5549034	35	2	2210600	2210958	356	1	2e-123	 449	minus	0
CP032354.1	AY221827;cluster_I;Klebsiella_oxytoca_KCTC_1686	90.52	327	5549034	31	0	2210614	2210940	327	1	2e-118	 433	minus	0
CP032354.1	FJ593868;cluster_I;Enterobacter_sp._MTP_050512_17	86.63	389	5549034	52	0	2210600	2210988	389	1	7e-118	 431	minus	0
CP032354.1	EU622783;cluster_I;Thiocapsa_bogorovii	84.74	426	5549034	63	2	2210600	2211024	449	25	3e-116	 425	minus	0
CP032354.1	AB542353;cluster_I;Azospirillum_sp._TSA36t	79.63	599	5549034	113	7	2210374	2210969	615	23	4e-115	 422	minus	0
CP032354.1	AY373368;cluster_I;Paenibacillus_sp._g2	89.91	327	5549034	33	0	2210635	2210961	327	1	4e-115	 422	minus	0
CP032354.1	EF199951;cluster_I;Halorhodospira_halophila	83.52	449	5549034	74	0	2210600	2211048	449	1	2e-114	 420	minus	0
CP032354.1	AY373369;cluster_I;Bacillus_cereus	89.60	327	5549034	34	0	2210635	2210961	331	5	2e-113	 416	minus	0
CP032354.1	AY367396;cluster_I;Raoultella_terrigena	89.16	332	5549034	36	0	2210627	2210958	332	1	7e-113	 414	minus	0
CP032354.1	AY373371;cluster_I;Bacillus_sp._w5	89.30	327	5549034	35	0	2210635	2210961	327	1	9e-112	 411	minus	0
CP032354.1	X63352;cluster_I;Rhodobacter_capsulatus	76.01	842	5549034	175	20	2210237	2211063	2132	1303	9e-112	 411	minus	0
CP032354.1	FJ347438;cluster_I;Bradyrhizobium_sp._ORS_330	80.25	557	5549034	97	12	2210393	2210944	549	1	1e-110	 407	minus	0
CP032354.1	EF200511;cluster_I;Klebsiella_sp._TT001	90.79	304	5549034	28	0	2210625	2210928	304	1	1e-110	 407	minus	0
CP032354.1	EF200510;cluster_I;Klebsiella_sp._NTI31	90.79	304	5549034	28	0	2210625	2210928	304	1	1e-110	 407	minus	0
CP032354.1	FJ347445;cluster_I;Bradyrhizobium_sp._ORS_361	79.64	560	5549034	103	10	2210389	2210944	553	1	4e-110	 405	minus	0
CP032354.1	FJ347430;cluster_I;Bradyrhizobium_sp._ORS_307	79.71	557	5549034	100	12	2210393	2210944	549	1	4e-110	 405	minus	0
CP032354.1	FJ032021;cluster_I;Klebsiella_sp._BN-4A	90.29	309	5549034	30	0	2210666	2210974	309	1	4e-110	 405	minus	0
CP032354.1	X07866;cluster_I;Rhodobacter_capsulatus_SB_1003	75.89	842	5549034	176	20	2210237	2211063	934	105	4e-110	 405	minus	0
CP032354.1	FJ593777;cluster_I;Pantoea_sp._CRLI0725a	85.35	389	5549034	57	0	2210600	2210988	389	1	2e-109	 403	minus	0
CP032354.1	FJ593779;cluster_I;Pantoea_sp._A0305	85.35	389	5549034	57	0	2210600	2210988	389	1	2e-109	 403	minus	0
CP032354.1	FJ593780;cluster_I;Pantoea_sp._P0352	85.35	389	5549034	57	0	2210600	2210988	389	1	2e-109	 403	minus	0
CP032354.1	FJ593778;cluster_I;Pantoea_sp._P0359	85.35	389	5549034	57	0	2210600	2210988	389	1	2e-109	 403	minus	0
CP032354.1	FJ347446;cluster_I;Bradyrhizobium_sp._ORS_372	79.89	557	5549034	99	12	2210393	2210944	549	1	2e-109	 403	minus	0
CP032354.1	FJ347449;cluster_I;Bradyrhizobium_sp._ORS_391	79.96	559	5549034	103	8	2210389	2210944	553	1	2e-109	 403	minus	0
CP032354.1	FJ347434;cluster_I;Bradyrhizobium_sp._ORS_318	79.68	556	5549034	102	10	2210393	2210944	549	1	2e-109	 403	minus	0
CP032354.1	FJ347439;cluster_I;Bradyrhizobium_sp._ORS_331	79.96	559	5549034	103	8	2210389	2210944	553	1	2e-109	 403	minus	0
CP032354.1	FJ347422;cluster_I;Bradyrhizobium_sp._ORS_294	79.68	556	5549034	102	10	2210393	2210944	549	1	2e-109	 403	minus	0
CP032354.1	FJ347424;cluster_I;Bradyrhizobium_sp._ORS_298	79.30	570	5549034	107	10	2210379	2210944	563	1	2e-109	 403	minus	0
CP032354.1	AY373365;cluster_I;Bacillus_megaterium	89.38	320	5549034	34	0	2210642	2210961	320	1	2e-109	 403	minus	0
CP032354.1	FJ347443;cluster_I;Bradyrhizobium_sp._ORS_356	79.46	560	5549034	104	10	2210389	2210944	553	1	6e-109	 401	minus	0
CP032354.1	HM047125;cluster_I;Bradyrhizobium_denitrificans	79.12	594	5549034	115	8	2210379	2210969	619	32	6e-109	 401	minus	0
CP032354.1	FJ347427;cluster_I;Bradyrhizobium_sp._ORS_303	79.46	560	5549034	104	10	2210389	2210944	553	1	2e-108	 399	minus	0
CP032354.1	AF545637;cluster_I;Pantoea_agglomerans	86.83	357	5549034	47	0	2210674	2211030	360	4	2e-108	 399	minus	0
CP032354.1	FJ347436;cluster_I;Bradyrhizobium_sp._ORS_327	79.51	571	5549034	104	12	2210379	2210944	563	1	7e-108	 398	minus	0
CP032354.1	FJ347418;cluster_I;Bradyrhizobium_sp._ORS_277	79.89	557	5549034	99	12	2210393	2210944	549	1	7e-108	 398	minus	0
CP032354.1	FJ347448;cluster_I;Bradyrhizobium_sp._ORS_377	79.61	559	5549034	105	8	2210389	2210944	553	1	3e-107	 396	minus	0
CP032354.1	FJ347420;cluster_I;Bradyrhizobium_sp._ORS_285	79.51	571	5549034	104	12	2210379	2210944	563	1	3e-107	 396	minus	0
CP032354.1	AB542360;cluster_I;Azospirillum_sp._TSH19	79.41	573	5549034	109	8	2210374	2210943	568	2	3e-107	 396	minus	0
CP032354.1	AB542367;cluster_I;Azospirillum_sp._TSH100	79.37	572	5549034	109	8	2210374	2210942	566	1	9e-107	 394	minus	0
CP032354.1	AB542349;cluster_I;Azospirillum_sp._TSA20c	78.80	599	5549034	118	7	2210374	2210969	621	29	9e-107	 394	minus	0
CP032354.1	AB542346;cluster_I;Azospirillum_sp._TSA16	78.80	599	5549034	118	7	2210374	2210969	600	8	9e-107	 394	minus	0
CP032354.1	AB542338;cluster_I;Azospirillum_sp._TSA6c	78.80	599	5549034	118	7	2210374	2210969	621	29	9e-107	 394	minus	0
CP032354.1	AY373366;cluster_I;Bacillus_sp._c6	88.38	327	5549034	38	0	2210635	2210961	327	1	9e-107	 394	minus	0
CP032354.1	FJ347423;cluster_I;Bradyrhizobium_sp._ORS_297	79.71	557	5549034	100	12	2210393	2210944	549	1	3e-106	 392	minus	0
CP032354.1	EU622788;cluster_I;Allochromatium_minutissimum	82.44	450	5549034	77	2	2210600	2211048	449	1	3e-106	 392	minus	0
CP032354.1	FJ347426;cluster_I;Bradyrhizobium_sp._ORS_301	79.35	557	5549034	102	12	2210393	2210944	549	1	1e-105	 390	minus	0
CP032354.1	FJ347421;cluster_I;Bradyrhizobium_sp._ORS_287	79.35	557	5549034	102	12	2210393	2210944	549	1	1e-105	 390	minus	0
CP032354.1	FJ347441;cluster_I;Bradyrhizobium_sp._ORS_344	78.99	557	5549034	104	12	2210393	2210944	549	1	4e-105	 388	minus	0
CP032354.1	DQ364804;cluster_I;Klebsiella_sp._JT42	88.11	328	5549034	37	2	2210635	2210961	327	1	4e-105	 388	minus	0
CP032354.1	GU001626;cluster_I;Bradyrhizobium_japonicum	78.36	633	5549034	112	22	2210379	2211000	57	675	2e-104	 387	plus	0
CP032354.1	GU001618;cluster_I;Bradyrhizobium_cytisi	77.88	660	5549034	121	22	2210321	2210969	671	26	2e-104	 387	minus	0
CP032354.1	GU001631;cluster_I;Bradyrhizobium_japonicum	78.36	633	5549034	112	22	2210379	2211000	57	675	2e-104	 387	plus	0
CP032354.1	GU001628;cluster_I;Bradyrhizobium_japonicum	78.36	633	5549034	112	22	2210379	2211000	57	675	2e-104	 387	plus	0
CP032354.1	GQ381290;cluster_I;Klebsiella_pneumoniae	88.47	321	5549034	35	2	2210600	2210920	331	13	2e-104	 387	minus	0
CP032354.1	FJ347435;cluster_I;Bradyrhizobium_sp._ORS_324	79.32	556	5549034	104	10	2210393	2210944	549	1	2e-104	 387	minus	0
CP032354.1	GU001633;cluster_I;Bradyrhizobium_canariense	77.52	685	5549034	125	26	2210329	2211000	7	675	6e-104	 385	plus	0
CP032354.1	FJ347447;cluster_I;Bradyrhizobium_sp._ORS_375	78.82	557	5549034	105	12	2210393	2210944	549	1	6e-104	 385	minus	0
CP032354.1	FJ347437;cluster_I;Bradyrhizobium_sp._ORS_328	78.97	561	5549034	105	12	2210389	2210944	553	1	6e-104	 385	minus	0
CP032354.1	FJ347425;cluster_I;Bradyrhizobium_sp._ORS_300	79.14	561	5549034	104	12	2210389	2210944	553	1	2e-103	 383	minus	0
CP032354.1	FJ032022;cluster_I;Klebsiella_sp._AF-4C	89.00	309	5549034	34	0	2210666	2210974	311	3	2e-103	 383	minus	0
CP032354.1	FJ822999;cluster_I;Stenotrophomonas_sp._gx-44	85.64	362	5549034	52	0	2210597	2210958	1	362	7e-103	 381	plus	0
CP032354.1	GQ381289;cluster_I;Paenibacillus_sp._SZ002	88.16	321	5549034	35	3	2210600	2210920	327	10	3e-102	 379	minus	0
CP032354.1	FJ347451;cluster_I;Bradyrhizobium_sp._ORS_400	78.70	568	5549034	110	10	2210381	2210944	561	1	3e-102	 379	minus	0
CP032354.1	FJ347419;cluster_I;Bradyrhizobium_sp._ORS_279	78.61	561	5549034	107	12	2210389	2210944	553	1	3e-101	 375	minus	0
CP032354.1	FJ347433;cluster_I;Bradyrhizobium_sp._ORS_310	78.39	560	5549034	110	10	2210389	2210944	553	1	4e-100	 372	minus	0
CP032354.1	EU693339;cluster_I;Bacillus_sp._Z7	83.67	392	5549034	64	0	2210582	2210973	427	36	2e-99	 370	minus	0
CP032354.1	EU693340;cluster_I;Bacillus_sp._Z19	82.81	413	5549034	69	2	2210582	2210994	428	18	6e-99	 368	minus	0
CP032354.1	GU001627;cluster_I;Bradyrhizobium_rifense	77.34	662	5549034	121	25	2210321	2210969	671	26	7e-98	 364	minus	0
CP032354.1	GQ289574;cluster_I/IA;Bradyrhizobium_japonicum	81.03	464	5549034	82	6	2210582	2211042	1	461	7e-98	 364	plus	0
CP032354.1	FJ822997;cluster_I;Pseudomonas_sp._gx-127	85.00	360	5549034	52	2	2210600	2210958	4	362	7e-98	 364	plus	0
CP032354.1	EU693338;cluster_I;Azotobacter_chroococcum	82.65	415	5549034	69	3	2210582	2210994	434	21	7e-98	 364	minus	0
CP032354.1	EU693341;cluster_I;Acinetobacter_sp._Z21	83.55	389	5549034	64	0	2210582	2210970	429	41	7e-98	 364	minus	0
CP032354.1	GU001619;cluster_I;Bradyrhizobium_cytisi	77.22	663	5549034	120	26	2210321	2210969	671	26	3e-96	 359	minus	0
CP032354.1	AB542356;cluster_I;Azospirillum_sp._TSH2	78.46	571	5549034	108	11	2210379	2210943	562	1	3e-96	 359	minus	0
CP032354.1	EU693342;cluster_I;Bacillus_sp._Z22	82.60	408	5549034	70	1	2210582	2210988	436	29	3e-96	 359	minus	0
CP032354.1	AB542357;cluster_I;Azospirillum_sp._TSH5	78.38	569	5549034	108	11	2210379	2210941	560	1	4e-95	 355	minus	0
CP032354.1	AB542358;cluster_I;Azospirillum_sp._TSH6	78.38	569	5549034	108	11	2210379	2210941	560	1	4e-95	 355	minus	0
CP032354.1	AB542359;cluster_I;Azospirillum_sp._TSH10	78.38	569	5549034	108	11	2210379	2210941	560	1	4e-95	 355	minus	0
CP032354.1	AB542361;cluster_I;Azospirillum_sp._TSH21	78.13	567	5549034	115	7	2210374	2210937	571	11	6e-94	 351	minus	0
CP032354.1	AB542347;cluster_I;Azospirillum_sp._TSA18	78.13	567	5549034	115	7	2210374	2210937	567	7	6e-94	 351	minus	0
CP032354.1	AB542337;cluster_I;Azospirillum_sp._TSA2s	78.13	567	5549034	115	7	2210374	2210937	565	5	6e-94	 351	minus	0
CP032354.1	AB542344;cluster_I;Azospirillum_sp._TSA15c	78.13	567	5549034	115	7	2210374	2210937	565	5	6e-94	 351	minus	0
CP032354.1	AB542340;cluster_I;Azospirillum_sp._TSA11	78.13	567	5549034	115	7	2210374	2210937	567	7	6e-94	 351	minus	0
CP032354.1	AB542343;cluster_I;Azospirillum_sp._TSA14w	78.13	567	5549034	115	7	2210374	2210937	569	9	6e-94	 351	minus	0
CP032354.1	AB542348;cluster_I;Azospirillum_sp._TSA19	78.07	561	5549034	114	7	2210374	2210931	558	4	3e-92	 346	minus	0
CP032354.1	AB542341;cluster_I;Azospirillum_sp._TSA12	78.07	561	5549034	114	7	2210374	2210931	558	4	3e-92	 346	minus	0
CP032354.1	AB542366;cluster_I;Azospirillum_sp._TSH96	78.15	563	5549034	108	11	2210381	2210937	557	4	1e-91	 344	minus	0
CP032354.1	AB542364;cluster_I;Azospirillum_sp._TSH78	77.86	569	5549034	111	11	2210381	2210943	561	2	4e-90	 339	minus	0
CP032354.1	FJ822995;cluster_I;Agrobacterium_tumefaciens	83.29	359	5549034	60	0	2210600	2210958	4	362	8e-88	 331	plus	0
CP032354.1	GQ289580;cluster_I/IA;Bradyrhizobium_japonicum	79.53	464	5549034	89	6	2210582	2211042	1	461	3e-86	 326	plus	0
CP032354.1	U97116;cluster_I;Azoarcus_communis	80.68	414	5549034	74	5	2210614	2211024	411	1	2e-83	 316	minus	0
CP032354.1	DQ787333;cluster_I;Azospirillum_lipoferum	80.27	441	5549034	70	12	2210600	2211033	446	16	2e-83	 316	minus	0
CP032354.1	AB079621;cluster_I;Rhodobacter_azotoformans	79.82	456	5549034	75	13	2210600	2211048	458	13	2e-83	 316	minus	0
CP032354.1	FJ687522;cluster_I;Aeromonas_sp._IPPW-33a	82.37	363	5549034	62	2	2210597	2210958	362	1	8e-83	 315	minus	0
CP032354.1	AF484657;cluster_I;Methylobacterium_sp._xct7	79.35	460	5549034	83	10	2210498	2210953	452	1	3e-82	 313	minus	0
CP032354.1	DQ787331;cluster_I;Azospirillum_lipoferum	79.47	453	5549034	82	9	2210600	2211048	446	1	1e-81	 311	minus	0
CP032354.1	DQ787334;cluster_I;Azospirillum_lipoferum	79.91	438	5549034	77	9	2210600	2211033	446	16	1e-81	 311	minus	0
CP032354.1	DQ787332;cluster_I;Azospirillum_lipoferum	79.91	438	5549034	77	9	2210600	2211033	446	16	1e-81	 311	minus	0
CP032354.1	AB161454;cluster_I;Pleomorphomonas_oryzae	80.14	423	5549034	75	6	2210628	2211047	417	1	1e-80	 307	minus	0
CP032354.1	EF626686;cluster_I;Azonexus_hydrophilus	82.89	339	5549034	56	2	2210609	2210946	338	1	2e-79	 303	minus	0
CP032354.1	V01215;cluster_I;Sinorhizobium_meliloti	77.76	517	5549034	100	15	2210555	2211065	676	169	2e-79	 303	minus	0
CP032354.1	DQ029203;cluster_I;Azonexus_caeni	84.44	302	5549034	47	0	2210612	2210913	307	6	8e-78	 298	minus	0
CP032354.1	EF626684;cluster_I;Azonexus_hydrophilus_DSM_23864	82.60	339	5549034	57	2	2210609	2210946	338	1	8e-78	 298	minus	0
CP032354.1	EF626685;cluster_I;Azonexus_hydrophilus	82.60	339	5549034	57	2	2210609	2210946	338	1	8e-78	 298	minus	0
CP032354.1	AB430882;cluster_I;Azotobacter_chroococcum	83.28	323	5549034	52	2	2210617	2210938	322	1	3e-77	 296	minus	0
CP032354.1	AY351672;cluster_I;Azotobacter_chroococcum	83.23	322	5549034	52	2	2210620	2210940	321	1	1e-76	 294	minus	0
CP032354.1	FJ643446;cluster_I;Sinorhizobium_meliloti	76.43	560	5549034	118	14	2210495	2211048	187	738	1e-75	 291	plus	0
CP032354.1	AB079622;cluster_I;Rhodobacter_sp._AP-10	78.63	454	5549034	86	7	2210599	2211048	459	13	1e-75	 291	minus	0
CP032354.1	FJ687521;cluster_I;Aeromonas_sp._IPPW-29	81.37	365	5549034	59	9	2210597	2210958	359	1	5e-75	 289	minus	0
CP032354.1	FJ687517;cluster_I;Pseudomonas_sp._IPPW-2	81.37	365	5549034	59	9	2210597	2210958	359	1	5e-75	 289	minus	0
CP032354.1	FN813553;cluster_I;Azospirillum_zeae	81.32	364	5549034	61	5	2210597	2210958	359	1	5e-75	 289	minus	0
CP032354.1	FN813552;cluster_I;Azospirillum_zeae	81.32	364	5549034	61	5	2210597	2210958	359	1	5e-75	 289	minus	0
CP032354.1	FN813561;cluster_I;Azospirillum_zeae	81.37	365	5549034	59	7	2210597	2210958	359	1	5e-75	 289	minus	0
CP032354.1	DQ682472;cluster_I;Azospirillum_zeae	81.22	362	5549034	59	7	2210600	2210958	357	2	2e-74	 287	minus	0
CP032354.1	AY768690;cluster_I;Azonexus_fungiphilus	82.61	322	5549034	54	2	2210620	2210940	321	1	2e-73	 283	minus	0
CP032354.1	DQ682471;cluster_I;Azospirillum_zeae	81.34	359	5549034	58	7	2210600	2210955	353	1	2e-73	 283	minus	0
CP032354.1	EF634041;cluster_I;Rhizobium_gallicum	82.26	327	5549034	57	1	2210626	2210952	1	326	8e-73	 281	plus	0
CP032354.1	AB489139;cluster_I;Paenibacillus_abekawaensis	77.62	478	5549034	96	9	2210339	2210812	903	433	3e-72	 279	minus	0
CP032354.1	DQ413016;cluster_I;Sinorhizobium_meliloti	77.59	473	5549034	97	9	2210495	2210964	513	47	1e-71	 278	minus	0
CP032354.1	EU252599;cluster_I;Sinorhizobium_meliloti	77.59	473	5549034	97	9	2210495	2210964	505	39	1e-71	 278	minus	0
CP032354.1	AB182912;cluster_I;Pleomorphomonas_oryzae	79.22	409	5549034	76	6	2210628	2211033	407	5	4e-71	 276	minus	0
CP032354.1	GU256453;cluster_I;Azospirillum_zeae	81.34	343	5549034	57	5	2210629	2210969	374	37	5e-70	 272	minus	0
CP032354.1	GQ161241;cluster_I;Azospirillum_brasilense	80.72	363	5549034	59	8	2210600	2210958	356	1	5e-70	 272	minus	0
CP032354.1	EU418411;cluster_I;Rhizobium_gallicum	75.38	585	5549034	133	11	2210387	2210967	614	37	5e-70	 272	minus	0
CP032354.1	EU386145;cluster_I;Rhizobium_sp._NGR181	79.80	391	5549034	66	10	2210489	2210874	426	44	5e-70	 272	minus	0
CP032354.1	GQ503352;cluster_I;Mesorhizobium_ciceri	75.25	594	5549034	134	13	2210379	2210967	89	674	2e-69	 270	plus	0
CP032354.1	EF199958;cluster_I;Thioalkalispira_microaerophila	80.34	356	5549034	70	0	2210627	2210982	383	28	2e-69	 270	minus	0
CP032354.1	DQ029204;cluster_I;Azonexus_fungiphilus	83.05	295	5549034	50	0	2210611	2210905	308	14	6e-69	 268	minus	0
CP032354.1	AB185395;cluster_I;Azospirillum_oryzae	79.01	405	5549034	76	7	2210620	2211021	408	10	6e-69	 268	minus	0
CP032354.1	AY934874;cluster_I;Sinorhizobium_sp._CCBAU_33036A	77.26	475	5549034	97	10	2210494	2210964	522	55	6e-69	 268	minus	0
CP032354.1	AB182913;cluster_I;Pleomorphomonas_oryzae	79.15	398	5549034	74	6	2210628	2211022	396	5	2e-68	 267	minus	0
CP032354.1	EU581815;cluster_I;Sinorhizobium_meliloti	77.17	473	5549034	99	8	2210495	2210964	500	34	2e-68	 267	minus	0
CP032354.1	EU379970;cluster_I;Sinorhizobium_meliloti	77.17	473	5549034	99	8	2210495	2210964	506	40	2e-68	 267	minus	0
CP032354.1	AJ457920;cluster_I;Sinorhizobium_sp._Rch-9868	77.38	473	5549034	92	14	2210495	2210961	528	65	2e-68	 267	minus	0
CP032354.1	EU581816;cluster_I;Sinorhizobium_meliloti	77.17	473	5549034	99	8	2210495	2210964	500	34	2e-68	 267	minus	0
CP032354.1	EF153400;cluster_I;Sinorhizobium_meliloti	78.69	413	5549034	79	9	2210555	2210964	446	40	2e-68	 267	minus	0
CP032354.1	AY934877;cluster_I;Sinorhizobium_sp._CCBAU_53044B	78.69	413	5549034	79	9	2210555	2210964	462	56	2e-68	 267	minus	0
CP032354.1	EU707160;cluster_I;Sinorhizobium_meliloti	78.69	413	5549034	79	9	2210555	2210964	424	18	2e-68	 267	minus	0
CP032354.1	EU252600;cluster_I;Sinorhizobium_sp._CCBAU_83317	78.69	413	5549034	79	9	2210555	2210964	446	40	2e-68	 267	minus	0
CP032354.1	AB079632;cluster_I;Rhodobacter_blasticus_DSM_2131	77.53	454	5549034	89	9	2210600	2211048	458	13	8e-68	 265	minus	0
CP032354.1	AB182911;cluster_I;Pleomorphomonas_oryzae	79.09	397	5549034	74	6	2210629	2211022	394	4	8e-68	 265	minus	0
CP032354.1	EU379969;cluster_I;Sinorhizobium_meliloti	76.71	498	5549034	102	13	2210555	2211048	247	734	8e-68	 265	plus	0
CP032354.1	AB182910;cluster_I;Pleomorphomonas_oryzae	78.86	402	5549034	76	6	2210635	2211033	400	5	3e-67	 263	minus	0
CP032354.1	DQ413015;cluster_I;Rhizobium_leguminosarum_bv._viciae	79.43	384	5549034	70	8	2210494	2210874	514	137	3e-67	 263	minus	0
CP032354.1	AJ457919;cluster_I;Sinorhizobium_sp._Rch-9813	77.17	473	5549034	93	14	2210495	2210961	528	65	1e-66	 261	minus	0
CP032354.1	EF070145;cluster_I;Sinorhizobium_meliloti	78.45	413	5549034	80	9	2210555	2210964	415	9	1e-66	 261	minus	0
CP032354.1	EU418418;cluster_I;Sinorhizobium_meliloti	78.45	413	5549034	80	9	2210555	2210964	440	34	1e-66	 261	minus	0
CP032354.1	EU418412;cluster_I;Rhizobium_mongolense	75.04	585	5549034	135	11	2210387	2210967	614	37	1e-66	 261	minus	0
CP032354.1	EF158046;cluster_I;Azospira_restricta	84.01	269	5549034	43	0	2210609	2210877	269	1	4e-66	 259	minus	0
CP032354.1	EU770978;cluster_I;Rhizobium_leguminosarum	75.40	561	5549034	123	14	2210494	2211048	552	1	1e-65	 257	minus	0
CP032354.1	GU256450;cluster_I;Azospirillum_melinis	80.53	339	5549034	59	5	2210633	2210969	368	35	2e-64	 254	minus	0
CP032354.1	GQ411215;cluster_I;Bacillus_sp._SUND_LM2	87.91	215	5549034	25	1	2210747	2210961	314	101	6e-64	 252	minus	0
CP032354.1	EU407189;cluster_I;Rhizobium_tibeticum	74.53	585	5549034	140	8	2210386	2210967	604	26	3e-62	 246	minus	0
CP032354.1	EU770979;cluster_I;Rhizobium_leguminosarum	75.04	561	5549034	125	14	2210494	2211048	552	1	3e-62	 246	minus	0
CP032354.1	EU581817;cluster_I;Sinorhizobium_meliloti	76.32	473	5549034	103	8	2210495	2210964	497	31	1e-61	 244	minus	0
CP032354.1	GU256451;cluster_I;Azospirillum_picis	80.06	341	5549034	57	7	2210633	2210969	370	37	4e-61	 243	minus	0
CP032354.1	AY929545;cluster_I;Rhizobium_sp._USDA_1920	78.12	393	5549034	77	9	2210407	2210796	387	1	1e-60	 241	minus	0
CP032354.1	AY929537;cluster_I;Rhizobium_mongolense	78.12	393	5549034	77	9	2210407	2210796	387	1	1e-60	 241	minus	0
CP032354.1	AY929538;cluster_I;Rhizobium_mongolense	78.12	393	5549034	77	9	2210407	2210796	387	1	1e-60	 241	minus	0
CP032354.1	AY929541;cluster_I;Rhizobium_yanglingense	78.12	393	5549034	77	9	2210407	2210796	387	1	1e-60	 241	minus	0
CP032354.1	AB079628;cluster_I;Rhodovulum_strictum	76.65	454	5549034	93	9	2210600	2211048	458	13	5e-60	 239	minus	0
CP032354.1	GQ411209;cluster_I;Bacillus_megaterium	89.01	191	5549034	21	0	2210772	2210962	338	148	2e-59	 237	minus	0
CP032354.1	AB079629;cluster_I;Rhodovulum_strictum	76.48	455	5549034	94	9	2210599	2211048	459	13	6e-59	 235	minus	0
CP032354.1	AB191042;cluster_I;Heliobacterium_gestii	71.22	1025	5549034	255	36	2209008	2210015	2000	999	5e-55	 222	minus	0
CP032354.1	EU177583;cluster_I;Sinorhizobium_meliloti	74.91	554	5549034	106	26	2210495	2211042	231	757	5e-55	 222	plus	0
CP032354.1	EF620478;cluster_I;Azotobacter_chroococcum	79.23	337	5549034	55	15	2210617	2210943	332	1	2e-54	 220	minus	0
CP032354.1	AY079181;cluster_I;Rhizobium_tropici	76.98	391	5549034	85	4	2210374	2210763	387	1	6e-54	 219	minus	0
CP032354.1	EU697999;cluster_I;Mesorhizobium_temperatum	84.80	204	5549034	29	2	2210498	2210700	233	31	2e-49	 204	minus	0
CP032354.1	DQ315787;cluster_I;Anabaena_variabilis_ATCC_29413	72.59	686	5549034	160	23	2210376	2211048	704	34	2e-48	 200	minus	0
CP032354.1	AH000924;cluster_I;Rhizobium_sp.	74.58	472	5549034	108	11	2209039	2209504	773	308	3e-47	 196	minus	0
CP032354.1	AH000924;cluster_I;Rhizobium_sp.	86.42	81	5549034	8	3	2208165	2208243	116	37	6e-14	86.1	minus	0
CP032354.1	DQ407288;cluster_I;Mesorhizobium_tianshanense	77.34	331	5549034	69	6	2210379	2210706	329	2	1e-45	 191	minus	0
CP032354.1	AJ968685;cluster_I;Microbacterium_sp._ORS_1418	77.26	343	5549034	65	12	2210612	2210949	335	1	5e-45	 189	minus	0
CP032354.1	DQ407287;cluster_I;Mesorhizobium_tianshanense	77.20	329	5549034	68	7	2210379	2210703	329	4	6e-44	 185	minus	0
CP032354.1	DQ407295;cluster_I;Mesorhizobium_ciceri	77.23	325	5549034	68	6	2210379	2210700	322	1	6e-44	 185	minus	0
CP032354.1	AJ968687;cluster_I;Microbacterium_sp._ORS_1417	76.95	334	5549034	66	10	2210620	2210949	329	3	3e-42	 180	minus	0
CP032354.1	AJ968686;cluster_I;Agromyces_sp._ORS_1437	79.10	268	5549034	43	12	2210612	2210874	312	53	5e-40	 172	minus	0
CP032354.1	AVU89346;cluster_I;Anabaena_variabilis_ATCC_29413	71.49	691	5549034	179	16	2210372	2211054	1097	417	6e-39	 169	minus	0
CP032354.1	Z31716;cluster_I;Nostoc_sp._PCC_6720	71.35	691	5549034	180	16	2210372	2211054	1234	554	3e-37	 163	minus	0
CP032354.1	FJ712276;cluster_I;Rhizobium_petrolearium	76.74	301	5549034	63	7	2210666	2210964	331	36	1e-36	 161	minus	0
CP032354.1	EF560698;cluster_III;Chlorobaculum_macestae	77.29	229	5549034	44	5	2210600	2210821	449	222	1e-26	 128	minus	0
CP032354.1	DQ364798;cluster_I;Paenibacillus_sp._GJ24	79.66	177	5549034	33	2	2210635	2210811	324	151	1e-25	 124	minus	0
CP032354.1	DQ364799;cluster_I;Paenibacillus_sp._GA12	79.10	177	5549034	34	2	2210635	2210811	324	151	6e-24	 119	minus	0
CP032354.1	AY373370;cluster_I;Paenibacillus_massiliensis	77.91	172	5549034	35	2	2210635	2210806	306	138	2e-19	 104	minus	0
CP032354.1	NOSGLBN;cluster_I;Nostoc_sp.	77.12	153	5549034	30	5	2210904	2211054	1184	1035	2e-13	84.2	minus	0
CP032354.1	RHMNIFHA;cluster_I;Sinorhizobium_meliloti	92.68	41	5549034	3	0	2210924	2210964	44	4	4e-06	60.2	minus	0
