LR130543.1	V00631;cluster_I;Klebsiella_pneumoniae	88.76	1771	5368944	175	20	1716685	1718444	1803	46	0.0	2146	minus	0
LR130543.1	AY242355;cluster_I;Klebsiella_pneumoniae_342	97.96	883	5368944	16	2	1717316	1718197	882	1	0.0	1530	minus	0
LR130543.1	KPNNIFH;cluster_I;Klebsiella_pneumoniae	91.13	891	5368944	77	2	1717308	1718197	890	1	0.0	1206	minus	0
LR130543.1	X96609;cluster_I;Alcaligenes_faecalis	82.35	867	5368944	147	6	1717328	1718191	1475	612	0.0	 749	minus	0
LR130543.1	AVIMONFE;cluster_I;Azotobacter_chroococcum	82.46	838	5368944	136	8	1717361	1718191	1077	244	0.0	 723	minus	0
LR130543.1	FJ593767;cluster_I;Klebsiella_sp._P0643	99.49	389	5368944	2	0	1717725	1718113	389	1	0.0	 708	minus	0
LR130543.1	FJ593766;cluster_I;Klebsiella_sp._P0640	99.49	389	5368944	2	0	1717725	1718113	389	1	0.0	 708	minus	0
LR130543.1	FJ593765;cluster_I;Klebsiella_sp._P0638	99.49	389	5368944	2	0	1717725	1718113	389	1	0.0	 708	minus	0
LR130543.1	FJ593757;cluster_I;Klebsiella_sp._CRLS069a	99.49	389	5368944	2	0	1717725	1718113	389	1	0.0	 708	minus	0
LR130543.1	FJ593760;cluster_I;Klebsiella_sp._CRLS064	99.23	389	5368944	3	0	1717725	1718113	389	1	0.0	 702	minus	0
LR130543.1	FJ593763;cluster_I;Klebsiella_sp._CRLI0718a	99.23	389	5368944	3	0	1717725	1718113	389	1	0.0	 702	minus	0
LR130543.1	FJ593756;cluster_I;Klebsiella_sp._CRLI0715	99.23	389	5368944	3	0	1717725	1718113	389	1	0.0	 702	minus	0
LR130543.1	FJ593758;cluster_I;Klebsiella_sp._CRPV0610	99.23	389	5368944	3	0	1717725	1718113	389	1	0.0	 702	minus	0
LR130543.1	FJ593759;cluster_I;Klebsiella_sp._CRLS0617	99.23	389	5368944	3	0	1717725	1718113	389	1	0.0	 702	minus	0
LR130543.1	FJ593764;cluster_I;Klebsiella_sp._CRLI0713	99.23	389	5368944	3	0	1717725	1718113	389	1	0.0	 702	minus	0
LR130543.1	FJ593866;cluster_I;Klebsiella_sp._AL060225_04	98.97	389	5368944	4	0	1717725	1718113	389	1	0.0	 697	minus	0
LR130543.1	FJ593865;cluster_I;Klebsiella_sp._AL050511_01	98.97	389	5368944	4	0	1717725	1718113	389	1	0.0	 697	minus	0
LR130543.1	FJ593762;cluster_I;Klebsiella_sp._CRLI0728	98.71	389	5368944	5	0	1717725	1718113	389	1	0.0	 691	minus	0
LR130543.1	FJ593860;cluster_I;Klebsiella_sp._MNS_801b	98.46	389	5368944	6	0	1717725	1718113	389	1	0.0	 686	minus	0
LR130543.1	FJ593864;cluster_I;Klebsiella_sp._MNFG_802	98.46	389	5368944	6	0	1717725	1718113	389	1	0.0	 686	minus	0
LR130543.1	FJ593861;cluster_I;Klebsiella_sp._MNS_801a	98.46	389	5368944	6	0	1717725	1718113	389	1	0.0	 686	minus	0
LR130543.1	FJ593862;cluster_I;Klebsiella_sp._MNW_801b	98.46	389	5368944	6	0	1717725	1718113	389	1	0.0	 686	minus	0
LR130543.1	FJ593863;cluster_I;Klebsiella_sp._MNFG_801b	98.46	389	5368944	6	0	1717725	1718113	389	1	0.0	 686	minus	0
LR130543.1	FJ593761;cluster_I;Klebsiella_sp._CRLI0730	98.46	389	5368944	6	0	1717725	1718113	389	1	0.0	 686	minus	0
LR130543.1	FJ593768;cluster_I;Klebsiella_sp._CRPV0611a	98.20	389	5368944	7	0	1717725	1718113	389	1	0.0	 680	minus	0
LR130543.1	X03916;cluster_I;Azotobacter_chroococcum	81.49	832	5368944	150	4	1717361	1718190	1174	345	0.0	 680	minus	0
LR130543.1	FJ593769;cluster_I;Klebsiella_sp._P0646	97.17	389	5368944	11	0	1717725	1718113	389	1	0.0	 658	minus	0
LR130543.1	X13519;cluster_I;Azotobacter_vinelandii	81.03	833	5368944	152	5	1717361	1718190	1050	221	0.0	 658	minus	0
LR130543.1	AY846276;cluster_I;Klebsiella_pneumoniae	96.42	391	5368944	13	1	1717791	1718180	10	400	0.0	 643	plus	0
LR130543.1	FJ822998;cluster_I;Klebsiella_sp._gx-3	98.05	359	5368944	7	0	1717725	1718083	4	362	3e-176	 625	plus	0
LR130543.1	EU938522;cluster_I;Burkholderia_sp._gx97	97.49	359	5368944	9	0	1717725	1718083	359	1	6e-173	 614	minus	0
LR130543.1	FJ822994;cluster_I;Sinorhizobium_sp._gx-153	98.00	350	5368944	7	0	1717725	1718074	4	353	3e-171	 608	plus	0
LR130543.1	AY367392;cluster_I;Klebsiella_variicola	98.81	336	5368944	4	0	1717748	1718083	337	2	2e-168	 599	minus	0
LR130543.1	AY367394;cluster_I;Klebsiella_variicola	98.80	333	5368944	4	0	1717751	1718083	334	2	8e-167	 593	minus	0
LR130543.1	AY367393;cluster_I;Klebsiella_variicola	98.51	336	5368944	5	0	1717725	1718060	336	1	8e-167	 593	minus	0
LR130543.1	AY367395;cluster_I;Klebsiella_variicola	98.51	336	5368944	5	0	1717725	1718060	336	1	8e-167	 593	minus	0
LR130543.1	AB189641;cluster_I;Halorhodospira_halophila	80.10	804	5368944	154	6	1717376	1718176	1031	231	8e-167	 593	minus	0
LR130543.1	AB270756;cluster_I;Klebsiella_pneumoniae	98.75	319	5368944	4	0	1717766	1718084	360	42	5e-159	 568	minus	0
LR130543.1	DQ364801;cluster_I;Klebsiella_sp._BM92	98.12	320	5368944	6	0	1717767	1718086	320	1	3e-156	 558	minus	0
LR130543.1	DQ821722;cluster_I;Sphingomonas_sp._Y49	97.83	322	5368944	7	0	1717742	1718063	322	1	1e-155	 556	minus	0
LR130543.1	DQ821723;cluster_I;Klebsiella_sp._Y57	97.20	322	5368944	9	0	1717742	1718063	322	1	2e-152	 545	minus	0
LR130543.1	FJ593867;cluster_I;Klebsiella_sp._AL060224_03	91.77	389	5368944	32	0	1717725	1718113	389	1	3e-151	 542	minus	0
LR130543.1	KSU32183;cluster_I;Klebsiella_sp.	94.69	339	5368944	17	1	1717809	1718146	339	1	1e-150	 540	minus	0
LR130543.1	AJ563286;cluster_I;Dechloromonas_sp._SIUL	81.32	669	5368944	117	7	1717440	1718104	677	13	1e-149	 536	minus	0
LR130543.1	AF031817;cluster_I;Rhodobacter_sphaeroides	77.49	822	5368944	157	21	1717373	1718180	1090	283	5e-129	 468	minus	0
LR130543.1	GQ381287;cluster_I;Klebsiella_sp._SZ7-2	89.69	359	5368944	34	2	1717725	1718083	356	1	4e-125	 455	minus	0
LR130543.1	FJ593868;cluster_I;Enterobacter_sp._MTP_050512_17	87.15	389	5368944	50	0	1717725	1718113	389	1	3e-121	 442	minus	0
LR130543.1	AY221827;cluster_I;Klebsiella_oxytoca_KCTC_1686	90.21	327	5368944	32	0	1717739	1718065	327	1	9e-117	 427	minus	0
LR130543.1	AB542353;cluster_I;Azospirillum_sp._TSA36t	79.67	600	5368944	111	9	1717499	1718094	615	23	4e-115	 422	minus	0
LR130543.1	X63352;cluster_I;Rhodobacter_capsulatus	76.25	842	5368944	173	20	1717362	1718188	2132	1303	4e-115	 422	minus	0
LR130543.1	FJ593777;cluster_I;Pantoea_sp._CRLI0725a	86.12	389	5368944	54	0	1717725	1718113	389	1	2e-114	 420	minus	0
LR130543.1	FJ593779;cluster_I;Pantoea_sp._A0305	86.12	389	5368944	54	0	1717725	1718113	389	1	2e-114	 420	minus	0
LR130543.1	FJ593780;cluster_I;Pantoea_sp._P0352	86.12	389	5368944	54	0	1717725	1718113	389	1	2e-114	 420	minus	0
LR130543.1	FJ593778;cluster_I;Pantoea_sp._P0359	86.12	389	5368944	54	0	1717725	1718113	389	1	2e-114	 420	minus	0
LR130543.1	EU622783;cluster_I;Thiocapsa_bogorovii	84.51	426	5368944	64	2	1717725	1718149	449	25	2e-114	 420	minus	0
LR130543.1	AY373368;cluster_I;Paenibacillus_sp._g2	89.60	327	5368944	34	0	1717760	1718086	327	1	2e-113	 416	minus	0
LR130543.1	X07866;cluster_I;Rhodobacter_capsulatus_SB_1003	76.13	842	5368944	174	20	1717362	1718188	934	105	2e-113	 416	minus	0
LR130543.1	EF199951;cluster_I;Halorhodospira_halophila	83.30	449	5368944	75	0	1717725	1718173	449	1	7e-113	 414	minus	0
LR130543.1	AY373369;cluster_I;Bacillus_cereus	89.30	327	5368944	35	0	1717760	1718086	331	5	9e-112	 411	minus	0
LR130543.1	AY367396;cluster_I;Raoultella_terrigena	88.86	332	5368944	37	0	1717752	1718083	332	1	3e-111	 409	minus	0
LR130543.1	AY373371;cluster_I;Bacillus_sp._w5	88.99	327	5368944	36	0	1717760	1718086	327	1	4e-110	 405	minus	0
LR130543.1	AB542360;cluster_I;Azospirillum_sp._TSH19	79.62	574	5368944	106	10	1717499	1718068	568	2	5e-109	 401	minus	0
LR130543.1	HM047125;cluster_I;Bradyrhizobium_denitrificans	79.12	594	5368944	115	8	1717504	1718094	619	32	5e-109	 401	minus	0
LR130543.1	EF200511;cluster_I;Klebsiella_sp._TT001	90.46	304	5368944	29	0	1717750	1718053	304	1	5e-109	 401	minus	0
LR130543.1	EF200510;cluster_I;Klebsiella_sp._NTI31	90.46	304	5368944	29	0	1717750	1718053	304	1	5e-109	 401	minus	0
LR130543.1	AB542367;cluster_I;Azospirillum_sp._TSH100	79.58	573	5368944	106	10	1717499	1718067	566	1	2e-108	 399	minus	0
LR130543.1	AB542349;cluster_I;Azospirillum_sp._TSA20c	79.00	600	5368944	115	9	1717499	1718094	621	29	2e-108	 399	minus	0
LR130543.1	AB542346;cluster_I;Azospirillum_sp._TSA16	79.00	600	5368944	115	9	1717499	1718094	600	8	2e-108	 399	minus	0
LR130543.1	AB542338;cluster_I;Azospirillum_sp._TSA6c	79.00	600	5368944	115	9	1717499	1718094	621	29	2e-108	 399	minus	0
LR130543.1	FJ822999;cluster_I;Stenotrophomonas_sp._gx-44	86.50	363	5368944	47	2	1717722	1718083	1	362	7e-108	 398	plus	0
LR130543.1	AY373365;cluster_I;Bacillus_megaterium	89.06	320	5368944	35	0	1717767	1718086	320	1	7e-108	 398	minus	0
LR130543.1	FJ347438;cluster_I;Bradyrhizobium_sp._ORS_330	79.89	557	5368944	99	12	1717518	1718069	549	1	3e-107	 396	minus	0
LR130543.1	FJ347445;cluster_I;Bradyrhizobium_sp._ORS_361	79.29	560	5368944	105	10	1717514	1718069	553	1	9e-107	 394	minus	0
LR130543.1	FJ347430;cluster_I;Bradyrhizobium_sp._ORS_307	79.35	557	5368944	102	12	1717518	1718069	549	1	9e-107	 394	minus	0
LR130543.1	AF545637;cluster_I;Pantoea_agglomerans	86.55	357	5368944	48	0	1717799	1718155	360	4	9e-107	 394	minus	0
LR130543.1	FJ032021;cluster_I;Klebsiella_sp._BN-4A	89.64	309	5368944	32	0	1717791	1718099	309	1	9e-107	 394	minus	0
LR130543.1	GQ381290;cluster_I;Klebsiella_pneumoniae	88.79	321	5368944	34	2	1717725	1718045	331	13	3e-106	 392	minus	0
LR130543.1	FJ347446;cluster_I;Bradyrhizobium_sp._ORS_372	79.53	557	5368944	101	12	1717518	1718069	549	1	3e-106	 392	minus	0
LR130543.1	FJ347449;cluster_I;Bradyrhizobium_sp._ORS_391	79.61	559	5368944	105	8	1717514	1718069	553	1	3e-106	 392	minus	0
LR130543.1	FJ347434;cluster_I;Bradyrhizobium_sp._ORS_318	79.32	556	5368944	104	10	1717518	1718069	549	1	3e-106	 392	minus	0
LR130543.1	FJ347439;cluster_I;Bradyrhizobium_sp._ORS_331	79.61	559	5368944	105	8	1717514	1718069	553	1	3e-106	 392	minus	0
LR130543.1	FJ347422;cluster_I;Bradyrhizobium_sp._ORS_294	79.32	556	5368944	104	10	1717518	1718069	549	1	3e-106	 392	minus	0
LR130543.1	FJ347424;cluster_I;Bradyrhizobium_sp._ORS_298	78.95	570	5368944	109	10	1717504	1718069	563	1	3e-106	 392	minus	0
LR130543.1	FJ347443;cluster_I;Bradyrhizobium_sp._ORS_356	79.11	560	5368944	106	10	1717514	1718069	553	1	1e-105	 390	minus	0
LR130543.1	FJ347427;cluster_I;Bradyrhizobium_sp._ORS_303	79.11	560	5368944	106	10	1717514	1718069	553	1	4e-105	 388	minus	0
LR130543.1	AY373366;cluster_I;Bacillus_sp._c6	88.07	327	5368944	39	0	1717760	1718086	327	1	4e-105	 388	minus	0
LR130543.1	FJ347436;cluster_I;Bradyrhizobium_sp._ORS_327	79.16	571	5368944	106	12	1717504	1718069	563	1	2e-104	 387	minus	0
LR130543.1	FJ347418;cluster_I;Bradyrhizobium_sp._ORS_277	79.53	557	5368944	101	12	1717518	1718069	549	1	2e-104	 387	minus	0
LR130543.1	EU622788;cluster_I;Allochromatium_minutissimum	82.22	450	5368944	78	2	1717725	1718173	449	1	2e-104	 387	minus	0
LR130543.1	GQ381289;cluster_I;Paenibacillus_sp._SZ002	88.47	321	5368944	34	3	1717725	1718045	327	10	5e-104	 385	minus	0
LR130543.1	FJ347448;cluster_I;Bradyrhizobium_sp._ORS_377	79.25	559	5368944	107	8	1717514	1718069	553	1	5e-104	 385	minus	0
LR130543.1	FJ347420;cluster_I;Bradyrhizobium_sp._ORS_285	79.16	571	5368944	106	12	1717504	1718069	563	1	5e-104	 385	minus	0
LR130543.1	FJ347423;cluster_I;Bradyrhizobium_sp._ORS_297	79.35	557	5368944	102	12	1717518	1718069	549	1	2e-103	 383	minus	0
LR130543.1	DQ364804;cluster_I;Klebsiella_sp._JT42	87.80	328	5368944	38	2	1717760	1718086	327	1	2e-103	 383	minus	0
LR130543.1	FJ032022;cluster_I;Klebsiella_sp._AF-4C	89.00	309	5368944	34	0	1717791	1718099	311	3	2e-103	 383	minus	0
LR130543.1	GU001626;cluster_I;Bradyrhizobium_japonicum	78.20	633	5368944	113	22	1717504	1718125	57	675	7e-103	 381	plus	0
LR130543.1	GU001631;cluster_I;Bradyrhizobium_japonicum	78.20	633	5368944	113	22	1717504	1718125	57	675	7e-103	 381	plus	0
LR130543.1	GU001628;cluster_I;Bradyrhizobium_japonicum	78.20	633	5368944	113	22	1717504	1718125	57	675	7e-103	 381	plus	0
LR130543.1	FJ347426;cluster_I;Bradyrhizobium_sp._ORS_301	78.99	557	5368944	104	12	1717518	1718069	549	1	3e-102	 379	minus	0
LR130543.1	FJ347421;cluster_I;Bradyrhizobium_sp._ORS_287	78.99	557	5368944	104	12	1717518	1718069	549	1	3e-102	 379	minus	0
LR130543.1	FJ347441;cluster_I;Bradyrhizobium_sp._ORS_344	78.64	557	5368944	106	12	1717518	1718069	549	1	9e-102	 377	minus	0
LR130543.1	FJ347435;cluster_I;Bradyrhizobium_sp._ORS_324	78.96	556	5368944	106	10	1717518	1718069	549	1	3e-101	 375	minus	0
LR130543.1	EU693339;cluster_I;Bacillus_sp._Z7	83.93	392	5368944	63	0	1717707	1718098	427	36	3e-101	 375	minus	0
LR130543.1	FJ347447;cluster_I;Bradyrhizobium_sp._ORS_375	78.46	557	5368944	107	12	1717518	1718069	549	1	1e-100	 374	minus	0
LR130543.1	FJ347437;cluster_I;Bradyrhizobium_sp._ORS_328	78.61	561	5368944	107	12	1717514	1718069	553	1	1e-100	 374	minus	0
LR130543.1	EU693340;cluster_I;Bacillus_sp._Z19	83.05	413	5368944	68	2	1717707	1718119	428	18	1e-100	 374	minus	0
LR130543.1	FJ347425;cluster_I;Bradyrhizobium_sp._ORS_300	78.79	561	5368944	106	12	1717514	1718069	553	1	4e-100	 372	minus	0
LR130543.1	GU001618;cluster_I;Bradyrhizobium_cytisi	77.42	660	5368944	124	22	1717446	1718094	671	26	2e-99	 370	minus	0
LR130543.1	GQ289574;cluster_I/IA;Bradyrhizobium_japonicum	81.25	464	5368944	81	6	1717707	1718167	1	461	2e-99	 370	plus	0
LR130543.1	EU693338;cluster_I;Azotobacter_chroococcum	82.89	415	5368944	68	3	1717707	1718119	434	21	2e-99	 370	minus	0
LR130543.1	EU693341;cluster_I;Acinetobacter_sp._Z21	83.80	389	5368944	63	0	1717707	1718095	429	41	2e-99	 370	minus	0
LR130543.1	GU001633;cluster_I;Bradyrhizobium_canariense	77.08	685	5368944	128	26	1717454	1718125	7	675	6e-99	 368	plus	0
LR130543.1	FJ347451;cluster_I;Bradyrhizobium_sp._ORS_400	78.35	568	5368944	112	10	1717506	1718069	561	1	6e-99	 368	minus	0
LR130543.1	FJ347419;cluster_I;Bradyrhizobium_sp._ORS_279	78.25	561	5368944	109	12	1717514	1718069	553	1	7e-98	 364	minus	0
LR130543.1	EU693342;cluster_I;Bacillus_sp._Z22	82.84	408	5368944	69	1	1717707	1718113	436	29	7e-98	 364	minus	0
LR130543.1	FJ347433;cluster_I;Bradyrhizobium_sp._ORS_310	78.04	560	5368944	112	10	1717514	1718069	553	1	9e-97	 361	minus	0
LR130543.1	GU001627;cluster_I;Bradyrhizobium_rifense	77.19	662	5368944	122	25	1717446	1718094	671	26	3e-96	 359	minus	0
LR130543.1	FJ822997;cluster_I;Pseudomonas_sp._gx-127	84.68	359	5368944	55	0	1717725	1718083	4	362	3e-96	 359	plus	0
LR130543.1	AB542356;cluster_I;Azospirillum_sp._TSH2	78.46	571	5368944	108	11	1717504	1718068	562	1	3e-96	 359	minus	0
LR130543.1	AB542357;cluster_I;Azospirillum_sp._TSH5	78.38	569	5368944	108	11	1717504	1718066	560	1	4e-95	 355	minus	0
LR130543.1	AB542358;cluster_I;Azospirillum_sp._TSH6	78.38	569	5368944	108	11	1717504	1718066	560	1	4e-95	 355	minus	0
LR130543.1	AB542359;cluster_I;Azospirillum_sp._TSH10	78.38	569	5368944	108	11	1717504	1718066	560	1	4e-95	 355	minus	0
LR130543.1	AB542361;cluster_I;Azospirillum_sp._TSH21	78.17	568	5368944	113	9	1717499	1718062	571	11	6e-94	 351	minus	0
LR130543.1	AB542347;cluster_I;Azospirillum_sp._TSA18	78.17	568	5368944	113	9	1717499	1718062	567	7	6e-94	 351	minus	0
LR130543.1	AB542337;cluster_I;Azospirillum_sp._TSA2s	78.17	568	5368944	113	9	1717499	1718062	565	5	6e-94	 351	minus	0
LR130543.1	AB542344;cluster_I;Azospirillum_sp._TSA15c	78.17	568	5368944	113	9	1717499	1718062	565	5	6e-94	 351	minus	0
LR130543.1	AB542340;cluster_I;Azospirillum_sp._TSA11	78.17	568	5368944	113	9	1717499	1718062	567	7	6e-94	 351	minus	0
LR130543.1	AB542343;cluster_I;Azospirillum_sp._TSA14w	78.17	568	5368944	113	9	1717499	1718062	569	9	6e-94	 351	minus	0
LR130543.1	AB542348;cluster_I;Azospirillum_sp._TSA19	78.11	562	5368944	112	9	1717499	1718056	558	4	3e-92	 346	minus	0
LR130543.1	AB542341;cluster_I;Azospirillum_sp._TSA12	78.11	562	5368944	112	9	1717499	1718056	558	4	3e-92	 346	minus	0
LR130543.1	AB542366;cluster_I;Azospirillum_sp._TSH96	78.15	563	5368944	108	11	1717506	1718062	557	4	9e-92	 344	minus	0
LR130543.1	GU001619;cluster_I;Bradyrhizobium_cytisi	76.77	663	5368944	123	26	1717446	1718094	671	26	3e-91	 342	minus	0
LR130543.1	AB542364;cluster_I;Azospirillum_sp._TSH78	77.86	569	5368944	111	11	1717506	1718068	561	2	4e-90	 339	minus	0
LR130543.1	FJ822995;cluster_I;Agrobacterium_tumefaciens	83.57	359	5368944	59	0	1717725	1718083	4	362	2e-89	 337	plus	0
LR130543.1	DQ821718;cluster_I;Enterobacter_sp._Y4	85.45	323	5368944	45	2	1717742	1718063	322	1	6e-89	 335	minus	0
LR130543.1	DQ821725;cluster_I;Micrococcus_sp._Y70	85.45	323	5368944	45	2	1717742	1718063	322	1	6e-89	 335	minus	0
LR130543.1	DQ821719;cluster_I;Enterobacter_sp._Y11	85.14	323	5368944	46	2	1717742	1718063	322	1	3e-87	 329	minus	0
LR130543.1	U97116;cluster_I;Azoarcus_communis	81.16	414	5368944	72	5	1717739	1718149	411	1	9e-87	 327	minus	0
LR130543.1	GQ289580;cluster_I/IA;Bradyrhizobium_japonicum	79.31	464	5368944	90	6	1717707	1718167	1	461	2e-84	 320	plus	0
LR130543.1	DQ787333;cluster_I;Azospirillum_lipoferum	80.27	441	5368944	70	12	1717725	1718158	446	16	2e-83	 316	minus	0
LR130543.1	AB079621;cluster_I;Rhodobacter_azotoformans	79.82	456	5368944	75	13	1717725	1718173	458	13	2e-83	 316	minus	0
LR130543.1	FJ687522;cluster_I;Aeromonas_sp._IPPW-33a	82.37	363	5368944	62	2	1717722	1718083	362	1	7e-83	 315	minus	0
LR130543.1	EF626686;cluster_I;Azonexus_hydrophilus	83.48	339	5368944	54	2	1717734	1718071	338	1	7e-83	 315	minus	0
LR130543.1	AF484657;cluster_I;Methylobacterium_sp._xct7	79.35	460	5368944	83	11	1717623	1718078	452	1	3e-82	 313	minus	0
LR130543.1	AB161454;cluster_I;Pleomorphomonas_oryzae	80.38	423	5368944	74	5	1717753	1718172	417	1	3e-82	 313	minus	0
LR130543.1	DQ787331;cluster_I;Azospirillum_lipoferum	79.47	453	5368944	82	9	1717725	1718173	446	1	9e-82	 311	minus	0
LR130543.1	DQ787334;cluster_I;Azospirillum_lipoferum	79.91	438	5368944	77	9	1717725	1718158	446	16	9e-82	 311	minus	0
LR130543.1	DQ787332;cluster_I;Azospirillum_lipoferum	79.91	438	5368944	77	9	1717725	1718158	446	16	9e-82	 311	minus	0
LR130543.1	DQ029203;cluster_I;Azonexus_caeni	85.10	302	5368944	45	0	1717737	1718038	307	6	3e-81	 309	minus	0
LR130543.1	EF626684;cluster_I;Azonexus_hydrophilus_DSM_23864	83.19	339	5368944	55	2	1717734	1718071	338	1	3e-81	 309	minus	0
LR130543.1	EF626685;cluster_I;Azonexus_hydrophilus	83.19	339	5368944	55	2	1717734	1718071	338	1	3e-81	 309	minus	0
LR130543.1	V01215;cluster_I;Sinorhizobium_meliloti	77.61	518	5368944	101	14	1717679	1718190	677	169	2e-78	 300	minus	0
LR130543.1	GU256446;cluster_I;Azospirillum_canadense	81.22	378	5368944	62	5	1717745	1718119	375	4	3e-77	 296	minus	0
LR130543.1	AY624581;Unclassified;Gluconacetobacter_azotocaptans	76.36	588	5368944	116	20	1716566	1717140	1257	680	1e-76	 294	minus	0
LR130543.1	AY768690;cluster_I;Azonexus_fungiphilus	83.23	322	5368944	52	2	1717745	1718065	321	1	1e-76	 294	minus	0
LR130543.1	AB430882;cluster_I;Azotobacter_chroococcum	82.92	322	5368944	55	0	1717742	1718063	322	1	1e-75	 291	minus	0
LR130543.1	FN813553;cluster_I;Azospirillum_zeae	81.32	364	5368944	61	5	1717722	1718083	359	1	4e-75	 289	minus	0
LR130543.1	FN813552;cluster_I;Azospirillum_zeae	81.32	364	5368944	61	5	1717722	1718083	359	1	4e-75	 289	minus	0
LR130543.1	FN813561;cluster_I;Azospirillum_zeae	81.37	365	5368944	59	7	1717722	1718083	359	1	4e-75	 289	minus	0
LR130543.1	AY351672;cluster_I;Azotobacter_chroococcum	82.87	321	5368944	55	0	1717745	1718065	321	1	4e-75	 289	minus	0
LR130543.1	GQ503352;cluster_I;Mesorhizobium_ciceri	75.72	593	5368944	133	11	1717504	1718092	89	674	2e-74	 287	plus	0
LR130543.1	EF634041;cluster_I;Rhizobium_gallicum	82.57	327	5368944	56	1	1717751	1718077	1	326	2e-74	 287	plus	0
LR130543.1	DQ682472;cluster_I;Azospirillum_zeae	81.22	362	5368944	59	7	1717725	1718083	357	2	2e-74	 287	minus	0
LR130543.1	FJ643446;cluster_I;Sinorhizobium_meliloti	76.25	560	5368944	119	13	1717620	1718173	187	738	6e-74	 285	plus	0
LR130543.1	AB079622;cluster_I;Rhodobacter_sp._AP-10	78.41	454	5368944	87	7	1717724	1718173	459	13	6e-74	 285	minus	0
LR130543.1	FJ687521;cluster_I;Aeromonas_sp._IPPW-29	81.10	365	5368944	60	8	1717722	1718083	359	1	2e-73	 283	minus	0
LR130543.1	FJ687517;cluster_I;Pseudomonas_sp._IPPW-2	81.10	365	5368944	60	8	1717722	1718083	359	1	2e-73	 283	minus	0
LR130543.1	DQ682471;cluster_I;Azospirillum_zeae	81.34	359	5368944	58	7	1717725	1718080	353	1	2e-73	 283	minus	0
LR130543.1	AB182912;cluster_I;Pleomorphomonas_oryzae	79.46	409	5368944	75	5	1717753	1718158	407	5	7e-73	 281	minus	0
LR130543.1	DQ029204;cluster_I;Azonexus_fungiphilus	83.73	295	5368944	48	0	1717736	1718030	308	14	3e-72	 279	minus	0
LR130543.1	AB489139;cluster_I;Paenibacillus_abekawaensis	79.74	390	5368944	70	7	1717551	1717937	816	433	1e-70	 274	minus	0
LR130543.1	AY934874;cluster_I;Sinorhizobium_sp._CCBAU_33036A	75.47	583	5368944	132	10	1717511	1718089	630	55	1e-70	 274	minus	0
LR130543.1	GU256453;cluster_I;Azospirillum_zeae	81.34	343	5368944	57	5	1717754	1718094	374	37	4e-70	 272	minus	0
LR130543.1	GQ161241;cluster_I;Azospirillum_brasilense	80.72	363	5368944	59	8	1717725	1718083	356	1	4e-70	 272	minus	0
LR130543.1	DQ393890;cluster_I;Azospirillum_canadense	81.20	351	5368944	55	7	1717725	1718071	5	348	4e-70	 272	plus	0
LR130543.1	AB182913;cluster_I;Pleomorphomonas_oryzae	79.40	398	5368944	73	5	1717753	1718147	396	5	4e-70	 272	minus	0
LR130543.1	DQ413016;cluster_I;Sinorhizobium_meliloti	77.38	473	5368944	98	8	1717620	1718089	513	47	4e-70	 272	minus	0
LR130543.1	EU252599;cluster_I;Sinorhizobium_meliloti	77.38	473	5368944	98	8	1717620	1718089	505	39	4e-70	 272	minus	0
LR130543.1	EF199958;cluster_I;Thioalkalispira_microaerophila	80.34	356	5368944	70	0	1717752	1718107	383	28	2e-69	 270	minus	0
LR130543.1	AB182911;cluster_I;Pleomorphomonas_oryzae	79.35	397	5368944	73	5	1717754	1718147	394	4	2e-69	 270	minus	0
LR130543.1	AB185395;cluster_I;Azospirillum_oryzae	79.01	405	5368944	76	7	1717745	1718146	408	10	6e-69	 268	minus	0
LR130543.1	AB182910;cluster_I;Pleomorphomonas_oryzae	79.10	402	5368944	75	5	1717760	1718158	400	5	6e-69	 268	minus	0
LR130543.1	EF153400;cluster_I;Sinorhizobium_meliloti	78.50	414	5368944	80	8	1717679	1718089	447	40	3e-67	 263	minus	0
LR130543.1	AY934877;cluster_I;Sinorhizobium_sp._CCBAU_53044B	78.50	414	5368944	80	8	1717679	1718089	463	56	3e-67	 263	minus	0
LR130543.1	EU707160;cluster_I;Sinorhizobium_meliloti	78.50	414	5368944	80	8	1717679	1718089	425	18	3e-67	 263	minus	0
LR130543.1	EU252600;cluster_I;Sinorhizobium_sp._CCBAU_83317	78.50	414	5368944	80	8	1717679	1718089	447	40	3e-67	 263	minus	0
LR130543.1	EU386145;cluster_I;Rhizobium_sp._NGR181	79.28	391	5368944	68	11	1717614	1717999	426	44	1e-66	 261	minus	0
LR130543.1	AB079632;cluster_I;Rhodobacter_blasticus_DSM_2131	77.31	454	5368944	90	10	1717725	1718173	458	13	3e-66	 259	minus	0
LR130543.1	EF070145;cluster_I;Sinorhizobium_meliloti	78.26	414	5368944	81	8	1717679	1718089	416	9	1e-65	 257	minus	0
LR130543.1	EU418418;cluster_I;Sinorhizobium_meliloti	78.26	414	5368944	81	8	1717679	1718089	441	34	1e-65	 257	minus	0
LR130543.1	GU256450;cluster_I;Azospirillum_melinis	80.53	339	5368944	59	5	1717758	1718094	368	35	2e-64	 254	minus	0
LR130543.1	EF158046;cluster_I;Azospira_restricta	83.64	269	5368944	44	0	1717734	1718002	269	1	2e-64	 254	minus	0
LR130543.1	AB079628;cluster_I;Rhodovulum_strictum	77.09	454	5368944	91	9	1717725	1718173	458	13	2e-63	 250	minus	0
LR130543.1	GQ411215;cluster_I;Bacillus_sp._SUND_LM2	87.44	215	5368944	26	1	1717872	1718086	314	101	3e-62	 246	minus	0
LR130543.1	AB079629;cluster_I;Rhodovulum_strictum	76.92	455	5368944	92	9	1717724	1718173	459	13	3e-62	 246	minus	0
LR130543.1	GU256451;cluster_I;Azospirillum_picis	80.06	341	5368944	57	7	1717758	1718094	370	37	4e-61	 243	minus	0
LR130543.1	ADAF001432;cluster_I;Gluconacetobacter_diazotrophicus	80.84	308	5368944	50	5	1717779	1718083	302	1	2e-58	 233	minus	0
LR130543.1	GQ411209;cluster_I;Bacillus_megaterium	88.48	191	5368944	22	0	1717897	1718087	338	148	8e-58	 231	minus	0
LR130543.1	AY079181;cluster_I;Rhizobium_tropici	77.49	391	5368944	83	5	1717499	1717888	387	1	3e-57	 230	minus	0
LR130543.1	EF620478;cluster_I;Azotobacter_chroococcum	79.53	337	5368944	54	15	1717742	1718068	332	1	4e-56	 226	minus	0
LR130543.1	AB191042;cluster_I;Heliobacterium_gestii	72.16	844	5368944	197	34	1716133	1716960	2000	1179	5e-55	 222	minus	0
LR130543.1	EU177583;cluster_I;Sinorhizobium_meliloti	74.73	554	5368944	107	26	1717620	1718167	231	757	2e-53	 217	plus	0
LR130543.1	EU697999;cluster_I;Mesorhizobium_temperatum	85.78	204	5368944	27	2	1717623	1717825	233	31	8e-53	 215	minus	0
LR130543.1	DQ407288;cluster_I;Mesorhizobium_tianshanense	78.48	330	5368944	67	4	1717504	1717831	329	2	3e-52	 213	minus	0
LR130543.1	DQ407287;cluster_I;Mesorhizobium_tianshanense	78.35	328	5368944	66	5	1717504	1717828	329	4	1e-50	 207	minus	0
LR130543.1	DQ407295;cluster_I;Mesorhizobium_ciceri	78.40	324	5368944	66	4	1717504	1717825	322	1	1e-50	 207	minus	0
LR130543.1	AH000924;cluster_I;Rhizobium_sp.	74.58	472	5368944	108	11	1716164	1716629	773	308	3e-47	 196	minus	0
LR130543.1	DQ315787;cluster_I;Anabaena_variabilis_ATCC_29413	72.45	686	5368944	161	23	1717501	1718173	704	34	1e-46	 195	minus	0
LR130543.1	GQ289582;cluster_III;Bradyrhizobium_japonicum	81.67	240	5368944	30	10	1717707	1717936	1	236	2e-44	 187	plus	0
LR130543.1	GQ289573;cluster_III;Bradyrhizobium_japonicum	80.74	244	5368944	37	6	1717707	1717942	1	242	8e-43	 182	plus	0
LR130543.1	AVU89346;cluster_I;Anabaena_variabilis_ATCC_29413	71.49	691	5368944	179	16	1717497	1718179	1097	417	6e-39	 169	minus	0
LR130543.1	Z31716;cluster_I;Nostoc_sp._PCC_6720	71.35	691	5368944	180	16	1717497	1718179	1234	554	3e-37	 163	minus	0
LR130543.1	FJ712276;cluster_I;Rhizobium_petrolearium	76.41	301	5368944	64	6	1717791	1718089	331	36	5e-35	 156	minus	0
LR130543.1	DQ364798;cluster_I;Paenibacillus_sp._GJ24	80.79	177	5368944	31	2	1717760	1717936	324	151	6e-29	 135	minus	0
LR130543.1	DQ364799;cluster_I;Paenibacillus_sp._GA12	80.23	177	5368944	32	2	1717760	1717936	324	151	3e-27	 130	minus	0
LR130543.1	EF560698;cluster_III;Chlorobaculum_macestae	76.86	229	5368944	45	5	1717725	1717946	449	222	5e-25	 122	minus	0
LR130543.1	AY373370;cluster_I;Paenibacillus_massiliensis	77.91	172	5368944	35	2	1717760	1717931	306	138	2e-19	 104	minus	0
LR130543.1	NOSGLBN;cluster_I;Nostoc_sp.	77.12	153	5368944	30	5	1718029	1718179	1184	1035	2e-13	84.2	minus	0
LR130543.1	RHMNIFHA;cluster_I;Sinorhizobium_meliloti	92.68	41	5368944	3	0	1718049	1718089	44	4	4e-06	60.2	minus	0
