CP009863.1	V00631;cluster_I;Klebsiella_pneumoniae	89.19	1767	5298647	173	14	3499937	3501695	47	1803	0.0	2189	plus	0
CP009863.1	AY242355;cluster_I;Klebsiella_pneumoniae_342	96.38	883	5298647	30	2	3500183	3501064	1	882	0.0	1452	plus	0
CP009863.1	KPNNIFH;cluster_I;Klebsiella_pneumoniae	91.36	891	5298647	75	2	3500183	3501072	1	890	0.0	1218	plus	0
CP009863.1	X96609;cluster_I;Alcaligenes_faecalis	82.12	867	5298647	149	6	3500189	3501052	612	1475	0.0	 737	plus	0
CP009863.1	AVIMONFE;cluster_I;Azotobacter_chroococcum	82.20	854	5298647	140	9	3500174	3501019	228	1077	0.0	 725	plus	0
CP009863.1	FJ593768;cluster_I;Klebsiella_sp._CRPV0611a	98.97	389	5298647	4	0	3500267	3500655	1	389	0.0	 697	plus	0
CP009863.1	X03916;cluster_I;Azotobacter_chroococcum	81.73	832	5298647	148	4	3500190	3501019	345	1174	0.0	 691	plus	0
CP009863.1	FJ593769;cluster_I;Klebsiella_sp._P0646	97.69	389	5298647	9	0	3500267	3500655	1	389	0.0	 669	plus	0
CP009863.1	AY846276;cluster_I;Klebsiella_pneumoniae	97.19	391	5298647	10	1	3500200	3500589	400	10	0.0	 660	minus	0
CP009863.1	FJ593860;cluster_I;Klebsiella_sp._MNS_801b	97.17	389	5298647	11	0	3500267	3500655	1	389	0.0	 658	plus	0
CP009863.1	FJ593864;cluster_I;Klebsiella_sp._MNFG_802	97.17	389	5298647	11	0	3500267	3500655	1	389	0.0	 658	plus	0
CP009863.1	FJ593861;cluster_I;Klebsiella_sp._MNS_801a	97.17	389	5298647	11	0	3500267	3500655	1	389	0.0	 658	plus	0
CP009863.1	FJ593862;cluster_I;Klebsiella_sp._MNW_801b	97.17	389	5298647	11	0	3500267	3500655	1	389	0.0	 658	plus	0
CP009863.1	FJ593863;cluster_I;Klebsiella_sp._MNFG_801b	97.17	389	5298647	11	0	3500267	3500655	1	389	0.0	 658	plus	0
CP009863.1	FJ593767;cluster_I;Klebsiella_sp._P0643	97.17	389	5298647	11	0	3500267	3500655	1	389	0.0	 658	plus	0
CP009863.1	FJ593766;cluster_I;Klebsiella_sp._P0640	97.17	389	5298647	11	0	3500267	3500655	1	389	0.0	 658	plus	0
CP009863.1	FJ593765;cluster_I;Klebsiella_sp._P0638	97.17	389	5298647	11	0	3500267	3500655	1	389	0.0	 658	plus	0
CP009863.1	FJ593757;cluster_I;Klebsiella_sp._CRLS069a	97.17	389	5298647	11	0	3500267	3500655	1	389	0.0	 658	plus	0
CP009863.1	FJ593760;cluster_I;Klebsiella_sp._CRLS064	96.92	389	5298647	12	0	3500267	3500655	1	389	0.0	 652	plus	0
CP009863.1	FJ593763;cluster_I;Klebsiella_sp._CRLI0718a	96.92	389	5298647	12	0	3500267	3500655	1	389	0.0	 652	plus	0
CP009863.1	FJ593756;cluster_I;Klebsiella_sp._CRLI0715	96.92	389	5298647	12	0	3500267	3500655	1	389	0.0	 652	plus	0
CP009863.1	FJ593758;cluster_I;Klebsiella_sp._CRPV0610	96.92	389	5298647	12	0	3500267	3500655	1	389	0.0	 652	plus	0
CP009863.1	FJ593759;cluster_I;Klebsiella_sp._CRLS0617	96.92	389	5298647	12	0	3500267	3500655	1	389	0.0	 652	plus	0
CP009863.1	FJ593764;cluster_I;Klebsiella_sp._CRLI0713	96.92	389	5298647	12	0	3500267	3500655	1	389	0.0	 652	plus	0
CP009863.1	FJ593762;cluster_I;Klebsiella_sp._CRLI0728	96.92	389	5298647	12	0	3500267	3500655	1	389	0.0	 652	plus	0
CP009863.1	FJ593866;cluster_I;Klebsiella_sp._AL060225_04	96.66	389	5298647	13	0	3500267	3500655	1	389	0.0	 647	plus	0
CP009863.1	FJ593865;cluster_I;Klebsiella_sp._AL050511_01	96.66	389	5298647	13	0	3500267	3500655	1	389	0.0	 647	plus	0
CP009863.1	FJ593761;cluster_I;Klebsiella_sp._CRLI0730	96.66	389	5298647	13	0	3500267	3500655	1	389	0.0	 647	plus	0
CP009863.1	X13519;cluster_I;Azotobacter_vinelandii	80.79	833	5298647	154	5	3500190	3501019	221	1050	0.0	 647	plus	0
CP009863.1	AB189641;cluster_I;Halorhodospira_halophila	80.10	804	5298647	154	6	3500204	3501004	231	1031	8e-167	 593	plus	0
CP009863.1	EU938522;cluster_I;Burkholderia_sp._gx97	95.82	359	5298647	15	0	3500297	3500655	1	359	6e-163	 580	plus	0
CP009863.1	DQ821722;cluster_I;Sphingomonas_sp._Y49	99.07	322	5298647	3	0	3500317	3500638	1	322	2e-162	 579	plus	0
CP009863.1	FJ822998;cluster_I;Klebsiella_sp._gx-3	95.54	359	5298647	16	0	3500297	3500655	362	4	3e-161	 575	minus	0
CP009863.1	AY367392;cluster_I;Klebsiella_variicola	97.32	336	5298647	9	0	3500297	3500632	2	337	4e-160	 571	plus	0
CP009863.1	DQ821723;cluster_I;Klebsiella_sp._Y57	98.45	322	5298647	5	0	3500317	3500638	1	322	5e-159	 568	plus	0
CP009863.1	FJ822994;cluster_I;Sinorhizobium_sp._gx-153	95.68	347	5298647	15	0	3500309	3500655	350	4	3e-156	 558	minus	0
CP009863.1	AY367394;cluster_I;Klebsiella_variicola	96.70	333	5298647	11	0	3500297	3500629	2	334	4e-155	 555	plus	0
CP009863.1	AY367393;cluster_I;Klebsiella_variicola	96.13	336	5298647	13	0	3500320	3500655	1	336	2e-153	 549	plus	0
CP009863.1	AY367395;cluster_I;Klebsiella_variicola	96.13	336	5298647	13	0	3500320	3500655	1	336	2e-153	 549	plus	0
CP009863.1	FJ593867;cluster_I;Klebsiella_sp._AL060224_03	92.03	389	5298647	31	0	3500267	3500655	1	389	7e-153	 547	plus	0
CP009863.1	AJ563286;cluster_I;Dechloromonas_sp._SIUL	81.53	666	5298647	121	2	3500276	3500940	13	677	7e-153	 547	plus	0
CP009863.1	AB270756;cluster_I;Klebsiella_pneumoniae	96.55	319	5298647	11	0	3500296	3500614	42	360	2e-147	 529	plus	0
CP009863.1	DQ364801;cluster_I;Klebsiella_sp._BM92	95.94	320	5298647	13	0	3500294	3500613	1	320	1e-144	 520	plus	0
CP009863.1	KSU32183;cluster_I;Klebsiella_sp.	92.04	339	5298647	26	1	3500234	3500571	1	339	1e-135	 490	plus	0
CP009863.1	AF031817;cluster_I;Rhodobacter_sphaeroides	77.59	821	5298647	158	20	3500200	3501007	283	1090	1e-130	 473	plus	0
CP009863.1	FJ593868;cluster_I;Enterobacter_sp._MTP_050512_17	88.17	389	5298647	46	0	3500267	3500655	1	389	7e-128	 464	plus	0
CP009863.1	GQ381287;cluster_I;Klebsiella_sp._SZ7-2	89.97	359	5298647	33	2	3500297	3500655	1	356	9e-127	 460	plus	0
CP009863.1	AY221827;cluster_I;Klebsiella_oxytoca_KCTC_1686	90.21	327	5298647	32	0	3500315	3500641	1	327	9e-117	 427	plus	0
CP009863.1	FJ593869;cluster_I;Pantoea_sp._EC080527_02	86.38	389	5298647	53	0	3500267	3500655	1	389	3e-116	 425	plus	0
CP009863.1	FJ593776;cluster_I;Pantoea_sp._CRLI0712a	86.38	389	5298647	53	0	3500267	3500655	1	389	3e-116	 425	plus	0
CP009863.1	FJ593775;cluster_I;Pantoea_sp._CRLS0621	86.38	389	5298647	53	0	3500267	3500655	1	389	3e-116	 425	plus	0
CP009863.1	FJ593773;cluster_I;Pantoea_sp._P0356	86.38	389	5298647	53	0	3500267	3500655	1	389	3e-116	 425	plus	0
CP009863.1	EU622783;cluster_I;Thiocapsa_bogorovii	84.74	426	5298647	63	2	3500231	3500655	25	449	3e-116	 425	plus	0
CP009863.1	AB542353;cluster_I;Azospirillum_sp._TSA36t	79.67	600	5298647	111	9	3500286	3500881	23	615	4e-115	 422	plus	0
CP009863.1	AY373369;cluster_I;Bacillus_cereus	89.91	327	5298647	33	0	3500294	3500620	5	331	4e-115	 422	plus	0
CP009863.1	AY373368;cluster_I;Paenibacillus_sp._g2	89.91	327	5298647	33	0	3500294	3500620	1	327	4e-115	 422	plus	0
CP009863.1	FJ593777;cluster_I;Pantoea_sp._CRLI0725a	86.12	389	5298647	54	0	3500267	3500655	1	389	1e-114	 420	plus	0
CP009863.1	FJ593779;cluster_I;Pantoea_sp._A0305	86.12	389	5298647	54	0	3500267	3500655	1	389	1e-114	 420	plus	0
CP009863.1	FJ593780;cluster_I;Pantoea_sp._P0352	86.12	389	5298647	54	0	3500267	3500655	1	389	1e-114	 420	plus	0
CP009863.1	FJ593778;cluster_I;Pantoea_sp._P0359	86.12	389	5298647	54	0	3500267	3500655	1	389	1e-114	 420	plus	0
CP009863.1	FJ593774;cluster_I;Pantoea_sp._A0310	86.12	389	5298647	54	0	3500267	3500655	1	389	1e-114	 420	plus	0
CP009863.1	AY373371;cluster_I;Bacillus_sp._w5	89.60	327	5298647	34	0	3500294	3500620	1	327	2e-113	 416	plus	0
CP009863.1	X63352;cluster_I;Rhodobacter_capsulatus	76.10	841	5298647	176	18	3500192	3501018	1303	2132	2e-113	 416	plus	0
CP009863.1	EF199951;cluster_I;Halorhodospira_halophila	83.30	449	5298647	75	0	3500207	3500655	1	449	7e-113	 414	plus	0
CP009863.1	X07866;cluster_I;Rhodobacter_capsulatus_SB_1003	75.98	841	5298647	177	18	3500192	3501018	105	934	9e-112	 411	plus	0
CP009863.1	FJ347449;cluster_I;Bradyrhizobium_sp._ORS_391	80.18	560	5298647	100	10	3500311	3500866	1	553	3e-111	 409	plus	0
CP009863.1	FJ347439;cluster_I;Bradyrhizobium_sp._ORS_331	80.18	560	5298647	100	10	3500311	3500866	1	553	3e-111	 409	plus	0
CP009863.1	FJ347418;cluster_I;Bradyrhizobium_sp._ORS_277	80.25	557	5298647	97	12	3500311	3500862	1	549	3e-111	 409	plus	0
CP009863.1	AY367396;cluster_I;Raoultella_terrigena	88.86	332	5298647	37	0	3500297	3500628	1	332	3e-111	 409	plus	0
CP009863.1	AY373365;cluster_I;Bacillus_megaterium	89.69	320	5298647	33	0	3500294	3500613	1	320	3e-111	 409	plus	0
CP009863.1	GQ381290;cluster_I;Klebsiella_pneumoniae	89.87	316	5298647	31	1	3500340	3500655	17	331	4e-110	 405	plus	0
CP009863.1	FJ347424;cluster_I;Bradyrhizobium_sp._ORS_298	79.30	570	5298647	107	10	3500311	3500876	1	563	4e-110	 405	plus	0
CP009863.1	FJ032021;cluster_I;Klebsiella_sp._BN-4A	90.29	309	5298647	30	0	3500281	3500589	1	309	4e-110	 405	plus	0
CP009863.1	FJ822999;cluster_I;Stenotrophomonas_sp._gx-44	86.78	363	5298647	46	2	3500297	3500658	362	1	1e-109	 403	minus	0
CP009863.1	FJ822996;cluster_I;Kluyvera_ascorbata	86.74	362	5298647	48	0	3500297	3500658	362	1	1e-109	 403	minus	0
CP009863.1	FJ347446;cluster_I;Bradyrhizobium_sp._ORS_372	79.89	557	5298647	99	12	3500311	3500862	1	549	5e-109	 401	plus	0
CP009863.1	FJ347448;cluster_I;Bradyrhizobium_sp._ORS_377	79.82	560	5298647	102	10	3500311	3500866	1	553	5e-109	 401	plus	0
CP009863.1	FJ347438;cluster_I;Bradyrhizobium_sp._ORS_330	80.07	557	5298647	98	12	3500311	3500862	1	549	5e-109	 401	plus	0
CP009863.1	FJ347427;cluster_I;Bradyrhizobium_sp._ORS_303	79.46	560	5298647	104	10	3500311	3500866	1	553	5e-109	 401	plus	0
CP009863.1	HM047125;cluster_I;Bradyrhizobium_denitrificans	79.16	595	5298647	113	10	3500286	3500876	32	619	5e-109	 401	plus	0
CP009863.1	EF200511;cluster_I;Klebsiella_sp._TT001	90.46	304	5298647	29	0	3500327	3500630	1	304	5e-109	 401	plus	0
CP009863.1	EF200510;cluster_I;Klebsiella_sp._NTI31	90.46	304	5298647	29	0	3500327	3500630	1	304	5e-109	 401	plus	0
CP009863.1	GQ381289;cluster_I;Paenibacillus_sp._SZ002	90.00	310	5298647	30	1	3500346	3500655	19	327	2e-108	 399	plus	0
CP009863.1	FJ347445;cluster_I;Bradyrhizobium_sp._ORS_361	79.46	560	5298647	104	10	3500311	3500866	1	553	2e-108	 399	plus	0
CP009863.1	FJ347430;cluster_I;Bradyrhizobium_sp._ORS_307	79.53	557	5298647	101	12	3500311	3500862	1	549	2e-108	 399	plus	0
CP009863.1	AB542349;cluster_I;Azospirillum_sp._TSA20c	79.00	600	5298647	115	10	3500286	3500881	29	621	2e-108	 399	plus	0
CP009863.1	AB542346;cluster_I;Azospirillum_sp._TSA16	79.00	600	5298647	115	10	3500286	3500881	8	600	2e-108	 399	plus	0
CP009863.1	AB542338;cluster_I;Azospirillum_sp._TSA6c	79.00	600	5298647	115	10	3500286	3500881	29	621	2e-108	 399	plus	0
CP009863.1	AF545637;cluster_I;Pantoea_agglomerans	86.83	357	5298647	47	0	3500225	3500581	4	360	2e-108	 399	plus	0
CP009863.1	AY373366;cluster_I;Bacillus_sp._c6	88.69	327	5298647	37	0	3500294	3500620	1	327	2e-108	 399	plus	0
CP009863.1	FJ347443;cluster_I;Bradyrhizobium_sp._ORS_356	79.29	560	5298647	105	10	3500311	3500866	1	553	3e-107	 396	plus	0
CP009863.1	FJ347423;cluster_I;Bradyrhizobium_sp._ORS_297	81.88	480	5298647	76	10	3500387	3500862	77	549	3e-107	 396	plus	0
CP009863.1	FJ347421;cluster_I;Bradyrhizobium_sp._ORS_287	79.53	557	5298647	101	12	3500311	3500862	1	549	3e-107	 396	plus	0
CP009863.1	FJ347420;cluster_I;Bradyrhizobium_sp._ORS_285	79.51	571	5298647	104	12	3500311	3500876	1	563	3e-107	 396	plus	0
CP009863.1	FJ347436;cluster_I;Bradyrhizobium_sp._ORS_327	79.33	571	5298647	105	12	3500311	3500876	1	563	9e-107	 394	plus	0
CP009863.1	FJ347434;cluster_I;Bradyrhizobium_sp._ORS_318	79.32	556	5298647	104	10	3500311	3500862	1	549	9e-107	 394	plus	0
CP009863.1	FJ347422;cluster_I;Bradyrhizobium_sp._ORS_294	79.32	556	5298647	104	10	3500311	3500862	1	549	9e-107	 394	plus	0
CP009863.1	FJ032022;cluster_I;Klebsiella_sp._AF-4C	89.64	309	5298647	32	0	3500281	3500589	3	311	9e-107	 394	plus	0
CP009863.1	FJ347441;cluster_I;Bradyrhizobium_sp._ORS_344	79.17	557	5298647	103	12	3500311	3500862	1	549	3e-106	 392	plus	0
CP009863.1	FJ347426;cluster_I;Bradyrhizobium_sp._ORS_301	79.35	557	5298647	102	12	3500311	3500862	1	549	1e-105	 390	plus	0
CP009863.1	FJ347447;cluster_I;Bradyrhizobium_sp._ORS_375	78.99	557	5298647	104	12	3500311	3500862	1	549	4e-105	 388	plus	0
CP009863.1	FJ347435;cluster_I;Bradyrhizobium_sp._ORS_324	79.32	556	5298647	104	10	3500311	3500862	1	549	4e-105	 388	plus	0
CP009863.1	DQ364804;cluster_I;Klebsiella_sp._JT42	88.11	328	5298647	37	2	3500294	3500620	1	327	4e-105	 388	plus	0
CP009863.1	EU622788;cluster_I;Allochromatium_minutissimum	82.22	450	5298647	78	2	3500207	3500655	1	449	2e-104	 387	plus	0
CP009863.1	AB542360;cluster_I;Azospirillum_sp._TSH19	79.09	574	5298647	109	10	3500312	3500881	2	568	5e-104	 385	plus	0
CP009863.1	AB542367;cluster_I;Azospirillum_sp._TSH100	79.06	573	5298647	109	10	3500313	3500881	1	566	2e-103	 383	plus	0
CP009863.1	GU001618;cluster_I;Bradyrhizobium_cytisi	77.66	658	5298647	126	19	3500286	3500934	26	671	7e-103	 381	plus	0
CP009863.1	FJ347451;cluster_I;Bradyrhizobium_sp._ORS_400	78.70	568	5298647	110	10	3500311	3500874	1	561	7e-103	 381	plus	0
CP009863.1	GU001633;cluster_I;Bradyrhizobium_canariense	77.31	683	5298647	130	23	3500255	3500926	675	7	3e-102	 379	minus	0
CP009863.1	GU001626;cluster_I;Bradyrhizobium_japonicum	77.97	631	5298647	118	19	3500255	3500876	675	57	3e-101	 375	minus	0
CP009863.1	GU001631;cluster_I;Bradyrhizobium_japonicum	77.97	631	5298647	118	19	3500255	3500876	675	57	3e-101	 375	minus	0
CP009863.1	GU001628;cluster_I;Bradyrhizobium_japonicum	77.97	631	5298647	118	19	3500255	3500876	675	57	3e-101	 375	minus	0
CP009863.1	FJ347437;cluster_I;Bradyrhizobium_sp._ORS_328	78.61	561	5298647	107	12	3500311	3500866	1	553	3e-101	 375	plus	0
CP009863.1	FJ347419;cluster_I;Bradyrhizobium_sp._ORS_279	80.58	484	5298647	83	10	3500387	3500866	77	553	3e-101	 375	plus	0
CP009863.1	EF199950;cluster_I;Halorhodospira_halochloris	81.74	449	5298647	82	0	3500207	3500655	1	449	3e-101	 375	plus	0
CP009863.1	FJ347425;cluster_I;Bradyrhizobium_sp._ORS_300	78.79	561	5298647	106	12	3500311	3500866	1	553	1e-100	 374	plus	0
CP009863.1	FJ347433;cluster_I;Bradyrhizobium_sp._ORS_310	78.39	560	5298647	110	10	3500311	3500866	1	553	4e-100	 372	plus	0
CP009863.1	GQ289574;cluster_I/IA;Bradyrhizobium_japonicum	81.25	464	5298647	81	6	3500213	3500673	461	1	2e-99	 370	minus	0
CP009863.1	AB542356;cluster_I;Azospirillum_sp._TSH2	78.81	571	5298647	106	11	3500312	3500876	1	562	2e-99	 370	plus	0
CP009863.1	EU938523;cluster_I;Erwinia_sp._gx104	85.24	359	5298647	53	0	3500297	3500655	1	359	2e-99	 370	plus	0
CP009863.1	EU693339;cluster_I;Bacillus_sp._Z7	83.67	392	5298647	64	0	3500282	3500673	36	427	2e-99	 370	plus	0
CP009863.1	EU693338;cluster_I;Azotobacter_chroococcum	82.62	420	5298647	69	4	3500256	3500673	17	434	5e-99	 368	plus	0
CP009863.1	EU693340;cluster_I;Bacillus_sp._Z19	82.81	413	5298647	69	2	3500261	3500673	18	428	5e-99	 368	plus	0
CP009863.1	AB542357;cluster_I;Azospirillum_sp._TSH5	78.73	569	5298647	106	11	3500314	3500876	1	560	2e-98	 366	plus	0
CP009863.1	AB542358;cluster_I;Azospirillum_sp._TSH6	78.73	569	5298647	106	11	3500314	3500876	1	560	2e-98	 366	plus	0
CP009863.1	AB542359;cluster_I;Azospirillum_sp._TSH10	78.73	569	5298647	106	11	3500314	3500876	1	560	2e-98	 366	plus	0
CP009863.1	FJ822997;cluster_I;Pseudomonas_sp._gx-127	84.96	359	5298647	54	0	3500297	3500655	362	4	7e-98	 364	minus	0
CP009863.1	AB542361;cluster_I;Azospirillum_sp._TSH21	78.37	578	5298647	114	9	3500308	3500881	1	571	7e-98	 364	plus	0
CP009863.1	EU693341;cluster_I;Acinetobacter_sp._Z21	83.55	389	5298647	64	0	3500285	3500673	41	429	7e-98	 364	plus	0
CP009863.1	AB542347;cluster_I;Azospirillum_sp._TSA18	78.52	568	5298647	111	9	3500318	3500881	7	567	3e-97	 363	plus	0
CP009863.1	AB542337;cluster_I;Azospirillum_sp._TSA2s	78.52	568	5298647	111	9	3500318	3500881	5	565	3e-97	 363	plus	0
CP009863.1	AB542344;cluster_I;Azospirillum_sp._TSA15c	78.52	568	5298647	111	9	3500318	3500881	5	565	3e-97	 363	plus	0
CP009863.1	AB542340;cluster_I;Azospirillum_sp._TSA11	78.52	568	5298647	111	9	3500318	3500881	7	567	3e-97	 363	plus	0
CP009863.1	AB542343;cluster_I;Azospirillum_sp._TSA14w	78.52	568	5298647	111	9	3500318	3500881	9	569	3e-97	 363	plus	0
CP009863.1	EU693342;cluster_I;Bacillus_sp._Z22	82.60	408	5298647	70	1	3500267	3500673	29	436	3e-96	 359	plus	0
CP009863.1	AB542348;cluster_I;Azospirillum_sp._TSA19	78.47	562	5298647	110	9	3500324	3500881	4	558	1e-95	 357	plus	0
CP009863.1	AB542341;cluster_I;Azospirillum_sp._TSA12	78.47	562	5298647	110	9	3500324	3500881	4	558	1e-95	 357	plus	0
CP009863.1	AB542366;cluster_I;Azospirillum_sp._TSH96	78.51	563	5298647	106	11	3500318	3500874	4	557	4e-95	 355	plus	0
CP009863.1	GU001627;cluster_I;Bradyrhizobium_rifense	77.07	663	5298647	121	28	3500286	3500934	26	671	2e-94	 353	plus	0
CP009863.1	GU001619;cluster_I;Bradyrhizobium_cytisi	77.00	661	5298647	125	23	3500286	3500934	26	671	2e-94	 353	plus	0
CP009863.1	AB542364;cluster_I;Azospirillum_sp._TSH78	78.21	569	5298647	109	11	3500312	3500874	2	561	2e-93	 350	plus	0
CP009863.1	DQ821719;cluster_I;Enterobacter_sp._Y11	86.07	323	5298647	43	2	3500317	3500638	1	322	3e-92	 346	plus	0
CP009863.1	DQ821718;cluster_I;Enterobacter_sp._Y4	86.07	323	5298647	43	2	3500317	3500638	1	322	3e-92	 346	plus	0
CP009863.1	DQ821725;cluster_I;Micrococcus_sp._Y70	86.07	323	5298647	43	2	3500317	3500638	1	322	3e-92	 346	plus	0
CP009863.1	FJ822995;cluster_I;Agrobacterium_tumefaciens	83.29	359	5298647	60	0	3500297	3500655	362	4	7e-88	 331	minus	0
CP009863.1	U97116;cluster_I;Azoarcus_communis	81.20	415	5298647	70	7	3500231	3500641	1	411	9e-87	 327	plus	0
CP009863.1	GQ289580;cluster_I/IA;Bradyrhizobium_japonicum	79.31	464	5298647	90	6	3500213	3500673	461	1	2e-84	 320	minus	0
CP009863.1	EF626686;cluster_I;Azonexus_hydrophilus	83.53	340	5298647	52	4	3500309	3500646	1	338	7e-83	 315	plus	0
CP009863.1	AF484657;cluster_I;Methylobacterium_sp._xct7	79.27	463	5298647	84	11	3500302	3500760	1	455	3e-82	 313	plus	0
CP009863.1	DQ787333;cluster_I;Azospirillum_lipoferum	80.05	441	5298647	71	12	3500222	3500655	16	446	9e-82	 311	plus	0
CP009863.1	AB079621;cluster_I;Rhodobacter_azotoformans	79.61	456	5298647	76	13	3500207	3500655	13	458	9e-82	 311	plus	0
CP009863.1	FJ687518;cluster_I;Pseudomonas_sp._IPPW-3	82.14	364	5298647	61	4	3500297	3500658	1	362	3e-81	 309	plus	0
CP009863.1	DQ029203;cluster_I;Azonexus_caeni	85.10	302	5298647	45	0	3500342	3500643	6	307	3e-81	 309	plus	0
CP009863.1	EF626684;cluster_I;Azonexus_hydrophilus_DSM_23864	83.24	340	5298647	53	4	3500309	3500646	1	338	3e-81	 309	plus	0
CP009863.1	EF626685;cluster_I;Azonexus_hydrophilus	83.24	340	5298647	53	4	3500309	3500646	1	338	3e-81	 309	plus	0
CP009863.1	DQ787334;cluster_I;Azospirillum_lipoferum	79.68	438	5298647	78	9	3500222	3500655	16	446	1e-80	 307	plus	0
CP009863.1	DQ787331;cluster_I;Azospirillum_lipoferum	79.25	453	5298647	83	9	3500207	3500655	1	446	4e-80	 305	plus	0
CP009863.1	DQ787332;cluster_I;Azospirillum_lipoferum	79.68	438	5298647	78	9	3500222	3500655	16	446	4e-80	 305	plus	0
CP009863.1	GU256446;cluster_I;Azospirillum_canadense	81.36	381	5298647	62	5	3500258	3500635	1	375	6e-79	 302	plus	0
CP009863.1	AB430882;cluster_I;Azotobacter_chroococcum	83.54	322	5298647	53	0	3500317	3500638	1	322	6e-79	 302	plus	0
CP009863.1	AB161454;cluster_I;Pleomorphomonas_oryzae	79.91	423	5298647	76	6	3500208	3500627	1	417	6e-79	 302	plus	0
CP009863.1	AB079622;cluster_I;Rhodobacter_sp._AP-10	78.85	454	5298647	85	7	3500207	3500656	13	459	3e-77	 296	plus	0
CP009863.1	AY351672;cluster_I;Azotobacter_chroococcum	83.18	321	5298647	54	0	3500315	3500635	1	321	9e-77	 294	plus	0
CP009863.1	GQ503352;cluster_I;Mesorhizobium_ciceri	75.76	594	5298647	131	12	3500288	3500876	674	89	2e-74	 287	minus	0
CP009863.1	AB489139;cluster_I;Paenibacillus_abekawaensis	75.04	637	5298647	146	13	3500285	3500916	275	903	2e-73	 283	plus	0
CP009863.1	FN813553;cluster_I;Azospirillum_zeae	81.04	364	5298647	62	5	3500297	3500658	1	359	2e-73	 283	plus	0
CP009863.1	FN813552;cluster_I;Azospirillum_zeae	81.04	364	5298647	62	5	3500297	3500658	1	359	2e-73	 283	plus	0
CP009863.1	FN813561;cluster_I;Azospirillum_zeae	81.10	365	5298647	60	7	3500297	3500658	1	359	2e-73	 283	plus	0
CP009863.1	AY768690;cluster_I;Azonexus_fungiphilus	82.66	323	5298647	52	4	3500315	3500635	1	321	2e-73	 283	plus	0
CP009863.1	EF634041;cluster_I;Rhizobium_gallicum	82.26	327	5298647	57	1	3500303	3500629	326	1	7e-73	 281	minus	0
CP009863.1	EF199958;cluster_I;Thioalkalispira_microaerophila	80.90	356	5298647	68	0	3500273	3500628	28	383	7e-73	 281	plus	0
CP009863.1	DQ029204;cluster_I;Azonexus_fungiphilus	84.70	281	5298647	43	0	3500364	3500644	28	308	7e-73	 281	plus	0
CP009863.1	AB185395;cluster_I;Azospirillum_oryzae	79.51	405	5298647	74	7	3500234	3500635	10	408	3e-72	 279	plus	0
CP009863.1	AY624581;Unclassified;Gluconacetobacter_azotocaptans	75.68	584	5298647	127	14	3501240	3501814	680	1257	9e-72	 278	plus	0
CP009863.1	DQ682472;cluster_I;Azospirillum_zeae	80.66	362	5298647	61	7	3500297	3500655	2	357	3e-71	 276	plus	0
CP009863.1	FJ687521;cluster_I;Aeromonas_sp._IPPW-29	80.60	366	5298647	60	11	3500297	3500658	1	359	4e-70	 272	plus	0
CP009863.1	FJ687517;cluster_I;Pseudomonas_sp._IPPW-2	80.60	366	5298647	60	11	3500297	3500658	1	359	4e-70	 272	plus	0
CP009863.1	DQ393890;cluster_I;Azospirillum_canadense	81.07	354	5298647	56	7	3500306	3500655	351	5	4e-70	 272	minus	0
CP009863.1	DQ682471;cluster_I;Azospirillum_zeae	80.78	359	5298647	60	7	3500300	3500655	1	353	4e-70	 272	plus	0
CP009863.1	GQ161241;cluster_I;Azospirillum_brasilense	80.44	363	5298647	60	9	3500297	3500655	1	356	2e-68	 267	plus	0
CP009863.1	AB079632;cluster_I;Rhodobacter_blasticus_DSM_2131	77.53	454	5298647	89	10	3500207	3500655	13	458	7e-68	 265	plus	0
CP009863.1	AB182912;cluster_I;Pleomorphomonas_oryzae	78.73	409	5298647	78	6	3500222	3500627	5	407	7e-68	 265	plus	0
CP009863.1	GU256453;cluster_I;Azospirillum_zeae	80.76	343	5298647	59	5	3500286	3500626	37	374	1e-66	 261	plus	0
CP009863.1	EF158046;cluster_I;Azospira_restricta	84.01	269	5298647	43	0	3500378	3500646	1	269	3e-66	 259	plus	0
CP009863.1	AB182913;cluster_I;Pleomorphomonas_oryzae	78.64	398	5298647	76	6	3500233	3500627	5	396	4e-65	 255	plus	0
CP009863.1	AB182911;cluster_I;Pleomorphomonas_oryzae	78.59	397	5298647	76	6	3500233	3500626	4	394	2e-64	 254	plus	0
CP009863.1	EU386145;cluster_I;Rhizobium_sp._NGR181	76.73	477	5298647	98	11	3500377	3500848	40	508	2e-64	 254	plus	0
CP009863.1	AB182910;cluster_I;Pleomorphomonas_oryzae	78.36	402	5298647	78	6	3500222	3500620	5	400	6e-64	 252	plus	0
CP009863.1	GU256450;cluster_I;Azospirillum_melinis	80.24	339	5298647	60	5	3500286	3500622	35	368	7e-63	 248	plus	0
CP009863.1	AB079628;cluster_I;Rhodovulum_strictum	79.20	375	5298647	65	9	3500286	3500655	92	458	7e-63	 248	plus	0
CP009863.1	GQ411215;cluster_I;Bacillus_sp._SUND_LM2	87.44	215	5298647	26	1	3500294	3500508	101	314	3e-62	 246	plus	0
CP009863.1	AB079629;cluster_I;Rhodovulum_strictum	78.99	376	5298647	66	9	3500286	3500656	92	459	1e-61	 244	plus	0
CP009863.1	GU256451;cluster_I;Azospirillum_picis	80.06	341	5298647	57	7	3500286	3500622	37	370	3e-61	 243	plus	0
CP009863.1	EF620478;cluster_I;Azotobacter_chroococcum	80.12	337	5298647	52	15	3500312	3500638	1	332	2e-59	 237	plus	0
CP009863.1	GQ411209;cluster_I;Bacillus_megaterium	88.48	191	5298647	22	0	3500293	3500483	148	338	7e-58	 231	plus	0
CP009863.1	ADAF001432;cluster_I;Gluconacetobacter_diazotrophicus	80.19	308	5298647	52	6	3500297	3500601	1	302	5e-55	 222	plus	0
CP009863.1	AY079181;cluster_I;Rhizobium_tropici	76.98	391	5298647	85	5	3500492	3500881	1	387	6e-54	 219	plus	0
CP009863.1	EU697999;cluster_I;Mesorhizobium_temperatum	83.33	240	5298647	35	5	3500522	3500760	1	236	2e-53	 217	plus	0
CP009863.1	AB191042;cluster_I;Heliobacterium_gestii	71.04	1005	5298647	255	33	3501258	3502247	1017	2000	1e-51	 211	plus	0
CP009863.1	DQ407288;cluster_I;Mesorhizobium_tianshanense	78.25	331	5298647	66	6	3500549	3500876	2	329	1e-50	 207	plus	0
CP009863.1	AH000924;cluster_I;Rhizobium_sp.	76.88	385	5298647	74	10	3501644	3502016	192	573	2e-49	 204	plus	0
CP009863.1	AH000924;cluster_I;Rhizobium_sp.	86.42	81	5298647	8	3	3503012	3503090	37	116	6e-14	86.1	plus	0
CP009863.1	DQ407287;cluster_I;Mesorhizobium_tianshanense	78.12	329	5298647	65	7	3500552	3500876	4	329	6e-49	 202	plus	0
CP009863.1	DQ407295;cluster_I;Mesorhizobium_ciceri	78.15	325	5298647	65	6	3500555	3500876	1	322	6e-49	 202	plus	0
CP009863.1	GQ289582;cluster_III;Bradyrhizobium_japonicum	82.35	238	5298647	32	6	3500444	3500673	236	1	8e-48	 198	minus	0
CP009863.1	DQ315787;cluster_I;Anabaena_variabilis_ATCC_29413	72.22	684	5298647	166	19	3500207	3500879	34	704	5e-45	 189	plus	0
CP009863.1	GQ289573;cluster_III;Bradyrhizobium_japonicum	81.22	245	5298647	34	8	3500438	3500673	242	1	2e-44	 187	minus	0
CP009863.1	Z31716;cluster_I;Nostoc_sp._PCC_6720	71.24	692	5298647	179	18	3500201	3500883	554	1234	1e-35	 158	plus	0
CP009863.1	AVU89346;cluster_I;Anabaena_variabilis_ATCC_29413	71.12	689	5298647	185	12	3500201	3500883	417	1097	1e-35	 158	plus	0
CP009863.1	AB264111;cluster_I;Cyanothece_sp._SKTU126	80.28	213	5298647	39	1	3500447	3500659	150	359	1e-35	 158	plus	0
CP009863.1	DQ364798;cluster_I;Paenibacillus_sp._GJ24	75.60	332	5298647	68	9	3500294	3500620	1	324	6e-34	 152	plus	0
CP009863.1	AB264107;cluster_I;Gloeothece_sp._KO11DG	79.81	213	5298647	40	1	3500447	3500659	150	359	6e-34	 152	plus	0
CP009863.1	AB264110;cluster_I;Gloeothece_sp._KO68DGA	79.34	213	5298647	41	1	3500447	3500659	150	359	3e-32	 147	plus	0
CP009863.1	DQ364799;cluster_I;Paenibacillus_sp._GA12	75.00	332	5298647	70	9	3500294	3500620	1	324	1e-30	 141	plus	0
CP009863.1	EF560698;cluster_III;Chlorobaculum_macestae	77.63	228	5298647	45	3	3500434	3500655	222	449	2e-28	 134	plus	0
CP009863.1	AY768416;cluster_I;Lyngbya_aestuarii_PCC_7419	79.06	191	5298647	37	3	3500444	3500634	139	326	1e-26	 128	plus	0
CP009863.1	AY373370;cluster_I;Paenibacillus_massiliensis	77.91	172	5298647	35	2	3500449	3500620	138	306	2e-19	 104	plus	0
CP009863.1	NOSGLBN;cluster_I;Nostoc_sp.	78.29	129	5298647	26	2	3500201	3500328	1035	1162	8e-13	82.4	plus	0
