CP033824.1	V00631;cluster_I;Klebsiella_pneumoniae	97.01	1809	6089457	52	2	5116170	5117978	1807	1	0.0	3040	minus	0
CP033824.1	KPNNIFH;cluster_I;Klebsiella_pneumoniae	98.77	897	6089457	11	0	5116790	5117686	897	1	0.0	1596	minus	0
CP033824.1	AY242355;cluster_I;Klebsiella_pneumoniae_342	90.50	884	6089457	80	4	5116805	5117686	882	1	0.0	1164	minus	0
CP033824.1	X03916;cluster_I;Azotobacter_chroococcum	82.95	833	6089457	136	6	5116850	5117679	1174	345	0.0	 747	minus	0
CP033824.1	X13519;cluster_I;Azotobacter_vinelandii	81.92	835	6089457	141	9	5116850	5117679	1050	221	0.0	 697	minus	0
CP033824.1	FJ593867;cluster_I;Klebsiella_sp._AL060224_03	97.17	389	6089457	11	0	5117214	5117602	389	1	0.0	 658	minus	0
CP033824.1	AVIMONFE;cluster_I;Azotobacter_chroococcum	80.98	836	6089457	152	4	5116850	5117680	1077	244	0.0	 656	minus	0
CP033824.1	AB189641;cluster_I;Halorhodospira_halophila	79.26	815	6089457	165	4	5116850	5117662	1046	234	2e-158	 566	minus	0
CP033824.1	AY373369;cluster_I;Bacillus_cereus	97.55	327	6089457	8	0	5117249	5117575	331	5	1e-156	 560	minus	0
CP033824.1	AY373371;cluster_I;Bacillus_sp._w5	97.25	327	6089457	9	0	5117249	5117575	327	1	4e-155	 555	minus	0
CP033824.1	FJ032021;cluster_I;Klebsiella_sp._BN-4A	99.03	309	6089457	3	0	5117280	5117588	309	1	4e-155	 555	minus	0
CP033824.1	FJ032022;cluster_I;Klebsiella_sp._AF-4C	99.03	309	6089457	3	0	5117280	5117588	311	3	4e-155	 555	minus	0
CP033824.1	FJ593769;cluster_I;Klebsiella_sp._P0646	92.29	389	6089457	30	0	5117214	5117602	389	1	2e-154	 553	minus	0
CP033824.1	AY373365;cluster_I;Bacillus_megaterium	97.50	320	6089457	8	0	5117256	5117575	320	1	8e-153	 547	minus	0
CP033824.1	EF200511;cluster_I;Klebsiella_sp._TT001	99.01	304	6089457	3	0	5117239	5117542	304	1	3e-152	 545	minus	0
CP033824.1	EF200510;cluster_I;Klebsiella_sp._NTI31	99.01	304	6089457	3	0	5117239	5117542	304	1	3e-152	 545	minus	0
CP033824.1	GQ381287;cluster_I;Klebsiella_sp._SZ7-2	94.15	359	6089457	18	2	5117214	5117572	356	1	1e-151	 544	minus	0
CP033824.1	FJ593860;cluster_I;Klebsiella_sp._MNS_801b	91.77	389	6089457	32	0	5117214	5117602	389	1	3e-151	 542	minus	0
CP033824.1	FJ593864;cluster_I;Klebsiella_sp._MNFG_802	91.77	389	6089457	32	0	5117214	5117602	389	1	3e-151	 542	minus	0
CP033824.1	FJ593861;cluster_I;Klebsiella_sp._MNS_801a	91.77	389	6089457	32	0	5117214	5117602	389	1	3e-151	 542	minus	0
CP033824.1	FJ593862;cluster_I;Klebsiella_sp._MNW_801b	91.77	389	6089457	32	0	5117214	5117602	389	1	3e-151	 542	minus	0
CP033824.1	FJ593863;cluster_I;Klebsiella_sp._MNFG_801b	91.77	389	6089457	32	0	5117214	5117602	389	1	3e-151	 542	minus	0
CP033824.1	FJ593768;cluster_I;Klebsiella_sp._CRPV0611a	91.77	389	6089457	32	0	5117214	5117602	389	1	3e-151	 542	minus	0
CP033824.1	AJ563286;cluster_I;Dechloromonas_sp._SIUL	81.49	670	6089457	112	10	5116930	5117593	676	13	1e-150	 540	minus	0
CP033824.1	AY373366;cluster_I;Bacillus_sp._c6	96.33	327	6089457	12	0	5117249	5117575	327	1	5e-150	 538	minus	0
CP033824.1	AY221827;cluster_I;Klebsiella_oxytoca_KCTC_1686	96.33	327	6089457	12	0	5117228	5117554	327	1	5e-150	 538	minus	0
CP033824.1	FJ593866;cluster_I;Klebsiella_sp._AL060225_04	91.52	389	6089457	33	0	5117214	5117602	389	1	2e-149	 536	minus	0
CP033824.1	FJ593865;cluster_I;Klebsiella_sp._AL050511_01	91.52	389	6089457	33	0	5117214	5117602	389	1	2e-149	 536	minus	0
CP033824.1	FJ593767;cluster_I;Klebsiella_sp._P0643	91.52	389	6089457	33	0	5117214	5117602	389	1	2e-149	 536	minus	0
CP033824.1	FJ593766;cluster_I;Klebsiella_sp._P0640	91.52	389	6089457	33	0	5117214	5117602	389	1	2e-149	 536	minus	0
CP033824.1	FJ593765;cluster_I;Klebsiella_sp._P0638	91.52	389	6089457	33	0	5117214	5117602	389	1	2e-149	 536	minus	0
CP033824.1	FJ593757;cluster_I;Klebsiella_sp._CRLS069a	91.52	389	6089457	33	0	5117214	5117602	389	1	2e-149	 536	minus	0
CP033824.1	AY373368;cluster_I;Paenibacillus_sp._g2	96.02	327	6089457	13	0	5117249	5117575	327	1	2e-148	 532	minus	0
CP033824.1	FJ593760;cluster_I;Klebsiella_sp._CRLS064	91.26	389	6089457	34	0	5117214	5117602	389	1	8e-148	 531	minus	0
CP033824.1	FJ593763;cluster_I;Klebsiella_sp._CRLI0718a	91.26	389	6089457	34	0	5117214	5117602	389	1	8e-148	 531	minus	0
CP033824.1	FJ593756;cluster_I;Klebsiella_sp._CRLI0715	91.26	389	6089457	34	0	5117214	5117602	389	1	8e-148	 531	minus	0
CP033824.1	FJ593758;cluster_I;Klebsiella_sp._CRPV0610	91.26	389	6089457	34	0	5117214	5117602	389	1	8e-148	 531	minus	0
CP033824.1	FJ593759;cluster_I;Klebsiella_sp._CRLS0617	91.26	389	6089457	34	0	5117214	5117602	389	1	8e-148	 531	minus	0
CP033824.1	FJ593764;cluster_I;Klebsiella_sp._CRLI0713	91.26	389	6089457	34	0	5117214	5117602	389	1	8e-148	 531	minus	0
CP033824.1	FJ593762;cluster_I;Klebsiella_sp._CRLI0728	91.00	389	6089457	35	0	5117214	5117602	389	1	4e-146	 525	minus	0
CP033824.1	FJ593761;cluster_I;Klebsiella_sp._CRLI0730	90.75	389	6089457	36	0	5117214	5117602	389	1	2e-144	 520	minus	0
CP033824.1	DQ364804;cluster_I;Klebsiella_sp._JT42	94.21	328	6089457	17	2	5117249	5117575	327	1	2e-138	 499	minus	0
CP033824.1	EU938522;cluster_I;Burkholderia_sp._gx97	91.09	359	6089457	32	0	5117214	5117572	359	1	2e-134	 486	minus	0
CP033824.1	AY846276;cluster_I;Klebsiella_pneumoniae	89.00	391	6089457	42	1	5117280	5117669	10	400	2e-133	 483	plus	0
CP033824.1	GQ381290;cluster_I;Klebsiella_pneumoniae	93.99	316	6089457	18	1	5117214	5117529	331	17	1e-131	 477	minus	0
CP033824.1	FJ822998;cluster_I;Klebsiella_sp._gx-3	90.53	359	6089457	34	0	5117214	5117572	4	362	4e-131	 475	plus	0
CP033824.1	GQ381289;cluster_I;Paenibacillus_sp._SZ002	93.67	316	6089457	18	2	5117214	5117529	327	14	5e-130	 472	minus	0
CP033824.1	FJ822994;cluster_I;Sinorhizobium_sp._gx-153	90.49	347	6089457	33	0	5117214	5117560	4	350	4e-126	 459	plus	0
CP033824.1	AY367396;cluster_I;Raoultella_terrigena	91.57	332	6089457	28	0	5117241	5117572	332	1	4e-126	 459	minus	0
CP033824.1	AY367392;cluster_I;Klebsiella_variicola	91.07	336	6089457	30	0	5117237	5117572	337	2	5e-125	 455	minus	0
CP033824.1	FJ593772;cluster_I;Pantoea_sp._CRLI0721a	87.66	389	6089457	48	0	5117214	5117602	389	1	2e-124	 453	minus	0
CP033824.1	AY367395;cluster_I;Klebsiella_variicola	90.77	336	6089457	31	0	5117214	5117549	336	1	2e-123	 449	minus	0
CP033824.1	FJ593771;cluster_I;Pantoea_sp._CRLI0724b	87.40	389	6089457	49	0	5117214	5117602	389	1	8e-123	 448	minus	0
CP033824.1	AY367394;cluster_I;Klebsiella_variicola	90.69	333	6089457	31	0	5117240	5117572	334	2	1e-121	 444	minus	0
CP033824.1	AY367393;cluster_I;Klebsiella_variicola	90.48	336	6089457	32	0	5117214	5117549	336	1	1e-121	 444	minus	0
CP033824.1	FJ593779;cluster_I;Pantoea_sp._A0305	87.15	389	6089457	50	0	5117214	5117602	389	1	4e-121	 442	minus	0
CP033824.1	FJ593780;cluster_I;Pantoea_sp._P0352	87.15	389	6089457	50	0	5117214	5117602	389	1	4e-121	 442	minus	0
CP033824.1	FJ593778;cluster_I;Pantoea_sp._P0359	87.15	389	6089457	50	0	5117214	5117602	389	1	4e-121	 442	minus	0
CP033824.1	FJ593770;cluster_I;Pantoea_sp._CRLS062b	87.15	389	6089457	50	0	5117214	5117602	389	1	4e-121	 442	minus	0
CP033824.1	FJ822999;cluster_I;Stenotrophomonas_sp._gx-44	88.40	362	6089457	42	0	5117211	5117572	1	362	2e-119	 436	plus	0
CP033824.1	FJ593777;cluster_I;Pantoea_sp._CRLI0725a	86.89	389	6089457	51	0	5117214	5117602	389	1	2e-119	 436	minus	0
CP033824.1	AB542349;cluster_I;Azospirillum_sp._TSA20c	78.96	656	6089457	125	11	5116961	5117611	648	1	6e-119	 435	minus	0
CP033824.1	DQ821722;cluster_I;Sphingomonas_sp._Y49	90.99	322	6089457	29	0	5117231	5117552	322	1	6e-119	 435	minus	0
CP033824.1	AB542346;cluster_I;Azospirillum_sp._TSA16	79.46	628	6089457	116	11	5116961	5117583	627	8	2e-118	 433	minus	0
CP033824.1	AB542353;cluster_I;Azospirillum_sp._TSA36t	79.30	628	6089457	117	11	5116961	5117583	642	23	1e-116	 427	minus	0
CP033824.1	AB542338;cluster_I;Azospirillum_sp._TSA6c	78.80	651	6089457	125	11	5116966	5117611	643	1	4e-116	 425	minus	0
CP033824.1	DQ821723;cluster_I;Klebsiella_sp._Y57	90.37	322	6089457	31	0	5117231	5117552	322	1	1e-115	 424	minus	0
CP033824.1	EU622788;cluster_I;Allochromatium_minutissimum	83.56	450	6089457	72	2	5117214	5117662	449	1	2e-114	 420	minus	0
CP033824.1	AB270756;cluster_I;Klebsiella_pneumoniae	90.28	319	6089457	31	0	5117255	5117573	360	42	6e-114	 418	minus	0
CP033824.1	AF031817;cluster_I;Rhodobacter_sphaeroides	76.28	818	6089457	174	17	5116862	5117669	1090	283	6e-114	 418	minus	0
CP033824.1	EU622783;cluster_I;Thiocapsa_bogorovii	84.27	426	6089457	65	2	5117214	5117638	449	25	8e-113	 414	minus	0
CP033824.1	X07866;cluster_I;Rhodobacter_capsulatus_SB_1003	76.10	820	6089457	180	13	5116851	5117662	931	120	8e-113	 414	minus	0
CP033824.1	AF545637;cluster_I;Pantoea_agglomerans	87.39	357	6089457	45	0	5117288	5117644	360	4	1e-111	 411	minus	0
CP033824.1	DQ364801;cluster_I;Klebsiella_sp._BM92	89.69	320	6089457	33	0	5117256	5117575	320	1	4e-111	 409	minus	0
CP033824.1	X63352;cluster_I;Rhodobacter_capsulatus	75.98	820	6089457	181	13	5116851	5117662	2129	1318	4e-111	 409	minus	0
CP033824.1	HM047125;cluster_I;Bradyrhizobium_denitrificans	77.89	665	6089457	136	10	5116952	5117612	660	3	2e-109	 403	minus	0
CP033824.1	FJ347420;cluster_I;Bradyrhizobium_sp._ORS_285	79.65	570	6089457	105	10	5116993	5117558	563	1	6e-109	 401	minus	0
CP033824.1	FJ347418;cluster_I;Bradyrhizobium_sp._ORS_277	79.86	556	6089457	101	10	5117007	5117558	549	1	8e-108	 398	minus	0
CP033824.1	FJ347430;cluster_I;Bradyrhizobium_sp._ORS_307	79.32	556	6089457	104	10	5117007	5117558	549	1	1e-106	 394	minus	0
CP033824.1	AB542364;cluster_I;Azospirillum_sp._TSH78	79.61	569	6089457	101	13	5116995	5117557	561	2	1e-106	 394	minus	0
CP033824.1	FJ347446;cluster_I;Bradyrhizobium_sp._ORS_372	79.50	556	6089457	103	10	5117007	5117558	549	1	4e-106	 392	minus	0
CP033824.1	FJ347435;cluster_I;Bradyrhizobium_sp._ORS_324	79.50	556	6089457	103	10	5117007	5117558	549	1	4e-106	 392	minus	0
CP033824.1	AB542356;cluster_I;Azospirillum_sp._TSH2	79.51	571	6089457	102	13	5116993	5117557	562	1	4e-106	 392	minus	0
CP033824.1	FJ347436;cluster_I;Bradyrhizobium_sp._ORS_327	79.50	556	6089457	103	10	5117007	5117558	549	1	1e-105	 390	minus	0
CP033824.1	FJ347434;cluster_I;Bradyrhizobium_sp._ORS_318	79.32	556	6089457	104	10	5117007	5117558	549	1	1e-105	 390	minus	0
CP033824.1	FJ347422;cluster_I;Bradyrhizobium_sp._ORS_294	79.32	556	6089457	104	10	5117007	5117558	549	1	1e-105	 390	minus	0
CP033824.1	FJ347438;cluster_I;Bradyrhizobium_sp._ORS_330	79.33	571	6089457	105	12	5116993	5117558	563	1	5e-105	 388	minus	0
CP033824.1	FJ347427;cluster_I;Bradyrhizobium_sp._ORS_303	79.14	556	6089457	105	10	5117007	5117558	549	1	5e-105	 388	minus	0
CP033824.1	AB542357;cluster_I;Azospirillum_sp._TSH5	79.44	569	6089457	102	13	5116993	5117555	560	1	5e-105	 388	minus	0
CP033824.1	AB542358;cluster_I;Azospirillum_sp._TSH6	79.44	569	6089457	102	13	5116993	5117555	560	1	5e-105	 388	minus	0
CP033824.1	AB542359;cluster_I;Azospirillum_sp._TSH10	79.44	569	6089457	102	13	5116993	5117555	560	1	5e-105	 388	minus	0
CP033824.1	FJ347445;cluster_I;Bradyrhizobium_sp._ORS_361	79.14	556	6089457	105	10	5117007	5117558	549	1	2e-104	 387	minus	0
CP033824.1	FJ347443;cluster_I;Bradyrhizobium_sp._ORS_356	79.14	556	6089457	105	10	5117007	5117558	549	1	2e-104	 387	minus	0
CP033824.1	FJ347424;cluster_I;Bradyrhizobium_sp._ORS_298	79.14	556	6089457	105	10	5117007	5117558	549	1	2e-104	 387	minus	0
CP033824.1	AB542337;cluster_I;Azospirillum_sp._TSA2s	78.34	614	6089457	120	11	5116943	5117551	610	5	6e-104	 385	minus	0
CP033824.1	FJ347426;cluster_I;Bradyrhizobium_sp._ORS_301	78.77	570	6089457	110	10	5116993	5117558	563	1	2e-103	 383	minus	0
CP033824.1	FJ347447;cluster_I;Bradyrhizobium_sp._ORS_375	78.42	570	6089457	112	10	5116993	5117558	563	1	8e-103	 381	minus	0
CP033824.1	FJ347441;cluster_I;Bradyrhizobium_sp._ORS_344	78.42	570	6089457	112	10	5116993	5117558	563	1	8e-103	 381	minus	0
CP033824.1	FJ347423;cluster_I;Bradyrhizobium_sp._ORS_297	79.32	556	6089457	104	10	5117007	5117558	549	1	8e-103	 381	minus	0
CP033824.1	AB542360;cluster_I;Azospirillum_sp._TSH19	78.99	576	6089457	107	12	5116987	5117557	568	2	8e-103	 381	minus	0
CP033824.1	EF199951;cluster_I;Halorhodospira_halophila	81.96	449	6089457	81	0	5117214	5117662	449	1	8e-103	 381	minus	0
CP033824.1	AB542367;cluster_I;Azospirillum_sp._TSH100	78.96	575	6089457	107	12	5116987	5117556	566	1	3e-102	 379	minus	0
CP033824.1	AB542366;cluster_I;Azospirillum_sp._TSH96	79.22	563	6089457	102	13	5116995	5117551	557	4	1e-101	 377	minus	0
CP033824.1	FJ822997;cluster_I;Pseudomonas_sp._gx-127	85.56	360	6089457	50	2	5117214	5117572	4	362	4e-101	 375	plus	0
CP033824.1	GQ289562;cluster_I;Bradyrhizobium_japonicum	81.43	463	6089457	79	6	5117196	5117656	1	458	5e-100	 372	plus	0
CP033824.1	FJ347433;cluster_I;Bradyrhizobium_sp._ORS_310	78.42	556	6089457	109	10	5117007	5117558	549	1	5e-100	 372	minus	0
CP033824.1	GQ289565;cluster_I;Bradyrhizobium_japonicum	81.17	462	6089457	82	4	5117196	5117656	1	458	2e-98	 366	plus	0
CP033824.1	FJ347437;cluster_I;Bradyrhizobium_sp._ORS_328	78.46	557	6089457	107	12	5117007	5117558	549	1	2e-98	 366	minus	0
CP033824.1	AB542361;cluster_I;Azospirillum_sp._TSH21	78.45	580	6089457	111	12	5116987	5117561	571	1	2e-98	 366	minus	0
CP033824.1	AB542347;cluster_I;Azospirillum_sp._TSA18	78.60	570	6089457	108	12	5116987	5117551	567	7	8e-98	 364	minus	0
CP033824.1	AB542344;cluster_I;Azospirillum_sp._TSA15c	78.60	570	6089457	108	12	5116987	5117551	565	5	8e-98	 364	minus	0
CP033824.1	AB542340;cluster_I;Azospirillum_sp._TSA11	78.60	570	6089457	108	12	5116987	5117551	567	7	8e-98	 364	minus	0
CP033824.1	AB542343;cluster_I;Azospirillum_sp._TSA14w	78.60	570	6089457	108	12	5116987	5117551	569	9	8e-98	 364	minus	0
CP033824.1	AB542348;cluster_I;Azospirillum_sp._TSA19	78.55	564	6089457	107	12	5116987	5117545	558	4	4e-96	 359	minus	0
CP033824.1	AB542341;cluster_I;Azospirillum_sp._TSA12	78.55	564	6089457	107	12	5116987	5117545	558	4	4e-96	 359	minus	0
CP033824.1	EF199953;cluster_I;Ectothiorhodospira_shaposhnikovii	81.11	450	6089457	83	2	5117214	5117662	449	1	4e-96	 359	minus	0
CP033824.1	EF199955;cluster_I;Ectothiorhodospira_shaposhnikovii_DSM_2111	81.11	450	6089457	83	2	5117214	5117662	449	1	4e-96	 359	minus	0
CP033824.1	EF199952;cluster_I;Halorhodospira_abdelmalekii	80.89	450	6089457	84	2	5117214	5117662	449	1	2e-94	 353	minus	0
CP033824.1	EF199954;cluster_I;Ectothiorhodospira_mobilis	80.89	450	6089457	84	2	5117214	5117662	449	1	2e-94	 353	minus	0
CP033824.1	AB079624;cluster_I;Rhodopseudomonas_sp._HMD88	80.96	457	6089457	72	14	5117214	5117664	458	11	8e-93	 348	minus	0
CP033824.1	AB079625;cluster_I;Rhodopseudomonas_sp._HMD89	80.96	457	6089457	72	14	5117214	5117664	458	11	8e-93	 348	minus	0
CP033824.1	EU693339;cluster_I;Bacillus_sp._Z7	81.77	417	6089457	72	4	5117196	5117611	427	14	3e-92	 346	minus	0
CP033824.1	EU693338;cluster_I;Azotobacter_chroococcum	81.80	412	6089457	73	2	5117196	5117606	434	24	1e-91	 344	minus	0
CP033824.1	DQ787333;cluster_I;Azospirillum_lipoferum	81.32	439	6089457	69	11	5117214	5117647	446	16	1e-91	 344	minus	0
CP033824.1	GQ411215;cluster_I;Bacillus_sp._SUND_LM2	95.37	216	6089457	9	1	5117360	5117575	315	101	4e-91	 342	minus	0
CP033824.1	EU693342;cluster_I;Bacillus_sp._Z22	81.64	414	6089457	75	1	5117196	5117608	436	23	4e-91	 342	minus	0
CP033824.1	EU693341;cluster_I;Acinetobacter_sp._Z21	81.64	414	6089457	73	3	5117196	5117609	429	19	1e-90	 340	minus	0
CP033824.1	EU693340;cluster_I;Bacillus_sp._Z19	82.14	392	6089457	70	0	5117196	5117587	428	37	2e-89	 337	minus	0
CP033824.1	DQ787331;cluster_I;Azospirillum_lipoferum	80.35	453	6089457	78	9	5117214	5117662	446	1	2e-88	 333	minus	0
CP033824.1	DQ787332;cluster_I;Azospirillum_lipoferum	80.82	438	6089457	73	9	5117214	5117647	446	16	2e-88	 333	minus	0
CP033824.1	DQ787334;cluster_I;Azospirillum_lipoferum	80.59	438	6089457	74	9	5117214	5117647	446	16	3e-87	 329	minus	0
CP033824.1	AF059648;cluster_I;Marichromatium_purpuratum	84.92	325	6089457	47	2	5117228	5117551	327	4	1e-86	 327	minus	0
CP033824.1	U97116;cluster_I;Azoarcus_communis	81.11	413	6089457	74	2	5117228	5117638	411	1	1e-86	 327	minus	0
CP033824.1	GQ289571;cluster_I;Bradyrhizobium_japonicum	79.66	467	6089457	83	11	5117196	5117656	1	461	4e-86	 326	plus	0
CP033824.1	GU256446;cluster_I;Azospirillum_canadense	82.75	371	6089457	57	5	5117234	5117602	375	10	1e-85	 324	minus	0
CP033824.1	AB430882;cluster_I;Azotobacter_chroococcum	84.83	323	6089457	47	2	5117231	5117552	322	1	1e-85	 324	minus	0
CP033824.1	DQ029203;cluster_I;Azonexus_caeni	87.59	282	6089457	31	3	5117226	5117505	307	28	1e-85	 324	minus	0
CP033824.1	FJ822995;cluster_I;Agrobacterium_tumefaciens	82.73	359	6089457	62	0	5117214	5117572	4	362	2e-84	 320	plus	0
CP033824.1	AF484657;cluster_I;Methylobacterium_sp._xct7	79.57	460	6089457	82	10	5117112	5117567	452	1	6e-84	 318	minus	0
CP033824.1	AB079632;cluster_I;Rhodobacter_blasticus_DSM_2131	79.56	455	6089457	82	9	5117214	5117664	458	11	6e-84	 318	minus	0
CP033824.1	EF626686;cluster_I;Azonexus_hydrophilus	83.58	335	6089457	55	0	5117226	5117560	335	1	8e-83	 315	minus	0
CP033824.1	GQ161241;cluster_I;Azospirillum_brasilense	82.60	362	6089457	54	7	5117214	5117572	356	1	1e-81	 311	minus	0
CP033824.1	FN813553;cluster_I;Azospirillum_zeae	82.42	364	6089457	57	5	5117211	5117572	359	1	1e-81	 311	minus	0
CP033824.1	FN813552;cluster_I;Azospirillum_zeae	82.42	364	6089457	57	5	5117211	5117572	359	1	1e-81	 311	minus	0
CP033824.1	GQ411209;cluster_I;Bacillus_megaterium	95.81	191	6089457	8	0	5117386	5117576	338	148	4e-81	 309	minus	0
CP033824.1	GQ289577;cluster_I;Bradyrhizobium_japonicum	79.24	472	6089457	76	17	5117196	5117656	1	461	4e-81	 309	plus	0
CP033824.1	EF626684;cluster_I;Azonexus_hydrophilus_DSM_23864	83.28	335	6089457	56	0	5117226	5117560	335	1	4e-81	 309	minus	0
CP033824.1	EF626685;cluster_I;Azonexus_hydrophilus	83.28	335	6089457	56	0	5117226	5117560	335	1	4e-81	 309	minus	0
CP033824.1	FN813561;cluster_I;Azospirillum_zeae	82.19	365	6089457	56	7	5117211	5117572	359	1	5e-80	 305	minus	0
CP033824.1	AY768690;cluster_I;Azonexus_fungiphilus	83.95	324	6089457	46	5	5117234	5117554	321	1	5e-80	 305	minus	0
CP033824.1	DQ393890;cluster_I;Azospirillum_canadense	82.72	353	6089457	52	7	5117214	5117563	5	351	5e-80	 305	plus	0
CP033824.1	AB079622;cluster_I;Rhodobacter_sp._AP-10	79.12	455	6089457	86	7	5117213	5117664	459	11	5e-80	 305	minus	0
CP033824.1	FJ687518;cluster_I;Pseudomonas_sp._IPPW-3	81.77	362	6089457	66	0	5117211	5117572	362	1	2e-79	 303	minus	0
CP033824.1	FSU53362;cluster_I;Frankia_sp._EuIK1	71.72	1287	6089457	303	54	5115382	5116639	2530	1276	2e-79	 303	minus	0
CP033824.1	AY351672;cluster_I;Azotobacter_chroococcum	83.54	322	6089457	51	2	5117234	5117554	321	1	2e-78	 300	minus	0
CP033824.1	AB079621;cluster_I;Rhodobacter_azotoformans	78.99	457	6089457	81	13	5117214	5117664	458	11	8e-78	 298	minus	0
CP033824.1	DQ682472;cluster_I;Azospirillum_zeae	81.49	362	6089457	58	7	5117214	5117572	357	2	4e-76	 292	minus	0
CP033824.1	AB185395;cluster_I;Azospirillum_oryzae	80.00	405	6089457	72	7	5117234	5117635	408	10	1e-75	 291	minus	0
CP033824.1	DQ682471;cluster_I;Azospirillum_zeae	81.62	359	6089457	57	7	5117214	5117569	353	1	5e-75	 289	minus	0
CP033824.1	EF199958;cluster_I;Thioalkalispira_microaerophila	81.18	356	6089457	67	0	5117241	5117596	383	28	2e-74	 287	minus	0
CP033824.1	GU256453;cluster_I;Azospirillum_zeae	80.75	374	6089457	65	5	5117243	5117614	374	6	7e-74	 285	minus	0
CP033824.1	DQ029204;cluster_I;Azonexus_fungiphilus	84.64	280	6089457	43	0	5117226	5117505	307	28	3e-72	 279	minus	0
CP033824.1	AB161454;cluster_I;Pleomorphomonas_oryzae	78.91	422	6089457	82	5	5117242	5117661	417	1	3e-72	 279	minus	0
CP033824.1	EU291980;cluster_I;Sinorhizobium_chiapanecum	77.59	473	6089457	99	5	5116943	5117413	468	1	3e-72	 279	minus	0
CP033824.1	EU386145;cluster_I;Rhizobium_sp._NGR181	77.85	474	6089457	90	12	5117021	5117488	508	44	3e-72	 279	minus	0
CP033824.1	GQ503352;cluster_I;Mesorhizobium_ciceri	74.69	644	6089457	150	12	5116943	5117581	39	674	1e-70	 274	plus	0
CP033824.1	FJ687521;cluster_I;Aeromonas_sp._IPPW-29	80.60	366	6089457	60	9	5117211	5117572	359	1	5e-70	 272	minus	0
CP033824.1	FJ687517;cluster_I;Pseudomonas_sp._IPPW-2	80.60	366	6089457	60	9	5117211	5117572	359	1	5e-70	 272	minus	0
CP033824.1	EF634041;cluster_I;Rhizobium_gallicum	81.65	327	6089457	59	1	5117240	5117566	1	326	2e-69	 270	plus	0
CP033824.1	AB079628;cluster_I;Rhodovulum_strictum	77.90	457	6089457	86	13	5117214	5117664	458	11	2e-69	 270	minus	0
CP033824.1	AB079629;cluster_I;Rhodovulum_strictum	77.73	458	6089457	87	13	5117213	5117664	459	11	2e-68	 267	minus	0
CP033824.1	GU256451;cluster_I;Azospirillum_picis	81.18	340	6089457	55	7	5117247	5117583	370	37	8e-68	 265	minus	0
CP033824.1	AB191042;cluster_I;Heliobacterium_gestii	71.69	1141	6089457	265	46	5115515	5116629	2107	999	8e-68	 265	minus	0
CP033824.1	AB182912;cluster_I;Pleomorphomonas_oryzae	78.68	408	6089457	80	5	5117242	5117647	407	5	8e-68	 265	minus	0
CP033824.1	GU256450;cluster_I;Azospirillum_melinis	79.73	370	6089457	68	5	5117247	5117614	368	4	1e-66	 261	minus	0
CP033824.1	AB182913;cluster_I;Pleomorphomonas_oryzae	78.59	397	6089457	78	5	5117242	5117636	396	5	5e-65	 255	minus	0
CP033824.1	AB182911;cluster_I;Pleomorphomonas_oryzae	78.54	396	6089457	78	5	5117243	5117636	394	4	2e-64	 254	minus	0
CP033824.1	EU291983;cluster_I;Ensifer_mexicanus	76.58	474	6089457	102	7	5116943	5117413	468	1	7e-64	 252	minus	0
CP033824.1	AB182910;cluster_I;Pleomorphomonas_oryzae	78.30	401	6089457	80	5	5117249	5117647	400	5	7e-64	 252	minus	0
CP033824.1	AY079181;cluster_I;Rhizobium_tropici	77.44	430	6089457	86	9	5116943	5117368	432	10	3e-62	 246	minus	0
CP033824.1	ADAF001432;cluster_I;Gluconacetobacter_diazotrophicus	81.43	307	6089457	50	5	5117268	5117572	302	1	1e-61	 244	minus	0
CP033824.1	GQ289563;cluster_I;Bradyrhizobium_japonicum	76.07	468	6089457	98	12	5117196	5117656	1	461	9e-58	 231	plus	0
CP033824.1	DQ411938;cluster_I;Ensifer_mexicanus	76.46	429	6089457	92	7	5116943	5117368	432	10	1e-55	 224	minus	0
CP033824.1	DQ411939;cluster_I;Ensifer_mexicanus	76.46	429	6089457	92	7	5116943	5117368	432	10	1e-55	 224	minus	0
CP033824.1	AB191043;cluster_I;Heliobacterium_modesticaldum_Ice1	73.64	626	6089457	133	26	5115509	5116118	2207	1598	3e-52	 213	minus	0
CP033824.1	DQ315787;cluster_I;Anabaena_variabilis_ATCC_29413	72.46	719	6089457	177	17	5116959	5117668	734	28	1e-51	 211	minus	0
CP033824.1	EF620478;cluster_I;Azotobacter_chroococcum	78.64	337	6089457	57	15	5117231	5117557	332	1	4e-51	 209	minus	0
CP033824.1	DQ407288;cluster_I;Mesorhizobium_tianshanense	76.60	376	6089457	82	6	5116943	5117315	379	7	7e-49	 202	minus	0
CP033824.1	DQ407287;cluster_I;Mesorhizobium_tianshanense	76.52	379	6089457	82	7	5116943	5117317	379	4	2e-48	 200	minus	0
CP033824.1	DQ407295;cluster_I;Mesorhizobium_ciceri	76.53	375	6089457	82	6	5116943	5117314	372	1	2e-48	 200	minus	0
CP033824.1	EU697999;cluster_I;Mesorhizobium_temperatum	76.53	375	6089457	82	6	5116943	5117314	402	31	2e-48	 200	minus	0
CP033824.1	FJ773236;cluster_I;Nodosilinea_nodulosa_UTEX_2910	83.25	209	6089457	32	2	5117214	5117422	335	130	5e-45	 189	minus	0
CP033824.1	GQ289582;cluster_III;Bradyrhizobium_japonicum	79.42	243	6089457	44	2	5117196	5117432	1	243	2e-38	 167	plus	0
CP033824.1	GQ289573;cluster_III;Bradyrhizobium_japonicum	78.06	237	6089457	44	5	5117196	5117425	1	236	4e-31	 143	plus	0
CP033824.1	DQ364798;cluster_I;Paenibacillus_sp._GJ24	74.77	329	6089457	76	6	5117249	5117575	324	1	1e-30	 141	minus	0
CP033824.1	DQ364799;cluster_I;Paenibacillus_sp._GA12	80.34	178	6089457	32	2	5117249	5117426	324	150	9e-28	 132	minus	0
CP033824.1	AY373370;cluster_I;Paenibacillus_massiliensis	79.07	172	6089457	33	2	5117249	5117420	306	138	9e-23	 115	minus	0
