CP001891.1	V00631;cluster_I;Klebsiella_pneumoniae	88.90	1774	5458505	168	24	1728903	1730663	1803	46	0.0	2158	minus	0
CP001891.1	AY242355;cluster_I;Klebsiella_pneumoniae_342	97.85	883	5458505	17	2	1729534	1730415	882	1	0.0	1524	minus	0
CP001891.1	KPNNIFH;cluster_I;Klebsiella_pneumoniae	91.25	891	5458505	76	2	1729526	1730415	890	1	0.0	1212	minus	0
CP001891.1	X96609;cluster_I;Alcaligenes_faecalis	82.35	867	5458505	147	6	1729546	1730409	1475	612	0.0	 749	minus	0
CP001891.1	AVIMONFE;cluster_I;Azotobacter_chroococcum	82.22	838	5458505	138	8	1729579	1730409	1077	244	0.0	 712	minus	0
CP001891.1	FJ593767;cluster_I;Klebsiella_sp._P0643	98.97	389	5458505	4	0	1729943	1730331	389	1	0.0	 697	minus	0
CP001891.1	FJ593766;cluster_I;Klebsiella_sp._P0640	98.97	389	5458505	4	0	1729943	1730331	389	1	0.0	 697	minus	0
CP001891.1	FJ593765;cluster_I;Klebsiella_sp._P0638	98.97	389	5458505	4	0	1729943	1730331	389	1	0.0	 697	minus	0
CP001891.1	FJ593760;cluster_I;Klebsiella_sp._CRLS064	98.71	389	5458505	5	0	1729943	1730331	389	1	0.0	 691	minus	0
CP001891.1	FJ593763;cluster_I;Klebsiella_sp._CRLI0718a	98.71	389	5458505	5	0	1729943	1730331	389	1	0.0	 691	minus	0
CP001891.1	FJ593756;cluster_I;Klebsiella_sp._CRLI0715	98.71	389	5458505	5	0	1729943	1730331	389	1	0.0	 691	minus	0
CP001891.1	FJ593758;cluster_I;Klebsiella_sp._CRPV0610	98.71	389	5458505	5	0	1729943	1730331	389	1	0.0	 691	minus	0
CP001891.1	FJ593759;cluster_I;Klebsiella_sp._CRLS0617	98.71	389	5458505	5	0	1729943	1730331	389	1	0.0	 691	minus	0
CP001891.1	FJ593764;cluster_I;Klebsiella_sp._CRLI0713	98.71	389	5458505	5	0	1729943	1730331	389	1	0.0	 691	minus	0
CP001891.1	FJ593866;cluster_I;Klebsiella_sp._AL060225_04	98.46	389	5458505	6	0	1729943	1730331	389	1	0.0	 686	minus	0
CP001891.1	FJ593865;cluster_I;Klebsiella_sp._AL050511_01	98.46	389	5458505	6	0	1729943	1730331	389	1	0.0	 686	minus	0
CP001891.1	FJ593757;cluster_I;Klebsiella_sp._CRLS069a	98.46	389	5458505	6	0	1729943	1730331	389	1	0.0	 686	minus	0
CP001891.1	FJ593762;cluster_I;Klebsiella_sp._CRLI0728	98.20	389	5458505	7	0	1729943	1730331	389	1	0.0	 680	minus	0
CP001891.1	FJ593860;cluster_I;Klebsiella_sp._MNS_801b	97.94	389	5458505	8	0	1729943	1730331	389	1	0.0	 675	minus	0
CP001891.1	FJ593864;cluster_I;Klebsiella_sp._MNFG_802	97.94	389	5458505	8	0	1729943	1730331	389	1	0.0	 675	minus	0
CP001891.1	FJ593861;cluster_I;Klebsiella_sp._MNS_801a	97.94	389	5458505	8	0	1729943	1730331	389	1	0.0	 675	minus	0
CP001891.1	FJ593862;cluster_I;Klebsiella_sp._MNW_801b	97.94	389	5458505	8	0	1729943	1730331	389	1	0.0	 675	minus	0
CP001891.1	FJ593863;cluster_I;Klebsiella_sp._MNFG_801b	97.94	389	5458505	8	0	1729943	1730331	389	1	0.0	 675	minus	0
CP001891.1	FJ593761;cluster_I;Klebsiella_sp._CRLI0730	97.94	389	5458505	8	0	1729943	1730331	389	1	0.0	 675	minus	0
CP001891.1	X03916;cluster_I;Azotobacter_chroococcum	81.37	832	5458505	151	4	1729579	1730408	1174	345	0.0	 675	minus	0
CP001891.1	FJ593768;cluster_I;Klebsiella_sp._CRPV0611a	97.17	389	5458505	11	0	1729943	1730331	389	1	0.0	 658	minus	0
CP001891.1	FJ593769;cluster_I;Klebsiella_sp._P0646	97.17	389	5458505	11	0	1729943	1730331	389	1	0.0	 658	minus	0
CP001891.1	X13519;cluster_I;Azotobacter_vinelandii	80.91	833	5458505	153	5	1729579	1730408	1050	221	0.0	 652	minus	0
CP001891.1	AY846276;cluster_I;Klebsiella_pneumoniae	95.40	391	5458505	17	1	1730009	1730398	10	400	4e-175	 621	plus	0
CP001891.1	FJ822998;cluster_I;Klebsiella_sp._gx-3	97.49	359	5458505	9	0	1729943	1730301	4	362	7e-173	 614	plus	0
CP001891.1	EU938522;cluster_I;Burkholderia_sp._gx97	96.94	359	5458505	11	0	1729943	1730301	359	1	1e-169	 603	minus	0
CP001891.1	FJ822994;cluster_I;Sinorhizobium_sp._gx-153	97.43	350	5458505	9	0	1729943	1730292	4	353	7e-168	 597	plus	0
CP001891.1	AY367393;cluster_I;Klebsiella_variicola	98.51	336	5458505	5	0	1729943	1730278	336	1	9e-167	 593	minus	0
CP001891.1	AY367392;cluster_I;Klebsiella_variicola	98.21	336	5458505	6	0	1729966	1730301	337	2	4e-165	 588	minus	0
CP001891.1	AY367394;cluster_I;Klebsiella_variicola	98.20	333	5458505	6	0	1729969	1730301	334	2	2e-163	 582	minus	0
CP001891.1	AY367395;cluster_I;Klebsiella_variicola	97.92	336	5458505	7	0	1729943	1730278	336	1	2e-163	 582	minus	0
CP001891.1	AB189641;cluster_I;Halorhodospira_halophila	79.85	804	5458505	156	6	1729594	1730394	1031	231	2e-163	 582	minus	0
CP001891.1	DQ364801;cluster_I;Klebsiella_sp._BM92	97.50	320	5458505	8	0	1729985	1730304	320	1	7e-153	 547	minus	0
CP001891.1	DQ821722;cluster_I;Sphingomonas_sp._Y49	97.20	322	5458505	9	0	1729960	1730281	322	1	2e-152	 545	minus	0
CP001891.1	AB270756;cluster_I;Klebsiella_pneumoniae	97.49	319	5458505	8	0	1729984	1730302	360	42	2e-152	 545	minus	0
CP001891.1	FJ593867;cluster_I;Klebsiella_sp._AL060224_03	91.77	389	5458505	32	0	1729943	1730331	389	1	3e-151	 542	minus	0
CP001891.1	AJ563286;cluster_I;Dechloromonas_sp._SIUL	81.32	669	5458505	117	7	1729658	1730322	677	13	1e-149	 536	minus	0
CP001891.1	DQ821723;cluster_I;Klebsiella_sp._Y57	96.58	322	5458505	11	0	1729960	1730281	322	1	5e-149	 534	minus	0
CP001891.1	KSU32183;cluster_I;Klebsiella_sp.	94.10	339	5458505	19	1	1730027	1730364	339	1	2e-147	 529	minus	0
CP001891.1	AF031817;cluster_I;Rhodobacter_sphaeroides	77.49	822	5458505	157	21	1729591	1730398	1090	283	5e-129	 468	minus	0
CP001891.1	GQ381287;cluster_I;Klebsiella_sp._SZ7-2	89.42	359	5458505	35	2	1729943	1730301	356	1	2e-123	 449	minus	0
CP001891.1	FJ593868;cluster_I;Enterobacter_sp._MTP_050512_17	87.15	389	5458505	50	0	1729943	1730331	389	1	3e-121	 442	minus	0
CP001891.1	AY221827;cluster_I;Klebsiella_oxytoca_KCTC_1686	90.21	327	5458505	32	0	1729957	1730283	327	1	9e-117	 427	minus	0
CP001891.1	X63352;cluster_I;Rhodobacter_capsulatus	76.25	842	5458505	173	20	1729580	1730406	2132	1303	4e-115	 422	minus	0
CP001891.1	AB542353;cluster_I;Azospirillum_sp._TSA36t	79.50	600	5458505	112	9	1729717	1730312	615	23	2e-113	 416	minus	0
CP001891.1	AY373368;cluster_I;Paenibacillus_sp._g2	89.60	327	5458505	34	0	1729978	1730304	327	1	2e-113	 416	minus	0
CP001891.1	X07866;cluster_I;Rhodobacter_capsulatus_SB_1003	76.13	842	5458505	174	20	1729580	1730406	934	105	2e-113	 416	minus	0
CP001891.1	FJ593869;cluster_I;Pantoea_sp._EC080527_02	85.86	389	5458505	55	0	1729943	1730331	389	1	7e-113	 414	minus	0
CP001891.1	FJ593776;cluster_I;Pantoea_sp._CRLI0712a	85.86	389	5458505	55	0	1729943	1730331	389	1	7e-113	 414	minus	0
CP001891.1	FJ593775;cluster_I;Pantoea_sp._CRLS0621	85.86	389	5458505	55	0	1729943	1730331	389	1	7e-113	 414	minus	0
CP001891.1	FJ593773;cluster_I;Pantoea_sp._P0356	85.86	389	5458505	55	0	1729943	1730331	389	1	7e-113	 414	minus	0
CP001891.1	AY367396;cluster_I;Raoultella_terrigena	89.16	332	5458505	36	0	1729970	1730301	332	1	7e-113	 414	minus	0
CP001891.1	EU622783;cluster_I;Thiocapsa_bogorovii	84.27	426	5458505	65	2	1729943	1730367	449	25	7e-113	 414	minus	0
CP001891.1	AY373369;cluster_I;Bacillus_cereus	89.30	327	5458505	35	0	1729978	1730304	331	5	9e-112	 411	minus	0
CP001891.1	FJ593777;cluster_I;Pantoea_sp._CRLI0725a	85.60	389	5458505	56	0	1729943	1730331	389	1	3e-111	 409	minus	0
CP001891.1	FJ593779;cluster_I;Pantoea_sp._A0305	85.60	389	5458505	56	0	1729943	1730331	389	1	3e-111	 409	minus	0
CP001891.1	FJ593780;cluster_I;Pantoea_sp._P0352	85.60	389	5458505	56	0	1729943	1730331	389	1	3e-111	 409	minus	0
CP001891.1	FJ593778;cluster_I;Pantoea_sp._P0359	85.60	389	5458505	56	0	1729943	1730331	389	1	3e-111	 409	minus	0
CP001891.1	FJ593774;cluster_I;Pantoea_sp._A0310	85.60	389	5458505	56	0	1729943	1730331	389	1	3e-111	 409	minus	0
CP001891.1	AY373371;cluster_I;Bacillus_sp._w5	88.99	327	5458505	36	0	1729978	1730304	327	1	4e-110	 405	minus	0
CP001891.1	EF199951;cluster_I;Halorhodospira_halophila	82.85	449	5458505	77	0	1729943	1730391	449	1	2e-109	 403	minus	0
CP001891.1	EF200511;cluster_I;Klebsiella_sp._TT001	90.46	304	5458505	29	0	1729968	1730271	304	1	6e-109	 401	minus	0
CP001891.1	EF200510;cluster_I;Klebsiella_sp._NTI31	90.46	304	5458505	29	0	1729968	1730271	304	1	6e-109	 401	minus	0
CP001891.1	FJ822999;cluster_I;Stenotrophomonas_sp._gx-44	86.50	363	5458505	47	2	1729940	1730301	1	362	7e-108	 398	plus	0
CP001891.1	FJ347449;cluster_I;Bradyrhizobium_sp._ORS_391	79.79	559	5458505	104	8	1729732	1730287	553	1	7e-108	 398	minus	0
CP001891.1	FJ347439;cluster_I;Bradyrhizobium_sp._ORS_331	79.79	559	5458505	104	8	1729732	1730287	553	1	7e-108	 398	minus	0
CP001891.1	AY373365;cluster_I;Bacillus_megaterium	89.06	320	5458505	35	0	1729985	1730304	320	1	7e-108	 398	minus	0
CP001891.1	HM047125;cluster_I;Bradyrhizobium_denitrificans	78.96	594	5458505	116	8	1729722	1730312	619	32	3e-107	 396	minus	0
CP001891.1	AF545637;cluster_I;Pantoea_agglomerans	86.55	357	5458505	48	0	1730017	1730373	360	4	9e-107	 394	minus	0
CP001891.1	GQ381290;cluster_I;Klebsiella_pneumoniae	88.79	321	5458505	34	2	1729943	1730263	331	13	3e-106	 392	minus	0
CP001891.1	FJ822996;cluster_I;Kluyvera_ascorbata	86.19	362	5458505	50	0	1729940	1730301	1	362	3e-106	 392	plus	0
CP001891.1	FJ347448;cluster_I;Bradyrhizobium_sp._ORS_377	79.43	559	5458505	106	8	1729732	1730287	553	1	1e-105	 390	minus	0
CP001891.1	FJ347438;cluster_I;Bradyrhizobium_sp._ORS_330	79.71	557	5458505	100	12	1729736	1730287	549	1	1e-105	 390	minus	0
CP001891.1	AB542360;cluster_I;Azospirillum_sp._TSH19	79.27	574	5458505	108	10	1729717	1730286	568	2	1e-105	 390	minus	0
CP001891.1	FJ347445;cluster_I;Bradyrhizobium_sp._ORS_361	79.11	560	5458505	106	10	1729732	1730287	553	1	4e-105	 388	minus	0
CP001891.1	FJ347430;cluster_I;Bradyrhizobium_sp._ORS_307	79.17	557	5458505	103	12	1729736	1730287	549	1	4e-105	 388	minus	0
CP001891.1	AB542367;cluster_I;Azospirillum_sp._TSH100	79.23	573	5458505	108	10	1729717	1730285	566	1	4e-105	 388	minus	0
CP001891.1	AB542349;cluster_I;Azospirillum_sp._TSA20c	78.67	600	5458505	117	9	1729717	1730312	621	29	4e-105	 388	minus	0
CP001891.1	AB542346;cluster_I;Azospirillum_sp._TSA16	78.67	600	5458505	117	9	1729717	1730312	600	8	4e-105	 388	minus	0
CP001891.1	AB542338;cluster_I;Azospirillum_sp._TSA6c	78.67	600	5458505	117	9	1729717	1730312	621	29	4e-105	 388	minus	0
CP001891.1	FJ347446;cluster_I;Bradyrhizobium_sp._ORS_372	79.35	557	5458505	102	12	1729736	1730287	549	1	2e-104	 387	minus	0
CP001891.1	FJ347434;cluster_I;Bradyrhizobium_sp._ORS_318	79.14	556	5458505	105	10	1729736	1730287	549	1	2e-104	 387	minus	0
CP001891.1	FJ347422;cluster_I;Bradyrhizobium_sp._ORS_294	79.14	556	5458505	105	10	1729736	1730287	549	1	2e-104	 387	minus	0
CP001891.1	FJ347424;cluster_I;Bradyrhizobium_sp._ORS_298	78.77	570	5458505	110	10	1729722	1730287	563	1	2e-104	 387	minus	0
CP001891.1	GQ381289;cluster_I;Paenibacillus_sp._SZ002	88.47	321	5458505	34	3	1729943	1730263	327	10	6e-104	 385	minus	0
CP001891.1	FJ347443;cluster_I;Bradyrhizobium_sp._ORS_356	78.93	560	5458505	107	10	1729732	1730287	553	1	6e-104	 385	minus	0
CP001891.1	FJ347427;cluster_I;Bradyrhizobium_sp._ORS_303	78.93	560	5458505	107	10	1729732	1730287	553	1	2e-103	 383	minus	0
CP001891.1	DQ364804;cluster_I;Klebsiella_sp._JT42	87.80	328	5458505	38	2	1729978	1730304	327	1	2e-103	 383	minus	0
CP001891.1	FJ347436;cluster_I;Bradyrhizobium_sp._ORS_327	78.98	571	5458505	107	12	1729722	1730287	563	1	7e-103	 381	minus	0
CP001891.1	FJ347418;cluster_I;Bradyrhizobium_sp._ORS_277	79.35	557	5458505	102	12	1729736	1730287	549	1	7e-103	 381	minus	0
CP001891.1	FJ347420;cluster_I;Bradyrhizobium_sp._ORS_285	78.98	571	5458505	107	12	1729722	1730287	563	1	3e-102	 379	minus	0
CP001891.1	FJ347441;cluster_I;Bradyrhizobium_sp._ORS_344	78.64	557	5458505	106	12	1729736	1730287	549	1	9e-102	 377	minus	0
CP001891.1	FJ347423;cluster_I;Bradyrhizobium_sp._ORS_297	79.17	557	5458505	103	12	1729736	1730287	549	1	9e-102	 377	minus	0
CP001891.1	GU001626;cluster_I;Bradyrhizobium_japonicum	78.04	633	5458505	114	22	1729722	1730343	57	675	3e-101	 375	plus	0
CP001891.1	GU001618;cluster_I;Bradyrhizobium_cytisi	77.58	660	5458505	123	22	1729664	1730312	671	26	3e-101	 375	minus	0
CP001891.1	GU001631;cluster_I;Bradyrhizobium_japonicum	78.04	633	5458505	114	22	1729722	1730343	57	675	3e-101	 375	plus	0
CP001891.1	GU001628;cluster_I;Bradyrhizobium_japonicum	78.04	633	5458505	114	22	1729722	1730343	57	675	3e-101	 375	plus	0
CP001891.1	EU622788;cluster_I;Allochromatium_minutissimum	81.78	450	5458505	80	2	1729943	1730391	449	1	3e-101	 375	minus	0
CP001891.1	GU001633;cluster_I;Bradyrhizobium_canariense	77.23	685	5458505	127	26	1729672	1730343	7	675	1e-100	 374	plus	0
CP001891.1	FJ347447;cluster_I;Bradyrhizobium_sp._ORS_375	78.46	557	5458505	107	12	1729736	1730287	549	1	1e-100	 374	minus	0
CP001891.1	FJ347426;cluster_I;Bradyrhizobium_sp._ORS_301	78.82	557	5458505	105	12	1729736	1730287	549	1	1e-100	 374	minus	0
CP001891.1	FJ347421;cluster_I;Bradyrhizobium_sp._ORS_287	78.82	557	5458505	105	12	1729736	1730287	549	1	1e-100	 374	minus	0
CP001891.1	FJ347433;cluster_I;Bradyrhizobium_sp._ORS_310	78.39	560	5458505	110	10	1729732	1730287	553	1	4e-100	 372	minus	0
CP001891.1	FJ347435;cluster_I;Bradyrhizobium_sp._ORS_324	78.78	556	5458505	107	10	1729736	1730287	549	1	2e-99	 370	minus	0
CP001891.1	EU938523;cluster_I;Erwinia_sp._gx104	85.24	359	5458505	53	0	1729943	1730301	359	1	2e-99	 370	minus	0
CP001891.1	FJ347437;cluster_I;Bradyrhizobium_sp._ORS_328	78.43	561	5458505	108	12	1729732	1730287	553	1	6e-99	 368	minus	0
CP001891.1	FJ347425;cluster_I;Bradyrhizobium_sp._ORS_300	78.61	561	5458505	107	12	1729732	1730287	553	1	2e-98	 366	minus	0
CP001891.1	EU693339;cluster_I;Bacillus_sp._Z7	83.42	392	5458505	65	0	1729925	1730316	427	36	7e-98	 364	minus	0
CP001891.1	FJ347451;cluster_I;Bradyrhizobium_sp._ORS_400	78.17	568	5458505	113	10	1729724	1730287	561	1	3e-97	 363	minus	0
CP001891.1	EU693340;cluster_I;Bacillus_sp._Z19	82.57	413	5458505	70	2	1729925	1730337	428	18	3e-97	 363	minus	0
CP001891.1	FJ347419;cluster_I;Bradyrhizobium_sp._ORS_279	78.07	561	5458505	110	12	1729732	1730287	553	1	3e-96	 359	minus	0
CP001891.1	AB542356;cluster_I;Azospirillum_sp._TSH2	78.46	571	5458505	108	11	1729722	1730286	562	1	3e-96	 359	minus	0
CP001891.1	EU693338;cluster_I;Azotobacter_chroococcum	82.41	415	5458505	70	3	1729925	1730337	434	21	3e-96	 359	minus	0
CP001891.1	EU693341;cluster_I;Acinetobacter_sp._Z21	83.29	389	5458505	65	0	1729925	1730313	429	41	3e-96	 359	minus	0
CP001891.1	AB542364;cluster_I;Azospirillum_sp._TSH78	78.38	569	5458505	108	11	1729724	1730286	561	2	4e-95	 355	minus	0
CP001891.1	AB542357;cluster_I;Azospirillum_sp._TSH5	78.38	569	5458505	108	11	1729722	1730284	560	1	4e-95	 355	minus	0
CP001891.1	AB542358;cluster_I;Azospirillum_sp._TSH6	78.38	569	5458505	108	11	1729722	1730284	560	1	4e-95	 355	minus	0
CP001891.1	AB542359;cluster_I;Azospirillum_sp._TSH10	78.38	569	5458505	108	11	1729722	1730284	560	1	4e-95	 355	minus	0
CP001891.1	GU001627;cluster_I;Bradyrhizobium_rifense	77.04	662	5458505	123	25	1729664	1730312	671	26	2e-94	 353	minus	0
CP001891.1	EU693342;cluster_I;Bacillus_sp._Z22	82.35	408	5458505	71	1	1729925	1730331	436	29	2e-94	 353	minus	0
CP001891.1	AB542366;cluster_I;Azospirillum_sp._TSH96	78.33	563	5458505	107	11	1729724	1730280	557	4	2e-93	 350	minus	0
CP001891.1	GU001619;cluster_I;Bradyrhizobium_cytisi	76.92	663	5458505	122	26	1729664	1730312	671	26	7e-93	 348	minus	0
CP001891.1	GQ289574;cluster_I/IA;Bradyrhizobium_japonicum	80.39	464	5458505	85	6	1729925	1730385	1	461	7e-93	 348	plus	0
CP001891.1	FJ822997;cluster_I;Pseudomonas_sp._gx-127	84.12	359	5458505	57	0	1729943	1730301	4	362	7e-93	 348	plus	0
CP001891.1	AB542361;cluster_I;Azospirillum_sp._TSH21	77.99	568	5458505	114	9	1729717	1730280	571	11	3e-92	 346	minus	0
CP001891.1	AB542347;cluster_I;Azospirillum_sp._TSA18	77.99	568	5458505	114	9	1729717	1730280	567	7	3e-92	 346	minus	0
CP001891.1	AB542337;cluster_I;Azospirillum_sp._TSA2s	77.99	568	5458505	114	9	1729717	1730280	565	5	3e-92	 346	minus	0
CP001891.1	AB542344;cluster_I;Azospirillum_sp._TSA15c	77.99	568	5458505	114	9	1729717	1730280	565	5	3e-92	 346	minus	0
CP001891.1	AB542340;cluster_I;Azospirillum_sp._TSA11	77.99	568	5458505	114	9	1729717	1730280	567	7	3e-92	 346	minus	0
CP001891.1	AB542343;cluster_I;Azospirillum_sp._TSA14w	77.99	568	5458505	114	9	1729717	1730280	569	9	3e-92	 346	minus	0
CP001891.1	DQ821718;cluster_I;Enterobacter_sp._Y4	86.07	323	5458505	43	2	1729960	1730281	322	1	3e-92	 346	minus	0
CP001891.1	AB542348;cluster_I;Azospirillum_sp._TSA19	77.94	562	5458505	113	9	1729717	1730274	558	4	1e-90	 340	minus	0
CP001891.1	AB542341;cluster_I;Azospirillum_sp._TSA12	77.94	562	5458505	113	9	1729717	1730274	558	4	1e-90	 340	minus	0
CP001891.1	DQ821725;cluster_I;Micrococcus_sp._Y70	85.45	323	5458505	45	2	1729960	1730281	322	1	6e-89	 335	minus	0
CP001891.1	DQ821719;cluster_I;Enterobacter_sp._Y11	85.14	323	5458505	46	2	1729960	1730281	322	1	3e-87	 329	minus	0
CP001891.1	FJ822995;cluster_I;Agrobacterium_tumefaciens	83.01	359	5458505	61	0	1729943	1730301	4	362	3e-86	 326	plus	0
CP001891.1	U97116;cluster_I;Azoarcus_communis	80.68	414	5458505	74	5	1729957	1730367	411	1	2e-83	 316	minus	0
CP001891.1	GQ289580;cluster_I/IA;Bradyrhizobium_japonicum	79.09	464	5458505	91	6	1729925	1730385	1	461	7e-83	 315	plus	0
CP001891.1	FJ687522;cluster_I;Aeromonas_sp._IPPW-33a	82.37	363	5458505	62	2	1729940	1730301	362	1	7e-83	 315	minus	0
CP001891.1	AF484657;cluster_I;Methylobacterium_sp._xct7	79.35	460	5458505	83	11	1729841	1730296	452	1	3e-82	 313	minus	0
CP001891.1	AB079621;cluster_I;Rhodobacter_azotoformans	79.61	456	5458505	76	13	1729943	1730391	458	13	1e-81	 311	minus	0
CP001891.1	DQ787333;cluster_I;Azospirillum_lipoferum	79.82	441	5458505	72	12	1729943	1730376	446	16	4e-80	 305	minus	0
CP001891.1	EF626686;cluster_I;Azonexus_hydrophilus	82.89	339	5458505	56	2	1729952	1730289	338	1	2e-79	 303	minus	0
CP001891.1	AB161454;cluster_I;Pleomorphomonas_oryzae	79.91	423	5458505	76	5	1729971	1730390	417	1	6e-79	 302	minus	0
CP001891.1	DQ787331;cluster_I;Azospirillum_lipoferum	79.03	453	5458505	84	9	1729943	1730391	446	1	2e-78	 300	minus	0
CP001891.1	DQ787334;cluster_I;Azospirillum_lipoferum	79.45	438	5458505	79	9	1729943	1730376	446	16	2e-78	 300	minus	0
CP001891.1	DQ787332;cluster_I;Azospirillum_lipoferum	79.45	438	5458505	79	9	1729943	1730376	446	16	2e-78	 300	minus	0
CP001891.1	DQ029203;cluster_I;Azonexus_caeni	84.44	302	5458505	47	0	1729955	1730256	307	6	7e-78	 298	minus	0
CP001891.1	EF626684;cluster_I;Azonexus_hydrophilus_DSM_23864	82.60	339	5458505	57	2	1729952	1730289	338	1	7e-78	 298	minus	0
CP001891.1	EF626685;cluster_I;Azonexus_hydrophilus	82.60	339	5458505	57	2	1729952	1730289	338	1	7e-78	 298	minus	0
CP001891.1	V01215;cluster_I;Sinorhizobium_meliloti	77.41	518	5458505	102	14	1729897	1730408	677	169	1e-76	 294	minus	0
CP001891.1	AB489139;cluster_I;Paenibacillus_abekawaensis	78.08	479	5458505	92	11	1729682	1730155	903	433	1e-75	 291	minus	0
CP001891.1	FJ687521;cluster_I;Aeromonas_sp._IPPW-29	81.10	365	5458505	60	8	1729940	1730301	359	1	2e-73	 283	minus	0
CP001891.1	FJ687517;cluster_I;Pseudomonas_sp._IPPW-2	81.10	365	5458505	60	8	1729940	1730301	359	1	2e-73	 283	minus	0
CP001891.1	AY768690;cluster_I;Azonexus_fungiphilus	82.61	322	5458505	54	2	1729963	1730283	321	1	2e-73	 283	minus	0
CP001891.1	GU256446;cluster_I;Azospirillum_canadense	80.42	378	5458505	65	5	1729963	1730337	375	4	3e-72	 279	minus	0
CP001891.1	FJ643446;cluster_I;Sinorhizobium_meliloti	76.07	560	5458505	120	13	1729838	1730391	187	738	3e-72	 279	plus	0
CP001891.1	AB430882;cluster_I;Azotobacter_chroococcum	82.30	322	5458505	57	0	1729960	1730281	322	1	3e-72	 279	minus	0
CP001891.1	AB079622;cluster_I;Rhodobacter_sp._AP-10	78.19	454	5458505	88	7	1729942	1730391	459	13	3e-72	 279	minus	0
CP001891.1	FN813553;cluster_I;Azospirillum_zeae	80.77	364	5458505	63	5	1729940	1730301	359	1	1e-71	 278	minus	0
CP001891.1	FN813552;cluster_I;Azospirillum_zeae	80.77	364	5458505	63	5	1729940	1730301	359	1	1e-71	 278	minus	0
CP001891.1	FN813561;cluster_I;Azospirillum_zeae	80.82	365	5458505	61	7	1729940	1730301	359	1	1e-71	 278	minus	0
CP001891.1	AY624581;Unclassified;Gluconacetobacter_azotocaptans	75.73	585	5458505	125	16	1728784	1729358	1257	680	1e-71	 278	minus	0
CP001891.1	AY351672;cluster_I;Azotobacter_chroococcum	82.24	321	5458505	57	0	1729963	1730283	321	1	1e-71	 278	minus	0
CP001891.1	GQ503352;cluster_I;Mesorhizobium_ciceri	78.60	430	5458505	83	9	1729722	1730148	89	512	4e-71	 276	plus	0
CP001891.1	EF634041;cluster_I;Rhizobium_gallicum	81.96	327	5458505	58	1	1729969	1730295	1	326	4e-71	 276	plus	0
CP001891.1	DQ682472;cluster_I;Azospirillum_zeae	80.66	362	5458505	61	7	1729943	1730301	357	2	4e-71	 276	minus	0
CP001891.1	GQ161241;cluster_I;Azospirillum_brasilense	80.72	363	5458505	59	8	1729943	1730301	356	1	5e-70	 272	minus	0
CP001891.1	DQ682471;cluster_I;Azospirillum_zeae	80.78	359	5458505	60	7	1729943	1730298	353	1	5e-70	 272	minus	0
CP001891.1	DQ029204;cluster_I;Azonexus_fungiphilus	83.99	281	5458505	45	0	1729954	1730234	308	28	2e-69	 270	minus	0
CP001891.1	AB182912;cluster_I;Pleomorphomonas_oryzae	78.97	409	5458505	77	5	1729971	1730376	407	5	2e-69	 270	minus	0
CP001891.1	DQ413016;cluster_I;Sinorhizobium_meliloti	77.17	473	5458505	99	8	1729838	1730307	513	47	2e-68	 267	minus	0
CP001891.1	EU252599;cluster_I;Sinorhizobium_meliloti	77.17	473	5458505	99	8	1729838	1730307	505	39	2e-68	 267	minus	0
CP001891.1	EF158046;cluster_I;Azospira_restricta	84.39	269	5458505	42	0	1729952	1730220	269	1	8e-68	 265	minus	0
CP001891.1	AY934874;cluster_I;Sinorhizobium_sp._CCBAU_33036A	77.05	475	5458505	98	10	1729837	1730307	522	55	3e-67	 263	minus	0
CP001891.1	GU256453;cluster_I;Azospirillum_zeae	80.76	343	5458505	59	5	1729972	1730312	374	37	1e-66	 261	minus	0
CP001891.1	AB182913;cluster_I;Pleomorphomonas_oryzae	78.89	398	5458505	75	5	1729971	1730365	396	5	1e-66	 261	minus	0
CP001891.1	EF199958;cluster_I;Thioalkalispira_microaerophila	79.78	356	5458505	72	0	1729970	1730325	383	28	4e-66	 259	minus	0
CP001891.1	AB182911;cluster_I;Pleomorphomonas_oryzae	78.84	397	5458505	75	5	1729972	1730365	394	4	4e-66	 259	minus	0
CP001891.1	AB185395;cluster_I;Azospirillum_oryzae	78.52	405	5458505	78	7	1729963	1730364	408	10	1e-65	 257	minus	0
CP001891.1	AB182910;cluster_I;Pleomorphomonas_oryzae	78.61	402	5458505	77	5	1729978	1730376	400	5	1e-65	 257	minus	0
CP001891.1	EF153400;cluster_I;Sinorhizobium_meliloti	78.26	414	5458505	81	8	1729897	1730307	447	40	1e-65	 257	minus	0
CP001891.1	AY934877;cluster_I;Sinorhizobium_sp._CCBAU_53044B	78.26	414	5458505	81	8	1729897	1730307	463	56	1e-65	 257	minus	0
CP001891.1	EU707160;cluster_I;Sinorhizobium_meliloti	78.26	414	5458505	81	8	1729897	1730307	425	18	1e-65	 257	minus	0
CP001891.1	EU252600;cluster_I;Sinorhizobium_sp._CCBAU_83317	78.26	414	5458505	81	8	1729897	1730307	447	40	1e-65	 257	minus	0
CP001891.1	DQ393890;cluster_I;Azospirillum_canadense	80.34	351	5458505	58	7	1729943	1730289	5	348	5e-65	 255	plus	0
CP001891.1	EU386145;cluster_I;Rhizobium_sp._NGR181	79.03	391	5458505	69	11	1729832	1730217	426	44	5e-65	 255	minus	0
CP001891.1	AB079632;cluster_I;Rhodobacter_blasticus_DSM_2131	77.09	454	5458505	91	10	1729943	1730391	458	13	2e-64	 254	minus	0
CP001891.1	EF070145;cluster_I;Sinorhizobium_meliloti	78.02	414	5458505	82	8	1729897	1730307	416	9	6e-64	 252	minus	0
CP001891.1	EU418418;cluster_I;Sinorhizobium_meliloti	78.02	414	5458505	82	8	1729897	1730307	441	34	6e-64	 252	minus	0
CP001891.1	GU256450;cluster_I;Azospirillum_melinis	79.94	339	5458505	61	5	1729976	1730312	368	35	4e-61	 243	minus	0
CP001891.1	GU256451;cluster_I;Azospirillum_picis	79.77	341	5458505	58	7	1729976	1730312	370	37	2e-59	 237	minus	0
CP001891.1	AB191042;cluster_I;Heliobacterium_gestii	71.41	1025	5458505	253	36	1728351	1729358	2000	999	2e-58	 233	minus	0
CP001891.1	AB079628;cluster_I;Rhodovulum_strictum	76.43	454	5458505	94	9	1729943	1730391	458	13	2e-58	 233	minus	0
CP001891.1	AY079181;cluster_I;Rhizobium_tropici	77.49	391	5458505	83	5	1729717	1730106	387	1	3e-57	 230	minus	0
CP001891.1	AB079629;cluster_I;Rhodovulum_strictum	76.26	455	5458505	95	9	1729942	1730391	459	13	3e-57	 230	minus	0
CP001891.1	EF620478;cluster_I;Azotobacter_chroococcum	79.53	337	5458505	54	15	1729960	1730286	332	1	4e-56	 226	minus	0
CP001891.1	ADAF001432;cluster_I;Gluconacetobacter_diazotrophicus	80.19	308	5458505	52	5	1729997	1730301	302	1	5e-55	 222	minus	0
CP001891.1	DQ315787;cluster_I;Anabaena_variabilis_ATCC_29413	73.03	686	5458505	157	23	1729719	1730391	704	34	2e-53	 217	minus	0
CP001891.1	EU697999;cluster_I;Mesorhizobium_temperatum	85.78	204	5458505	27	2	1729841	1730043	233	31	8e-53	 215	minus	0
CP001891.1	DQ407288;cluster_I;Mesorhizobium_tianshanense	78.48	330	5458505	67	4	1729722	1730049	329	2	3e-52	 213	minus	0
CP001891.1	EU177583;cluster_I;Sinorhizobium_meliloti	74.55	554	5458505	108	26	1729838	1730385	231	757	1e-51	 211	plus	0
CP001891.1	DQ407287;cluster_I;Mesorhizobium_tianshanense	78.35	328	5458505	66	5	1729722	1730046	329	4	1e-50	 207	minus	0
CP001891.1	DQ407295;cluster_I;Mesorhizobium_ciceri	78.40	324	5458505	66	4	1729722	1730043	322	1	1e-50	 207	minus	0
CP001891.1	AH000924;cluster_I;Rhizobium_sp.	74.44	489	5458505	112	12	1728382	1728864	773	292	8e-48	 198	minus	0
CP001891.1	GQ289582;cluster_III;Bradyrhizobium_japonicum	82.08	240	5458505	29	10	1729925	1730154	1	236	4e-46	 193	plus	0
CP001891.1	GQ289573;cluster_III;Bradyrhizobium_japonicum	80.74	244	5458505	37	6	1729925	1730160	1	242	8e-43	 182	plus	0
CP001891.1	Z31716;cluster_I;Nostoc_sp._PCC_6720	71.90	694	5458505	171	22	1729715	1730397	1234	554	3e-42	 180	minus	0
CP001891.1	AVU89346;cluster_I;Anabaena_variabilis_ATCC_29413	71.78	691	5458505	177	16	1729715	1730397	1097	417	3e-42	 180	minus	0
CP001891.1	FJ712276;cluster_I;Rhizobium_petrolearium	76.08	301	5458505	65	6	1730009	1730307	331	36	2e-33	 150	minus	0
CP001891.1	AY221823;cluster_III;Desulfotomaculum_nigrificans_DSM_574	75.32	312	5458505	77	0	1729843	1730154	462	151	2e-33	 150	minus	0
CP001891.1	EF560698;cluster_III;Chlorobaculum_macestae	87.50	104	5458505	13	0	1729943	1730046	449	346	2e-24	 121	minus	0
CP001891.1	DQ364798;cluster_I;Paenibacillus_sp._GJ24	79.53	171	5458505	32	2	1729978	1730148	324	157	6e-24	 119	minus	0
CP001891.1	DQ364799;cluster_I;Paenibacillus_sp._GA12	78.95	171	5458505	33	2	1729978	1730148	324	157	3e-22	 113	minus	0
CP001891.1	AY373370;cluster_I;Paenibacillus_massiliensis	76.61	171	5458505	37	2	1729978	1730148	306	139	1e-15	91.6	minus	0
CP001891.1	NOSGLBN;cluster_I;Nostoc_sp.	77.12	153	5458505	30	5	1730247	1730397	1184	1035	2e-13	84.2	minus	0
CP001891.1	RHMNIFHA;cluster_I;Sinorhizobium_meliloti	92.68	41	5458505	3	0	1730267	1730307	44	4	4e-06	60.2	minus	0
